29382
2186
1 2 95 36
2 14 23 35
2 14 53 40
8 12 15 26
4 12 23 12
7 12 43 10
4 12 69 34
7 10 1 26
7 10 3 35
5 10 3 43
5 10 13 8
2 10 13 37
8 10 23 20
3 10 31 17
3 10 37 47
7 10 43 26
4 10 45 5
7 14 51 5
2 10 55 29
1 10 75 46
7 10 79 40
6 10 79 46
2 8 1 17
6 12 37 15
1 8 1 15
4 10 73 14
6 8 3 4
1 8 5 34
4 8 3 34
3 8 13 45
4 10 47 47
7 8 15 22
6 8 15 31
4 8 17 39
7 8 23 27
2 8 25 23
3 10 51 22
6 8 25 32
1 8 29 30
4 10 37 27
7 8 31 2
6 8 33 8
5 10 35 9
8 8 53 40
2 14 71 38
6 8 59 29
2 8 61 39
1 8 63 6
5 8 65 28
6 8 65 47
4 8 63 48
5 8 63 48
6 8 67 26
7 8 73 15
5 8 73 14
2 10 77 17
3 8 71 14
5 8 77 5
4 8 81 24
2 7 13 50
7 8 9 49
2 8 45 51
6 7 19 65
4 7 21 66
6 7 34 84
1 7 47 50
8 7 58 69
8 7 64 58
2 11 65 54
2 7 76 54
5 6 1 3
7 8 35 1
5 10 37 2
6 8 33 3
7 6 1 14
2 8 23 15
5 8 23 13
5 6 1 32
2 8 61 33
2 6 1 47
4 8 11 46
6 8 13 46
7 6 2 84
6 6 3 24
5 8 5 24
3 8 29 23
7 8 55 25
4 8 51 24
3 6 3 32
2 10 39 31
8 6 3 41
4 8 41 40
5 8 41 41
4 10 67 43
6 6 3 42
8 8 49 42
1 6 3 40
3 8 1 41
7 8 47 38
4 6 5 34
6 10 47 34
4 6 7 2
6 10 7 1
2 8 71 5
7 6 7 14
7 10 15 13
6 8 75 12
7 6 7 27
1 8 5 29
4 8 9 27
4 8 17 29
4 8 25 31
7 8 29 25
8 8 51 23
8 6 7 36
8 12 43 37
7 8 27 33
7 6 7 36
6 6 7 37
1 6 11 36
1 6 11 46
2 8 25 45
3 8 59 48
5 6 13 30
8 6 13 43
2 6 11 45
5 8 11 45
3 6 17 4
2 8 17 5
5 6 17 47
2 6 15 48
4 6 19 4
7 6 19 10
8 6 17 10
2 8 29 9
3 6 19 32
6 6 20 94
4 7 78 96
8 6 23 10
3 8 65 6
1 6 23 34
7 8 37 32
5 8 33 34
2 8 49 34
5 10 51 31
8 6 21 34
1 6 25 4
4 6 23 4
6 8 27 5
8 10 25 5
3 6 21 3
7 8 55 3
2 6 21 3
4 8 45 3
8 6 25 26
6 8 37 23
5 6 25 48
2 6 27 10
7 6 27 18
1 10 63 19
4 8 35 20
4 8 51 18
3 8 59 19
3 6 27 49
3 6 29 68
1 6 31 8
4 8 37 8
8 6 31 9
1 6 31 19
2 8 35 19
1 8 47 22
3 6 31 24
6 8 47 22
7 8 59 23
8 12 59 25
5 6 31 24
8 6 33 13
2 10 57 13
4 6 33 17
5 6 33 29
7 6 31 29
6 6 33 41
6 6 33 46
4 6 35 32
6 8 37 32
8 6 39 31
2 6 39 43
5 6 41 4
5 6 41 14
4 6 37 15
7 6 41 17
1 6 43 7
1 6 43 49
8 6 45 10
7 6 45 31
7 6 45 38
4 6 45 42
7 8 55 44
1 6 45 45
2 8 45 44
2 6 47 8
4 6 47 28
2 8 49 28
8 6 49 22
4 6 49 32
6 6 51 1
1 6 53 26
4 6 55 12
6 10 57 9
3 6 53 11
8 6 59 19
8 6 61 13
4 6 59 14
1 6 61 11
2 6 63 30
4 6 65 42
6 6 70 95
7 6 73 22
5 6 69 22
7 6 73 37
6 5 2 76
6 6 46 76
5 5 5 50
6 6 23 49
7 6 57 49
5 6 55 48
6 5 7 96
3 5 14 87
6 6 32 88
8 7 60 87
4 5 19 96
2 6 39 99
7 5 21 50
8 7 53 48
4 6 21 49
4 6 33 50
1 5 21 82
5 6 88 82
3 5 21 81
3 6 52 81
4 5 27 54
4 5 27 69
6 7 62 67
7 6 59 67
7 5 28 61
8 6 32 63
5 5 28 83
8 6 51 79
7 5 33 50
5 7 43 49
4 5 35 95
7 5 40 55
8 5 40 84
1 5 41 57
7 5 49 72
7 5 56 85
2 5 60 90
8 5 63 58
4 5 76 87
4 5 79 57
2 5 84 88
6 4 1 5
1 6 45 5
6 4 1 11
5 8 45 11
1 8 45 13
5 8 51 15
3 6 15 11
7 6 21 12
5 6 35 10
7 8 39 10
8 6 45 11
1 6 49 13
6 4 1 15
3 6 15 14
5 4 1 24
2 8 3 22
4 8 39 24
3 6 47 24
4 4 1 26
2 8 13 26
7 6 13 29
3 8 43 30
6 6 15 29
6 8 41 30
3 6 23 26
3 6 27 28
3 6 29 30
3 6 37 25
1 6 49 26
2 4 1 35
2 6 27 34
7 6 33 35
6 10 39 34
2 4 1 38
8 6 15 38
2 6 15 41
3 6 15 40
6 8 41 39
3 6 39 40
3 6 43 38
5 6 55 38
7 6 59 43
8 6 59 44
6 6 61 41
7 4 1 39
8 6 27 38
4 6 37 39
2 4 1 40
7 4 1 42
3 6 1 41
6 8 41 39
5 6 3 41
7 6 33 43
5 6 33 42
2 6 33 45
6 8 31 45
1 6 41 43
3 4 1 46
5 6 43 44
2 6 41 45
5 4 1 46
4 6 33 46
1 4 1 47
4 6 1 48
2 6 31 47
1 6 43 48
7 5 3 49
4 7 35 48
4 5 3 49
6 5 7 50
5 7 26 53
3 4 1 46
7 6 39 45
6 8 41 43
8 4 1 45
7 6 23 46
6 6 23 44
8 6 21 46
3 6 33 42
3 6 37 41
2 4 1 48
1 6 19 47
2 4 1 75
5 5 75 75
7 4 2 52
4 5 16 51
1 5 72 56
8 4 2 64
5 5 19 64
2 4 3 2
8 8 47 1
1 8 45 1
7 6 15 1
5 6 27 1
2 10 37 1
4 8 25 1
8 4 1 2
3 6 19 2
7 8 17 2
5 6 27 1
7 4 3 9
1 8 5 8
1 6 9 9
4 6 17 8
4 6 45 6
6 6 43 7
6 4 3 24
5 6 41 23
4 6 59 22
1 4 3 25
8 6 1 26
5 6 5 25
5 6 25 23
8 6 59 22
3 6 57 22
4 4 3 25
7 4 1 25
3 4 3 24
5 6 7 22
1 6 9 23
4 8 19 21
8 6 11 20
4 8 41 21
6 6 9 22
6 6 29 20
5 8 33 18
7 6 49 20
1 6 59 20
3 4 3 27
7 6 1 27
5 6 35 27
4 4 3 27
7 6 33 26
6 4 3 28
8 8 31 26
4 6 13 26
1 8 19 26
2 6 13 27
6 8 21 26
4 6 17 28
2 8 15 28
1 6 13 29
8 4 1 28
8 6 7 28
3 6 7 28
1 6 9 26
6 6 23 24
6 4 3 37
5 4 3 37
3 6 27 36
7 6 41 35
1 8 49 36
4 4 3 36
7 6 1 37
7 6 23 35
1 6 21 35
6 6 49 36
3 8 47 37
1 4 3 40
2 6 17 40
1 6 19 40
3 6 19 41
7 4 3 43
4 4 5 4
7 8 31 4
3 6 47 6
3 4 5 3
6 6 15 4
8 6 31 4
5 4 5 3
5 6 19 3
3 6 27 3
1 4 5 4
1 6 23 2
3 4 5 21
2 4 5 25
1 4 5 36
8 6 7 35
7 6 13 37
4 8 29 35
5 10 27 35
4 6 15 38
1 6 23 36
3 6 21 36
8 6 23 37
3 4 3 36
2 6 23 36
5 4 5 39
1 4 5 42
2 8 5 43
1 6 9 43
6 6 23 42
1 6 25 40
4 4 3 43
4 8 7 44
8 4 3 43
8 6 17 41
2 4 1 43
2 8 17 42
4 4 3 45
3 4 5 45
7 4 5 92
6 5 45 92
3 4 7 2
4 6 17 2
3 4 7 5
6 6 23 3
8 4 7 7
3 6 21 7
6 4 7 7
3 6 27 6
1 6 31 5
2 6 35 6
8 6 35 8
6 6 41 6
7 4 7 9
5 6 39 7
8 4 7 10
6 8 31 11
3 4 7 14
2 6 17 15
4 6 15 15
1 6 23 16
1 6 29 13
3 6 57 16
2 4 7 20
7 6 9 22
5 6 9 21
4 6 19 20
1 8 19 22
6 6 35 19
2 4 7 23
4 4 7 24
6 6 7 25
3 6 25 22
8 4 5 26
4 6 11 25
5 4 7 26
7 6 5 26
2 6 17 27
2 4 7 39
7 4 7 41
6 6 13 41
5 6 9 42
6 4 7 40
8 4 7 42
6 4 5 42
4 4 7 49
2 6 9 48
4 6 15 47
1 6 16 52
7 5 7 50
2 6 34 51
4 5 9 51
4 5 17 52
1 5 26 53
1 5 27 53
2 5 46 53
7 5 61 53
3 4 7 83
7 6 51 82
1 4 9 2
2 4 9 16
7 6 59 16
1 4 9 20
8 4 9 27
7 4 9 27
2 6 7 28
5 4 5 28
1 4 7 27
7 4 9 30
2 4 7 30
4 6 21 30
7 6 19 31
7 6 33 32
3 10 31 32
6 4 7 31
2 6 7 31
5 8 5 31
1 4 7 31
8 8 11 30
4 6 9 32
3 4 5 31
1 4 5 31
5 4 9 34
7 4 9 46
1 4 9 45
6 4 9 49
6 5 25 50
3 4 9 48
5 4 9 75
3 6 47 76
1 5 9 76
4 6 24 74
7 6 43 78
4 5 32 75
7 4 11 7
5 6 15 7
7 6 41 6
2 4 11 6
3 4 11 8
8 6 41 9
6 4 11 16
7 6 21 15
3 6 39 16
4 6 47 17
3 4 9 16
6 6 39 16
5 6 43 16
1 6 41 16
7 6 39 16
4 4 9 16
2 6 13 15
3 4 11 16
1 4 11 15
8 4 9 15
5 4 9 14
7 6 11 13
4 8 27 11
5 6 41 10
4 4 9 13
8 6 9 13
8 4 11 14
5 8 9 14
2 4 9 15
5 4 11 23
3 4 11 32
3 4 11 43
7 4 9 43
8 4 11 48
6 4 13 1
2 6 15 1
3 4 13 1
6 4 13 3
4 4 13 7
3 4 13 6
7 6 27 7
4 4 11 6
3 6 25 6
4 6 25 8
2 6 27 10
2 4 13 9
4 6 19 9
1 6 21 9
6 4 13 8
7 4 11 9
6 4 11 9
8 6 19 11
5 6 25 11
2 4 13 37
5 6 15 36
4 6 21 35
8 4 13 37
5 4 13 44
6 4 13 47
3 4 13 47
8 6 13 47
2 4 13 48
1 4 14 78
3 5 25 80
8 4 15 1
7 4 15 18
8 8 31 18
1 6 21 18
5 4 15 33
6 6 15 32
8 4 13 34
7 4 13 33
4 4 15 37
1 4 13 38
6 4 15 49
3 4 15 50
3 4 17 10
4 4 17 34
3 4 17 39
8 4 17 38
4 4 17 49
1 5 21 49
3 4 17 49
2 6 15 50
3 4 17 79
8 4 17 98
8 6 58 99
8 6 68 95
3 6 86 100
5 4 16 99
6 4 19 12
2 4 19 17
3 6 17 18
2 8 31 17
7 4 19 18
2 4 19 20
7 8 17 21
5 6 21 21
8 4 17 20
5 4 19 39
3 4 19 44
4 4 19 46
3 4 19 89
6 5 67 90
5 4 21 6
2 4 21 16
8 4 21 20
1 4 21 20
2 6 23 21
5 4 19 20
3 4 19 20
4 4 21 32
8 4 21 44
8 4 23 1
7 4 23 19
8 6 21 20
2 4 23 19
1 4 24 95
7 4 25 11
1 4 23 12
7 4 25 23
6 4 25 62
3 5 62 65
4 4 25 72
3 5 42 72
8 5 41 72
6 8 57 73
5 5 47 76
5 5 56 74
8 5 57 68
5 5 77 72
8 4 27 13
8 4 27 39
6 4 28 77
5 5 76 76
2 4 29 11
7 4 29 14
4 4 29 17
6 4 27 18
1 4 29 82
7 5 60 82
3 6 81 81
8 5 64 85
7 4 30 80
7 4 31 32
2 4 31 67
3 5 34 65
4 4 33 4
3 4 33 12
8 4 33 68
7 4 34 58
7 5 72 60
3 4 34 93
4 4 35 17
8 6 35 18
5 4 37 59
6 5 80 56
6 4 40 62
8 4 40 99
7 4 41 84
4 5 40 82
3 5 84 87
6 4 42 90
6 4 43 62
4 4 44 67
4 5 53 66
6 5 71 63
2 4 45 96
1 4 46 74
4 5 60 76
2 4 46 73
4 4 48 53
3 6 82 55
6 4 48 98
3 4 50 86
8 5 74 84
1 4 55 100
8 4 56 91
5 4 57 91
6 4 58 65
5 4 58 78
3 4 60 80
4 5 60 81
7 4 61 70
7 4 62 87
8 4 68 73
5 4 70 95
3 4 71 78
6 4 76 73
4 4 77 72
1 4 82 79
8 4 82 92
1 4 85 60
3 3 1 50
3 3 1 59
8 4 6 57
7 4 50 59
4 4 78 58
1 4 78 57
2 4 77 55
5 3 1 61
8 4 18 61
7 5 36 63
4 6 59 62
6 5 69 59
6 4 78 57
8 4 82 65
8 3 1 69
8 4 22 70
2 5 24 72
4 5 71 74
3 4 34 70
7 5 37 73
5 4 44 70
2 4 48 73
5 4 55 70
6 4 70 71
1 4 70 74
8 4 82 70
5 4 82 69
7 4 81 70
5 3 1 69
1 4 6 68
7 4 15 68
4 5 46 67
2 4 13 68
8 4 21 67
1 4 61 73
3 4 64 67
1 3 1 91
2 4 8 91
2 5 80 92
4 4 6 92
7 4 31 91
5 4 55 89
4 4 65 87
3 4 70 88
7 4 76 92
8 4 76 92
6 3 1 91
8 5 37 90
3 4 51 94
3 4 74 93
7 3 2 63
8 4 18 65
2 4 19 66
6 4 28 66
6 4 30 65
5 4 32 66
3 4 36 64
3 3 2 69
6 4 5 70
1 4 10 68
5 3 2 76
4 4 11 73
8 6 10 73
1 5 28 75
4 4 25 74
4 5 62 76
6 4 36 77
1 4 48 75
7 4 47 74
5 3 3 53
1 4 17 51
5 5 15 53
5 4 42 54
6 4 46 54
4 4 64 53
8 4 66 52
6 4 65 54
7 4 73 56
7 3 3 58
3 4 49 57
2 3 3 68
7 3 3 90
4 4 3 90
6 6 43 92
2 5 33 85
1 6 37 93
8 4 8 87
6 4 15 86
3 4 29 86
1 4 31 89
5 4 49 87
7 4 50 93
2 4 50 93
8 5 51 93
1 4 51 93
7 4 57 86
5 4 68 89
2 4 66 89
4 6 65 91
3 3 4 59
4 4 6 56
2 5 29 54
5 5 44 56
7 4 6 54
4 4 31 58
6 4 40 59
4 4 44 55
8 6 69 55
6 3 4 74
5 3 4 79
2 8 3 79
1 4 17 77
2 5 24 77
1 5 69 79
5 4 19 80
3 5 41 77
8 4 26 79
1 3 4 91
6 7 7 92
7 5 46 91
1 5 74 94
8 4 51 93
5 4 65 92
4 3 4 93
4 4 50 90
3 4 53 93
5 4 73 89
2 3 5 50
8 5 5 49
5 4 5 48
3 4 5 50
5 4 7 48
5 4 36 53
8 3 5 56
3 3 6 58
1 3 6 83
4 5 7 82
6 4 54 85
4 3 6 98
1 6 15 97
1 4 9 98
3 5 41 97
4 5 50 99
8 4 37 97
5 5 48 96
3 5 57 95
3 3 7 50
2 3 7 79
8 4 71 82
1 3 6 79
2 4 19 77
8 3 7 78
4 3 6 79
4 5 40 79
5 4 22 77
5 4 36 80
2 4 46 76
2 3 6 78
6 4 23 79
1 4 22 79
6 4 26 81
2 4 34 81
7 4 52 80
6 3 7 98
7 5 16 97
5 4 18 96
5 5 28 97
4 4 20 99
8 5 59 96
5 4 66 94
6 4 66 99
2 3 8 54
1 4 7 54
4 3 7 54
8 5 42 55
1 4 27 55
6 5 64 52
7 4 54 54
5 3 8 65
1 4 10 65
8 4 40 65
4 3 8 72
3 3 8 83
1 3 8 90
3 5 21 89
2 4 44 88
7 4 49 90
7 5 64 93
7 3 9 65
7 5 39 66
6 4 38 66
7 5 49 66
5 5 55 67
5 4 41 64
2 3 9 67
4 4 47 66
1 4 64 63
5 3 9 95
3 4 12 96
4 5 46 93
8 4 34 94
2 3 9 99
6 4 14 97
3 3 10 89
1 4 43 87
8 3 10 100
5 4 61 100
8 5 60 100
4 3 10 98
5 5 55 96
6 4 28 96
3 4 56 97
2 6 57 96
6 3 9 98
6 4 22 95
6 4 29 98
1 5 50 96
2 3 11 54
7 5 17 55
6 4 26 51
4 5 26 52
6 3 11 58
7 4 60 59
8 3 11 80
6 4 54 80
4 4 57 80
7 3 12 81
6 4 11 80
3 3 13 79
6 3 14 57
5 4 50 55
3 4 52 59
6 4 51 61
8 3 14 56
3 4 49 56
3 3 14 92
3 4 30 94
7 3 15 58
6 3 15 77
3 5 31 75
3 6 43 78
6 3 15 83
7 3 15 86
7 3 15 100
1 4 24 98
1 3 17 73
8 4 26 70
8 4 65 69
1 3 17 98
8 4 16 97
8 3 18 79
1 4 44 76
1 4 50 75
2 3 19 69
4 4 61 69
3 3 20 64
7 3 20 76
3 5 21 76
7 4 22 75
1 4 40 76
2 3 20 82
2 4 37 79
1 5 48 82
6 4 47 80
7 3 21 51
5 3 21 82
8 4 50 84
2 3 21 85
4 4 22 85
1 4 58 86
2 4 60 83
8 5 68 85
1 3 20 84
2 3 21 94
6 3 23 74
1 3 24 58
3 3 24 74
4 4 37 76
5 3 24 90
7 4 29 88
2 4 27 91
3 4 33 90
1 3 25 54
5 3 25 75
2 5 38 73
1 4 40 71
5 5 39 73
2 4 56 69
1 5 55 70
2 3 26 52
4 3 26 57
7 4 37 58
5 4 38 60
5 5 47 59
7 4 68 60
3 3 25 56
5 3 26 91
4 3 27 74
4 5 36 72
8 5 52 73
3 5 51 73
1 3 29 70
2 3 28 71
7 3 29 94
4 3 28 95
3 3 30 88
5 3 30 89
8 3 33 63
4 4 36 61
1 3 33 96
1 3 34 73
7 3 35 55
6 3 34 57
1 3 34 55
2 3 35 57
1 4 41 54
3 4 42 53
8 3 35 58
8 3 35 71
7 3 34 72
5 3 35 76
8 4 37 77
7 3 35 75
6 3 37 83
2 3 37 97
7 4 44 98
2 3 39 60
3 3 40 59
3 4 46 61
2 4 54 59
2 3 42 58
3 5 58 59
4 3 42 61
6 5 56 63
5 3 42 91
1 3 43 71
3 3 44 71
3 3 44 97
1 3 45 55
4 4 46 54
5 3 44 56
8 3 45 68
6 3 45 85
1 3 46 58
3 3 46 99
1 3 48 96
7 3 49 53
5 3 51 52
1 3 51 65
4 3 52 93
8 3 55 68
1 3 55 88
5 3 62 66
6 3 64 82
2 3 66 88
4 2 1 1
5 4 9 1
7 4 13 1
5 6 11 1
3 2 1 1
4 4 15 1
8 2 1 1
7 4 5 1
4 6 3 2
8 4 3 1
1 2 1 1
6 2 1 1
7 4 1 1
2 4 3 1
8 2 1 1
4 2 1 1
3 2 1 1
2 2 1 1
7 2 1 1
8 2 1 1
4 2 1 1
1 2 1 1
6 2 1 1
7 2 1 1
5 2 1 1
4 2 1 1
5 2 1 1
3 2 1 1
1 2 1 1
4 2 1 1
8 2 1 1
8 4 11 1
7 4 9 1
8 4 7 1
5 6 25 1
6 4 15 1
8 4 21 2
4 4 23 3
2 2 1 1
3 4 9 1
8 2 1 1
2 2 1 1
7 4 13 1
4 2 1 1
1 4 3 1
2 4 13 2
8 2 1 1
5 4 3 1
7 4 1 2
4 2 1 1
3 2 1 1
6 2 1 1
8 2 1 1
4 2 1 1
5 2 1 1
7 4 13 1
6 6 19 1
2 4 19 2
8 4 19 2
6 2 1 1
5 4 3 1
6 6 9 1
1 4 5 1
3 4 5 1
3 2 1 1
2 4 3 1
7 2 1 1
1 2 1 1
4 2 1 1
7 4 5 1
3 4 3 1
8 2 1 1
5 2 1 1
8 2 1 1
4 2 1 1
1 2 1 1
6 4 17 1
6 2 1 1
5 4 9 1
2 4 7 1
4 4 5 1
2 2 1 1
8 2 1 1
3 2 1 1
4 2 1 1
3 2 1 1
1 2 1 1
7 2 1 1
6 2 1 1
7 2 1 1
5 4 1 1
8 4 9 1
1 6 17 1
7 4 15 2
4 4 19 2
2 2 1 1
3 4 7 1
1 6 9 1
5 6 5 2
4 4 5 1
2 6 3 1
8 4 5 2
4 4 3 3
1 4 19 3
4 4 23 3
3 4 21 4
4 2 1 1
8 2 1 1
3 4 1 1
2 4 5 2
4 6 11 2
3 6 9 4
7 2 1 1
2 2 1 1
6 4 3 1
8 4 1 1
7 4 9 2
2 4 7 3
4 4 7 3
8 4 9 1
6 2 1 1
5 4 3 1
1 4 5 2
8 2 1 1
4 4 3 1
2 2 1 1
1 2 1 1
3 2 1 1
6 4 5 1
7 4 3 1
2 4 1 1
1 2 1 1
3 2 1 1
8 2 1 1
7 2 1 1
5 2 1 1
4 4 1 1
1 4 1 1
1 4 17 1
6 6 15 2
4 6 13 2
5 8 11 2
5 4 15 3
3 4 13 3
2 4 15 4
6 6 13 5
4 4 13 4
7 6 19 4
4 6 17 5
1 4 13 5
5 8 13 4
1 4 19 3
7 2 1 1
5 2 1 1
1 2 1 1
7 2 1 1
2 4 5 1
3 2 1 1
1 2 1 1
8 2 1 1
8 4 3 1
1 4 3 2
1 6 5 2
4 4 3 3
3 4 3 2
8 6 5 1
4 4 3 1
6 4 3 4
3 4 9 2
4 4 7 2
6 2 1 1
7 2 1 1
5 2 1 1
2 2 1 1
3 2 1 1
8 2 1 1
5 4 3 1
1 2 1 1
6 2 1 1
7 4 1 1
4 4 1 2
5 2 1 1
2 2 1 1
1 2 1 1
6 4 9 1
2 4 7 1
8 4 9 1
8 2 1 1
7 4 3 1
4 6 3 1
3 4 9 2
2 4 23 3
1 2 1 1
3 2 1 1
4 4 7 1
8 4 13 2
2 8 11 3
5 2 1 1
7 2 1 1
8 4 1 1
6 4 5 1
3 4 3 1
8 4 9 2
1 2 1 1
4 4 1 1
5 6 3 1
6 4 1 1
1 4 3 3
5 2 1 1
2 4 1 1
7 2 1 1
2 2 1 1
6 4 1 1
7 4 3 1
1 2 1 1
3 2 1 1
8 2 1 1
4 2 1 1
5 2 1 1
3 2 1 1
5 4 1 1
4 2 1 1
5 2 1 1
8 2 1 1
6 2 1 1
2 2 1 1
5 2 1 1
3 2 1 1
4 2 1 1
6 4 5 1
1 4 3 1
2 4 15 2
5 2 1 1
1 2 1 1
8 4 3 1
7 4 7 1
7 2 1 1
3 4 1 1
2 2 1 1
5 4 3 1
4 4 1 2
6 2 1 1
2 2 1 1
8 2 1 1
2 2 1 1
5 2 1 1
4 2 1 1
8 2 1 1
1 2 1 1
7 2 1 1
8 2 1 1
8 4 3 1
6 4 1 1
2 6 19 1
6 6 17 1
8 2 1 1
2 4 3 1
4 4 7 2
5 2 1 1
3 4 3 1
1 4 3 1
8 2 1 1
5 2 1 1
1 2 1 1
7 2 1 1
3 4 1 1
1 4 11 1
3 6 13 1
4 2 1 1
7 4 1 1
4 2 1 1
6 4 7 1
2 2 1 1
8 4 7 1
4 2 1 1
2 2 1 1
7 2 1 1
6 2 1 1
8 2 1 1
5 2 1 1
1 2 1 1
2 2 1 1
4 2 1 1
7 2 1 1
8 4 9 1
4 4 11 2
3 2 1 1
4 2 1 1
2 2 1 1
7 2 1 1
5 2 1 1
1 4 1 1
4 4 1 2
6 4 5 2
7 4 3 2
8 4 3 2
6 4 13 3
5 2 1 1
1 4 5 1
3 4 3 1
1 2 1 1
6 2 1 1
5 2 1 1
4 2 1 1
2 4 1 1
7 2 1 1
3 2 1 1
3 4 11 1
5 2 1 1
2 4 3 1
2 4 13 2
5 6 13 2
7 6 11 4
3 4 11 2
6 2 1 1
1 4 1 1
4 4 1 1
8 4 3 2
4 4 9 3
2 2 1 1
4 2 1 1
1 2 1 1
4 2 1 1
2 2 1 1
3 2 1 1
7 2 1 1
6 2 1 1
5 4 1 1
7 2 1 1
2 4 3 1
8 2 1 1
1 2 1 1
6 2 1 1
8 2 1 1
3 4 3 1
7 4 1 1
8 2 1 1
7 2 1 1
6 4 1 1
5 2 1 1
2 2 1 1
5 2 1 1
8 2 1 1
1 2 1 1
7 2 1 1
1 2 1 1
6 2 1 1
4 4 13 1
8 4 11 1
1 4 17 2
3 2 1 1
2 4 1 1
4 4 7 2
6 4 13 3
4 2 1 1
8 4 1 1
2 4 9 1
7 4 7 2
2 2 1 1
5 2 1 1
2 2 1 1
3 4 3 1
4 4 1 1
1 4 3 2
3 4 7 3
5 4 5 3
2 4 3 3
1 2 1 1
3 2 1 1
5 2 1 1
6 2 1 1
7 4 1 1
3 2 1 1
1 2 1 1
6 2 1 1
7 4 3 1
7 4 5 2
8 2 1 1
6 2 1 1
1 4 1 1
4 4 5 2
7 2 1 1
8 4 1 1
5 4 1 2
3 4 1 1
8 4 1 1
2 2 1 1
6 4 1 1
1 2 1 1
7 2 1 1
1 2 1 1
6 2 1 1
2 2 1 1
6 4 11 1
8 3 8 1
1 4 30 2
3 3 14 2
4 3 16 1
4 3 33 5
3 3 32 6
5 3 32 6
2 4 35 7
4 3 34 8
7 3 33 8
1 3 34 7
6 3 39 5
7 3 46 6
2 3 45 6
5 2 1 2
5 3 14 1
6 3 13 4
3 3 26 1
8 3 37 4
8 2 1 1
6 2 1 4
2 3 4 5
5 3 3 7
6 3 3 6
8 4 14 4
2 3 7 3
1 3 8 4
5 3 38 7
1 2 1 4
3 3 7 3
4 3 24 5
3 5 29 3
5 3 23 4
8 4 26 4
7 3 25 2
1 3 26 3
7 3 31 6
1 3 32 1
8 3 33 2
3 3 33 1
4 3 36 6
3 2 1 5
2 4 23 5
6 3 27 5
2 2 1 33
6 3 6 35
7 3 6 34
5 4 39 32
7 4 46 32
1 3 5 35
3 4 11 35
3 3 20 31
8 3 20 29
1 3 19 28
2 3 19 29
8 5 31 30
5 5 31 31
3 4 31 30
8 3 23 37
1 5 30 36
4 3 29 37
6 3 31 26
6 3 33 25
3 3 34 23
4 3 35 24
7 3 40 24
7 3 40 31
5 3 38 31
6 3 37 31
1 3 41 35
1 3 45 23
6 3 45 22
8 3 48 38
5 3 51 39
6 3 54 35
4 2 1 32
4 4 33 32
1 3 32 32
7 3 31 32
8 3 31 34
4 3 31 33
3 3 34 30
3 2 1 35
2 3 16 35
2 3 22 34
3 3 41 37
5 2 1 34
4 3 7 35
8 3 10 37
7 4 45 40
4 3 15 39
8 3 18 38
5 3 19 40
6 4 39 39
1 3 25 42
8 4 34 41
2 4 40 41
3 4 50 42
7 3 23 42
5 3 29 37
6 3 28 37
8 4 48 37
7 3 28 38
3 4 29 38
6 4 34 36
7 4 46 34
5 4 48 34
3 4 47 36
8 3 28 40
5 3 34 40
6 3 37 42
5 4 39 43
7 3 38 45
5 4 43 46
2 3 39 35
1 3 38 37
1 4 43 37
6 3 43 39
7 3 43 43
8 2 1 36
4 3 9 36
1 3 18 37
2 3 27 38
5 3 36 36
6 4 35 36
2 3 36 38
2 2 1 40
2 3 4 39
3 3 4 39
1 4 27 37
7 3 5 39
7 4 11 39
1 3 8 40
2 4 6 40
7 2 1 44
7 3 26 46
2 4 46 44
5 3 29 46
3 3 29 46
4 3 30 43
4 2 1 43
5 3 15 42
4 3 20 44
3 4 22 42
5 5 22 44
2 3 21 43
6 3 40 47
1 2 1 46
4 3 19 48
1 3 22 45
2 4 21 46
1 3 28 44
2 4 32 43
3 3 27 45
5 3 26 44
4 3 32 42
8 4 32 42
1 4 34 41
6 3 31 44
4 3 39 48
8 2 1 45
2 3 6 45
7 3 18 43
8 3 17 42
8 3 19 42
8 3 24 45
7 3 28 45
2 2 1 46
7 3 6 47
7 3 9 49
7 4 14 48
1 3 30 47
2 2 2 8
6 4 32 8
8 3 27 8
3 3 26 11
1 3 29 10
1 4 48 10
7 4 50 11
2 3 31 7
5 3 40 10
5 3 47 11
1 3 61 12
5 3 61 11
7 2 2 11
6 3 35 9
2 2 1 11
2 3 15 10
8 3 15 11
3 3 21 11
8 4 19 11
6 4 42 9
1 3 19 12
6 3 51 13
6 2 2 13
1 3 3 12
6 4 9 12
2 3 8 13
4 3 16 11
7 3 25 9
7 4 45 11
3 3 26 10
8 3 27 11
4 4 30 8
3 4 38 9
6 3 26 10
2 3 25 10
7 4 30 9
5 4 29 9
3 3 29 8
2 3 28 8
7 3 27 9
1 3 53 13
8 3 60 14
4 2 2 15
4 4 52 14
3 4 52 16
1 4 53 17
4 3 10 13
3 3 9 14
3 4 23 14
8 3 20 15
2 4 28 13
2 3 37 13
8 4 44 14
4 3 43 14
5 3 42 15
2 3 42 15
6 3 44 15
3 3 47 12
4 2 2 23
4 3 9 22
6 4 39 22
8 3 14 21
1 3 13 20
2 3 21 23
1 3 20 24
2 3 26 24
6 3 25 24
5 3 36 23
5 3 42 20
2 3 54 20
7 2 2 27
5 4 11 26
6 3 15 29
4 3 15 28
8 3 27 25
4 2 2 26
5 3 8 24
6 3 10 25
3 3 15 27
6 3 26 22
1 3 24 23
4 3 24 22
8 3 31 23
7 3 37 20
1 2 2 26
5 3 4 25
2 3 21 24
5 3 21 23
3 2 2 34
3 3 5 34
6 3 4 33
5 3 4 36
8 3 19 35
5 3 25 31
4 3 34 33
8 2 2 35
2 3 23 35
8 3 32 35
1 2 1 35
3 4 34 34
2 3 5 33
1 3 12 35
5 3 16 32
3 3 28 36
6 2 1 34
8 3 3 32
4 3 10 33
3 3 12 34
1 3 16 34
7 3 16 33
4 3 18 35
8 3 17 34
4 3 30 36
7 2 2 38
2 3 27 37
3 2 2 40
6 3 7 38
3 3 18 38
7 3 18 41
5 3 20 37
1 3 22 37
7 3 20 38
6 3 24 40
4 2 3 1
5 3 16 2
6 3 15 3
5 2 3 4
1 3 13 2
3 3 13 4
2 3 12 3
6 3 27 2
3 2 2 5
8 3 11 3
8 2 1 5
4 2 3 7
8 3 28 7
4 2 3 9
4 3 12 8
6 3 13 6
2 3 27 7
8 3 37 10
5 2 3 17
3 3 6 19
4 3 10 19
1 3 18 18
3 3 35 20
2 3 49 16
4 3 48 16
6 3 48 16
4 2 3 19
6 4 31 17
7 3 6 18
4 6 37 16
5 3 6 18
3 4 34 18
8 3 6 19
3 3 19 18
3 4 31 19
2 3 20 17
7 2 2 19
8 2 3 27
3 2 3 35
3 3 16 36
6 4 18 39
1 2 3 36
6 2 3 35
8 3 18 37
6 2 3 48
3 4 12 47
8 3 13 50
1 2 4 20
2 4 29 19
5 3 20 20
8 2 3 20
2 4 29 20
4 3 4 20
1 4 4 20
7 4 33 19
8 3 5 23
7 4 6 22
5 4 24 22
1 3 17 19
4 3 19 18
6 3 18 17
5 3 26 18
6 3 27 20
2 3 30 17
6 3 36 17
5 3 34 17
4 2 3 23
3 2 4 21
3 2 4 26
3 3 8 26
2 4 16 28
8 4 29 27
8 2 4 26
6 2 3 27
4 3 13 26
7 3 12 25
2 3 11 25
1 3 10 26
7 4 17 24
5 3 19 27
7 3 30 28
7 2 3 26
7 3 10 25
1 5 16 27
2 3 19 27
7 2 4 29
4 3 16 29
2 2 4 30
5 2 4 30
7 4 16 31
1 3 14 29
8 3 14 29
4 3 22 28
1 4 20 30
4 3 20 31
4 3 21 31
6 2 4 30
5 4 25 30
2 3 19 30
3 2 4 31
6 3 13 32
7 3 20 34
5 3 19 36
7 2 3 31
2 3 8 29
6 4 21 32
8 3 11 27
4 2 3 31
5 2 4 34
7 3 17 35
6 2 4 48
2 2 5 4
7 2 5 8
1 3 4 9
8 3 20 6
8 2 4 8
2 2 5 10
3 3 30 11
2 3 32 12
5 3 46 12
5 2 5 12
5 3 12 12
8 3 35 12
4 3 40 14
3 2 4 12
2 3 14 11
7 2 5 11
1 3 23 11
1 4 31 12
5 4 30 13
2 3 38 13
1 2 5 15
3 3 4 16
4 3 14 16
1 6 16 15
7 3 15 17
5 4 14 17
7 3 24 16
1 3 33 16
7 3 33 15
5 2 4 16
3 3 7 17
4 4 26 14
3 3 9 19
8 3 13 18
6 2 5 18
6 3 8 19
4 3 8 18
1 4 19 18
3 3 8 17
4 3 19 19
8 3 25 20
2 2 5 17
5 3 7 18
1 3 6 17
8 3 4 17
4 3 11 20
7 3 12 22
8 3 17 22
2 3 17 23
5 2 5 18
8 2 5 18
7 3 5 19
1 2 5 25
2 3 4 25
8 3 8 23
3 3 15 23
3 2 4 26
5 2 5 38
1 3 23 40
4 3 23 38
1 2 4 38
2 3 3 38
7 2 4 36
1 2 3 36
4 3 2 36
4 3 8 37
4 4 11 37
1 3 14 38
8 2 2 37
5 2 3 37
2 3 2 37
6 2 3 36
7 4 2 36
3 3 3 35
5 3 2 37
8 3 5 38
2 3 4 38
4 3 11 34
6 3 12 40
5 3 23 41
6 2 1 37
4 2 1 37
1 2 1 38
5 2 1 38
6 2 1 39
8 2 2 35
5 3 8 35
4 2 2 39
6 2 2 40
4 3 12 42
1 3 13 42
4 4 19 41
2 3 18 42
6 3 21 41
4 3 24 44
5 3 24 42
3 2 3 41
8 2 3 42
2 2 3 43
1 3 21 42
6 3 22 44
7 2 5 39
8 2 5 41
1 2 6 5
7 2 6 6
4 2 6 9
7 2 6 9
1 2 5 9
5 3 4 9
4 3 17 8
3 2 4 8
8 3 5 8
2 2 3 8
2 2 6 9
3 3 7 9
3 3 10 11
4 3 21 10
2 3 22 11
5 2 6 12
4 3 5 12
8 4 17 11
6 3 4 12
6 3 21 12
1 4 31 14
5 3 23 11
7 2 3 12
7 3 9 13
4 3 14 12
1 3 23 14
4 2 2 12
7 3 13 13
3 2 5 11
8 2 5 10
7 2 4 10
5 2 5 12
7 2 6 10
1 2 6 9
7 2 6 16
8 2 6 17
4 2 6 25
5 2 6 25
5 2 6 28
2 2 6 39
8 2 6 38
3 4 5 38
6 2 6 42
7 2 7 2
8 4 12 1
7 2 7 8
6 2 7 14
8 3 11 13
3 3 11 14
1 3 11 15
8 3 23 13
2 2 7 26
8 2 8 1
2 2 8 7
6 2 7 8
4 2 7 7
3 2 8 12
3 2 8 31
5 3 19 29
1 2 7 32
8 2 8 36
2 3 7 36
4 2 8 35
5 2 9 15
7 3 10 16
5 3 11 13
6 2 9 15
3 2 9 16
6 2 9 17
8 2 9 32
2 2 9 43
2 2 10 13
7 3 10 14
8 3 12 14
1 2 10 13
4 2 10 15
8 2 10 25
1 2 9 25
2 2 9 25
3 2 10 27
4 2 10 42
7 2 9 42
1 3 12 40
7 2 10 46
4 2 10 45
5 3 25 45
3 2 11 22
6 2 10 23
6 2 11 29
1 4 12 28
4 2 11 28
8 2 11 31
5 3 11 30
6 3 10 30
7 2 11 30
7 2 11 33
3 2 10 33
8 2 10 34
6 2 11 32
6 2 11 40
4 2 11 45
1 2 10 45
3 3 21 45
5 2 11 46
2 3 10 47
4 3 21 44
5 2 9 47
4 3 11 47
7 4 10 46
1 3 14 46
8 2 9 46
6 3 8 46
7 3 17 47
3 3 21 48
6 3 20 48
2 2 8 47
4 2 8 47
3 2 7 48
1 3 7 47
4 4 14 48
2 3 10 47
5 2 8 48
2 3 14 47
6 2 8 48
7 2 10 47
5 2 9 48
3 2 12 3
7 3 19 2
8 2 12 10
4 2 12 22
6 2 12 32
6 2 12 44
4 2 12 45
2 2 11 46
3 2 12 44
4 3 12 43
8 3 18 42
8 2 11 45
4 2 13 16
2 3 18 15
3 3 17 15
5 3 17 17
3 2 12 16
1 2 11 16
2 2 10 16
4 2 12 16
2 3 12 16
8 2 12 17
3 2 13 17
4 2 13 17
4 2 13 29
2 2 13 30
3 2 14 13
4 2 15 2
6 2 15 2
1 2 15 4
7 2 15 24
3 2 14 25
3 2 15 41
5 2 16 15
5 2 18 6
1 2 18 10
3 2 18 33
2 2 17 33
6 2 18 43
2 2 19 3
4 2 20 32
2 2 20 43
8 2 21 5
2 2 22 49
5 2 22 49
3 2 24 6
5 2 24 6
1 2 23 7
2 2 25 28
4 2 29 1
7 2 29 28
1 2 29 32
