573677
2390
2 14 23 35
2 14 53 40
8 12 15 26
7 12 43 10
7 10 1 26
7 10 3 35
5 10 3 43
5 10 13 8
2 10 13 37
8 10 23 20
3 10 31 17
3 10 37 47
7 10 43 26
2 10 55 29
1 10 75 46
7 10 79 40
6 10 79 46
2 8 1 17
6 12 37 15
1 8 1 15
6 8 3 4
1 8 5 34
3 8 13 45
7 8 15 22
6 8 15 31
7 8 23 27
2 8 25 23
3 10 51 22
6 8 25 32
1 8 29 30
2 10 87 28
7 8 31 2
6 8 33 8
5 10 35 9
7 8 53 6
7 8 55 27
7 8 55 37
2 10 65 39
8 8 55 40
2 10 71 39
1 8 59 49
1 8 65 6
6 8 69 47
2 7 13 50
7 8 9 49
2 8 45 51
6 7 19 65
6 7 34 84
8 7 64 58
2 11 65 54
2 7 76 54
5 6 1 3
7 8 35 1
5 10 37 2
6 8 33 3
5 8 87 5
7 6 1 14
5 6 1 32
2 6 1 47
7 6 2 84
6 6 3 24
5 8 5 24
3 8 29 23
8 6 3 41
5 8 41 41
6 6 3 42
8 8 49 42
1 6 3 40
3 8 1 41
3 8 39 41
7 6 7 14
7 10 15 13
7 6 7 27
1 8 5 29
7 8 29 25
3 10 31 24
5 8 61 28
6 6 9 37
5 6 13 30
3 6 17 5
2 10 17 4
2 8 73 4
1 6 17 36
8 8 25 34
6 8 47 35
6 8 73 34
7 6 19 1
3 6 19 2
7 6 19 10
8 6 17 10
2 8 29 9
5 6 19 15
5 8 45 14
6 6 20 94
8 6 23 10
5 6 23 34
7 8 29 34
7 8 87 32
3 6 25 33
2 10 39 31
1 6 27 4
2 6 27 10
7 6 27 18
1 10 63 19
6 6 27 49
3 6 29 68
6 7 66 68
1 6 31 8
8 6 31 9
1 6 31 19
1 8 53 19
3 8 71 20
5 6 31 24
6 6 29 25
8 8 49 25
8 6 33 63
3 6 37 30
6 8 61 29
2 8 57 30
1 6 39 13
2 8 77 13
8 6 39 13
6 8 79 12
6 6 37 13
8 8 73 13
7 6 43 17
8 6 45 4
1 6 45 7
8 6 47 10
5 8 49 11
1 6 47 13
1 6 47 21
6 6 47 22
3 8 61 20
8 6 49 22
6 6 53 31
5 6 53 31
7 6 51 31
3 6 51 32
1 6 59 27
8 6 59 36
5 6 61 5
7 6 63 15
5 8 63 15
1 6 63 46
6 6 65 41
2 6 67 32
8 6 69 19
2 6 69 33
7 6 69 42
6 6 70 95
7 6 71 14
7 6 73 37
3 6 69 37
6 5 2 76
6 6 46 76
5 5 5 50
7 7 43 50
6 5 7 96
3 5 14 87
6 6 32 88
8 7 60 87
1 5 21 82
5 6 88 82
3 5 21 81
3 6 52 81
7 5 28 61
5 5 28 83
8 6 51 79
6 5 37 49
3 6 35 50
3 6 75 48
8 5 40 84
1 5 41 58
7 5 49 72
5 5 51 49
5 6 71 48
2 6 71 47
7 5 56 85
2 5 60 90
8 5 63 58
8 5 73 97
1 5 90 60
8 5 91 64
6 4 1 5
3 6 9 4
8 6 27 6
7 6 39 5
2 6 49 6
7 6 51 7
6 4 1 11
3 6 15 11
5 8 35 10
2 6 53 12
3 8 51 13
8 6 61 11
6 4 1 15
5 4 1 24
2 8 3 22
6 6 51 23
8 6 61 21
5 6 63 22
7 6 63 21
2 4 1 35
8 6 7 35
7 6 7 36
1 8 25 34
8 8 33 37
7 8 43 36
2 8 53 33
6 8 65 32
8 6 21 34
7 8 25 35
6 6 35 34
8 6 39 38
6 6 51 39
2 4 1 38
5 8 65 39
3 6 51 38
7 4 1 39
2 4 1 40
7 4 1 42
8 8 27 41
6 8 25 40
3 6 1 41
5 6 3 41
1 6 19 43
6 6 21 42
2 6 19 42
2 6 27 44
2 6 31 42
1 6 39 40
3 6 39 42
2 8 61 45
1 6 39 42
6 6 43 40
8 6 61 44
6 6 75 44
3 4 1 46
2 8 49 44
6 6 47 46
5 4 1 46
8 6 41 44
6 6 43 44
7 6 47 43
1 4 1 47
5 6 17 47
2 6 15 48
3 4 1 46
8 4 1 45
2 4 1 75
5 5 75 75
7 4 2 52
7 7 75 53
2 5 50 55
8 4 2 64
5 5 19 64
2 4 3 2
6 6 7 1
3 6 23 3
7 6 63 2
7 4 3 9
1 8 5 8
1 8 45 6
1 6 9 9
2 8 45 8
3 6 37 11
6 6 53 7
3 6 51 6
6 4 3 24
7 6 35 25
1 6 39 26
7 6 55 23
7 4 3 27
2 8 15 26
8 6 23 26
7 6 37 25
5 6 41 29
8 6 53 25
8 4 3 26
1 4 3 25
6 4 3 37
1 6 41 36
3 6 41 38
6 6 51 38
5 6 53 34
1 6 55 36
5 4 3 37
3 6 23 36
2 6 43 36
1 4 3 40
2 6 25 40
7 4 3 43
3 4 5 21
5 8 15 19
1 6 13 20
7 6 15 18
5 6 25 21
2 6 33 19
8 6 35 18
2 6 55 17
3 6 63 16
8 6 65 18
5 4 5 25
3 4 5 33
5 4 5 39
2 6 9 41
3 8 9 39
1 4 5 42
2 6 5 43
5 12 23 41
7 6 23 43
6 6 21 44
8 6 31 41
2 6 41 44
7 4 5 92
6 5 45 92
5 4 7 5
8 6 13 4
6 8 13 5
3 6 33 3
7 4 7 5
3 6 37 6
8 4 7 7
6 4 7 7
7 4 7 9
2 8 37 8
6 6 33 11
7 6 37 11
8 4 7 10
1 8 35 12
8 6 35 10
6 6 51 12
3 4 7 14
2 4 7 20
5 6 33 19
8 4 5 21
5 4 7 26
3 6 27 26
1 4 7 36
3 4 5 36
7 4 5 37
1 4 7 36
7 4 7 41
1 6 15 41
6 6 23 41
3 4 7 83
7 6 51 82
1 4 9 4
2 4 9 16
3 6 45 16
7 4 9 30
2 4 7 30
8 6 11 28
6 4 7 31
3 6 33 30
3 6 41 29
6 4 9 46
1 6 7 46
2 6 11 45
5 8 11 44
8 6 9 44
5 4 9 75
3 6 47 76
1 5 9 76
5 4 11 3
2 6 43 2
6 8 47 1
7 4 11 7
5 6 17 7
6 6 29 5
6 6 43 6
3 4 11 8
2 4 11 15
3 6 13 15
2 8 17 14
5 6 25 14
2 4 11 17
1 8 17 19
2 6 25 19
2 6 49 21
1 6 53 21
5 4 11 20
6 6 21 20
1 6 27 22
7 4 9 21
1 4 11 23
8 6 57 23
2 4 9 23
5 6 13 23
6 4 11 30
2 6 9 31
5 6 9 31
7 6 31 32
6 4 11 37
2 4 11 40
5 4 11 42
3 4 11 46
1 6 15 45
6 4 13 1
5 6 21 1
5 6 27 1
1 6 33 1
8 6 51 1
7 4 13 1
6 4 13 5
8 4 13 12
7 6 31 13
5 8 47 15
7 4 13 37
2 4 13 37
7 4 13 50
1 4 14 78
3 5 40 75
7 6 41 78
2 4 15 1
7 6 17 2
1 4 15 2
5 4 15 27
8 4 15 30
3 4 15 32
1 6 51 31
8 4 15 38
5 4 17 34
3 4 17 35
2 4 17 47
7 6 23 45
5 6 23 48
3 4 17 79
5 5 61 78
8 4 17 98
8 8 60 99
3 7 87 99
5 4 16 99
3 5 53 97
5 4 19 48
3 7 21 49
7 5 19 50
1 5 43 50
1 4 18 52
6 5 45 49
3 4 19 89
6 5 67 90
3 4 21 6
7 6 19 7
3 8 33 6
3 4 21 6
2 4 21 28
1 4 21 31
8 4 21 31
5 4 23 34
6 6 29 34
5 4 23 36
5 4 23 52
5 5 50 54
1 5 73 54
7 4 25 4
5 4 25 6
2 4 25 6
1 4 25 16
3 4 25 16
1 6 29 16
2 6 55 17
7 4 23 16
3 4 25 41
7 4 23 41
2 4 25 40
5 4 25 40
7 4 25 39
3 4 25 39
1 4 25 50
5 5 27 50
1 5 34 53
6 4 25 62
3 6 62 65
6 4 27 19
2 4 27 27
3 4 29 13
2 4 29 16
3 4 29 18
6 4 29 17
5 4 27 18
1 4 29 82
7 5 60 82
3 6 81 81
8 5 64 85
8 4 31 5
5 4 31 4
6 4 31 20
5 4 31 19
8 8 29 20
7 6 33 19
3 4 31 21
5 6 31 21
3 4 31 22
7 4 31 31
7 4 31 35
7 4 32 80
8 4 33 1
8 4 33 7
6 6 31 8
5 4 33 30
7 4 33 31
8 4 33 32
7 4 33 97
7 4 34 58
7 5 72 60
3 4 34 93
1 4 35 5
7 4 35 7
2 4 35 30
5 4 35 50
3 6 37 48
2 4 35 66
1 4 35 76
6 5 42 75
8 4 36 79
2 4 37 47
5 4 37 59
8 4 39 27
6 6 43 28
1 6 45 27
7 6 45 25
6 4 40 63
6 5 81 58
6 4 41 23
3 4 41 28
2 4 41 28
8 4 41 39
7 4 41 84
3 5 50 86
8 4 41 99
6 4 42 90
5 4 43 16
1 4 43 17
7 4 43 19
5 4 43 27
8 4 43 28
2 4 43 50
6 4 44 62
7 4 45 35
6 4 46 57
2 4 47 11
2 4 47 38
7 4 49 16
5 4 50 95
1 4 51 12
3 4 51 12
7 4 53 49
1 4 53 96
2 4 55 57
8 4 56 91
5 4 57 48
5 4 57 91
3 4 60 80
7 4 62 67
7 4 62 87
2 5 83 88
6 4 69 59
6 5 71 63
5 4 72 98
6 4 75 54
1 4 76 62
8 4 77 81
8 4 78 73
8 5 83 72
8 4 80 51
5 4 80 73
1 5 78 73
3 4 79 72
6 5 77 72
3 4 83 86
3 3 1 50
7 5 5 49
6 4 7 50
8 4 17 50
8 4 27 49
6 4 35 48
3 3 1 59
8 4 6 57
7 5 50 58
5 3 1 61
8 4 18 61
6 4 41 60
8 3 1 69
8 5 60 69
8 4 22 70
8 4 28 69
8 6 52 68
3 5 35 68
6 4 37 68
3 4 44 72
8 4 43 71
5 6 59 74
7 4 52 64
5 3 1 69
1 4 6 68
7 4 15 68
2 4 13 68
7 6 57 69
8 4 27 68
6 4 55 70
5 4 77 64
1 3 1 91
2 4 8 91
2 5 81 90
8 4 42 91
2 5 55 94
6 4 50 90
7 6 73 90
5 4 72 91
5 4 77 89
6 3 1 91
7 4 32 91
5 4 47 90
5 4 50 91
3 4 51 94
7 3 2 63
8 4 18 65
8 4 30 61
8 4 50 65
3 3 2 69
6 4 5 70
5 5 72 67
1 4 10 68
3 4 51 68
5 3 2 76
1 4 56 76
5 3 3 53
1 4 44 54
3 4 49 57
7 3 3 58
2 3 3 68
1 5 63 70
1 4 31 70
6 5 58 73
5 4 59 73
8 4 70 70
7 3 3 90
6 4 45 92
3 3 4 59
6 3 4 74
2 4 27 72
8 4 36 70
5 3 4 79
2 8 3 79
1 4 17 77
3 4 24 79
6 4 27 77
1 4 36 78
5 4 38 75
7 4 64 80
7 3 6 54
8 4 19 55
7 4 18 55
3 5 66 56
2 4 33 53
1 4 66 54
3 5 73 55
1 3 6 83
8 4 58 84
1 4 69 86
8 4 80 85
8 3 7 73
2 3 7 79
2 4 22 78
8 4 23 79
6 4 28 81
2 4 35 81
1 3 6 79
1 4 63 79
8 3 7 78
2 3 8 54
1 5 19 54
1 4 7 54
5 3 8 65
6 5 50 66
1 4 10 65
2 4 55 62
5 4 57 63
7 3 9 65
2 3 9 67
6 3 9 92
6 4 13 90
1 4 31 91
2 6 48 90
3 5 42 89
7 4 50 92
5 4 54 86
8 6 72 84
6 4 56 84
7 4 58 84
5 3 9 95
2 5 48 97
3 4 12 96
5 5 76 93
7 4 17 97
5 6 30 94
3 6 28 93
7 4 47 91
6 4 48 97
1 4 54 100
3 4 67 93
5 4 67 95
3 3 10 82
8 3 10 88
1 4 57 85
8 3 11 72
7 4 32 74
2 4 37 75
5 6 58 71
1 4 39 73
5 4 42 75
5 3 11 78
1 4 54 78
8 3 11 80
7 3 12 81
2 4 23 80
6 3 11 80
5 4 13 78
6 3 13 58
8 4 38 56
3 3 13 80
2 3 14 54
8 4 54 53
2 3 14 90
1 5 13 91
3 5 23 89
7 4 26 92
1 4 26 92
2 4 31 89
3 4 34 88
1 5 33 90
5 4 58 92
8 5 63 92
2 4 74 93
1 3 15 55
3 4 20 54
6 4 37 53
7 4 65 51
1 3 15 99
7 4 26 98
2 3 16 65
5 4 46 64
7 3 16 81
6 4 52 80
6 3 16 84
2 4 33 84
7 3 16 86
6 3 16 87
3 4 32 84
2 3 18 75
1 4 30 72
7 3 16 75
1 4 42 73
1 3 19 73
2 4 36 72
2 4 41 74
2 3 20 69
8 4 64 68
1 3 21 95
3 4 42 96
5 3 20 97
6 3 22 79
5 5 32 78
5 4 23 80
8 4 22 79
3 4 48 78
5 4 67 76
5 3 24 90
8 5 36 89
1 3 25 55
3 5 53 53
3 3 26 60
6 5 53 58
1 4 43 60
8 3 26 70
1 4 34 69
7 3 28 58
7 4 57 59
7 3 28 89
7 4 30 86
2 3 29 70
1 4 45 71
8 4 49 70
7 4 63 70
1 3 30 58
7 5 42 58
3 5 48 58
5 4 39 60
2 4 38 61
3 5 48 60
5 4 46 59
6 3 30 66
3 3 30 74
8 4 34 75
8 3 31 99
2 3 33 68
1 3 33 73
6 3 33 72
3 3 32 72
1 3 34 86
1 3 34 93
1 5 45 91
8 4 48 93
2 3 35 81
3 4 34 81
1 4 47 82
5 4 48 79
8 3 34 80
3 3 36 56
5 4 38 56
3 3 36 64
6 3 37 55
8 4 40 55
7 3 37 75
6 3 39 98
2 3 41 75
1 3 41 82
6 3 45 98
8 4 67 97
5 3 46 83
6 3 49 55
2 3 53 59
1 3 52 60
2 4 55 61
3 3 53 92
2 3 54 55
8 3 53 57
7 3 55 70
3 3 56 53
3 3 56 97
6 3 56 97
3 3 59 68
5 3 67 51
5 3 70 61
1 3 72 67
6 3 73 99
2 3 75 87
8 2 1 2
5 6 33 1
8 4 5 1
8 4 25 1
7 4 25 1
5 4 29 1
2 4 27 2
6 2 1 3
6 4 7 3
1 4 31 4
7 2 1 3
3 4 29 3
3 2 1 3
6 4 21 3
8 4 21 4
1 4 25 2
6 4 27 4
8 2 1 4
2 2 1 4
8 4 11 4
7 2 1 5
3 4 5 5
2 4 5 6
7 4 27 6
1 2 1 5
7 4 17 5
8 4 17 4
6 4 23 3
5 4 25 6
5 4 29 7
5 2 1 6
3 4 7 6
2 4 7 7
6 4 7 7
2 4 19 7
6 2 1 6
1 2 1 8
5 4 33 8
8 4 39 9
6 2 1 8
3 4 19 7
8 4 17 7
7 2 1 8
3 4 7 7
8 2 1 8
3 2 1 9
7 4 33 9
5 2 1 10
5 4 35 10
7 4 35 11
8 4 35 12
2 2 1 10
1 4 23 10
8 4 21 11
8 2 1 11
3 4 1 11
7 4 11 12
3 4 21 10
1 4 31 13
7 4 33 14
5 2 1 11
8 4 3 11
1 4 5 11
5 4 3 11
2 4 5 12
5 4 19 11
1 4 35 12
3 2 1 11
8 4 13 10
3 4 13 9
2 4 13 9
7 2 1 11
1 4 5 11
7 4 9 11
1 2 1 13
5 4 9 13
7 4 17 13
6 2 1 13
3 4 21 13
5 2 1 13
3 2 1 14
2 2 1 14
1 4 1 14
2 4 17 14
2 2 1 14
8 4 7 14
1 4 7 15
2 4 21 16
7 4 37 17
3 2 1 15
2 4 27 15
6 2 1 15
8 4 9 14
7 2 1 16
6 4 7 16
7 4 17 16
5 2 1 16
3 4 17 16
1 4 15 16
7 4 23 15
5 2 1 18
1 6 3 17
1 6 5 18
6 6 3 20
2 6 11 18
8 4 1 18
3 4 7 18
6 4 15 16
3 2 1 18
5 2 1 18
7 2 1 20
7 4 25 20
8 2 1 20
5 4 25 19
3 2 1 22
7 2 1 22
7 4 11 21
6 4 21 22
2 4 29 23
2 6 33 23
3 4 41 24
8 4 39 25
5 2 1 22
8 2 1 23
7 2 1 25
6 4 7 24
1 6 11 24
3 4 13 25
5 4 13 24
8 4 13 25
8 4 23 23
8 4 27 26
6 6 31 26
2 4 29 27
1 4 27 27
7 4 27 26
5 4 41 28
8 2 1 28
6 4 3 28
6 4 19 29
7 6 17 30
2 2 1 29
7 4 9 29
3 4 9 30
5 2 1 29
3 2 1 29
1 4 33 28
1 2 1 30
7 2 1 30
8 4 19 30
6 2 1 30
3 2 1 31
8 4 1 31
8 4 5 32
6 4 3 32
6 6 17 32
2 4 23 34
5 4 31 32
2 4 35 35
5 2 1 31
7 2 1 31
3 2 1 32
7 2 1 33
6 4 35 33
3 2 1 34
2 4 17 34
8 4 15 34
1 6 19 34
3 6 23 34
5 2 1 36
7 2 1 37
8 4 11 37
5 6 13 36
1 6 19 36
8 4 15 37
5 4 29 38
1 4 27 38
1 2 1 39
2 2 1 39
5 2 1 40
8 4 1 40
3 4 3 41
6 6 1 42
7 4 1 41
3 4 11 41
6 4 13 40
2 2 1 43
8 6 3 42
3 6 23 43
7 4 25 44
5 4 29 45
6 2 1 44
2 4 7 44
3 4 7 45
7 4 11 46
6 4 11 47
1 4 49 48
3 2 1 44
8 4 7 43
2 2 1 45
6 2 1 47
8 2 1 47
3 6 15 46
5 4 13 46
6 4 13 47
8 4 13 48
6 4 23 47
8 4 25 47
5 4 37 48
8 4 37 48
7 2 1 47
6 2 1 47
1 6 7 46
1 4 17 45
6 4 29 47
7 2 1 50
2 4 21 49
2 3 5 50
5 2 1 52
1 3 52 53
6 2 1 54
5 4 49 53
2 3 4 55
2 4 31 56
1 3 27 53
2 3 49 57
2 3 53 57
6 3 52 59
1 2 1 54
6 3 12 53
8 3 50 54
7 4 49 56
5 3 48 55
3 2 1 55
7 3 24 55
2 3 23 56
3 3 25 54
5 3 45 56
2 2 1 83
2 3 22 85
6 3 46 85
8 3 45 85
8 4 53 85
3 3 52 83
6 4 58 83
2 3 55 83
7 3 56 83
3 3 71 87
5 3 72 89
3 2 1 85
6 3 59 83
2 3 58 83
5 2 1 84
7 3 25 84
8 3 24 87
3 3 24 86
3 5 45 86
1 4 22 86
6 3 30 82
8 2 1 86
5 3 15 87
2 4 14 87
8 4 32 84
5 3 30 87
2 3 37 86
5 4 36 86
6 3 42 87
2 2 1 90
2 3 5 89
2 4 28 87
3 3 5 89
8 4 16 88
1 3 7 91
5 3 13 87
1 3 28 86
1 3 35 87
7 2 1 94
8 3 25 92
7 4 32 95
7 3 24 92
2 3 40 92
2 3 69 96
1 2 1 96
5 3 68 96
8 2 1 95
2 3 6 95
1 3 12 98
1 3 28 98
8 3 27 98
8 4 32 98
1 3 32 98
7 3 59 99
2 2 1 96
3 3 46 96
2 2 2 58
6 3 14 57
6 4 17 57
7 3 15 58
8 5 27 57
5 4 28 56
8 3 21 55
2 3 29 58
1 3 39 57
8 3 47 57
1 3 50 59
7 2 2 61
2 3 16 60
3 4 61 61
7 3 32 58
7 3 39 60
5 4 46 61
6 3 58 63
2 2 1 61
8 3 15 61
3 5 21 59
2 3 25 61
7 4 26 61
5 3 25 63
6 4 26 63
3 3 26 64
7 3 45 63
1 3 50 65
6 3 53 65
6 2 2 63
1 3 3 62
6 4 9 62
2 3 8 63
7 4 55 60
3 3 21 64
1 3 54 62
7 2 2 77
6 3 13 76
3 5 16 76
2 4 29 78
2 3 19 77
6 5 36 76
1 4 42 75
2 3 25 78
3 2 2 84
6 4 4 85
7 3 28 83
6 3 37 82
7 2 2 88
8 3 7 87
7 3 36 86
7 3 39 87
5 3 44 87
3 2 3 1
1 2 3 1
8 4 27 1
8 2 3 1
1 4 17 1
2 4 15 1
7 4 13 1
5 2 3 1
5 2 3 7
1 2 3 7
3 2 3 9
1 2 3 9
5 2 3 9
6 4 21 9
2 2 3 10
2 2 3 15
5 4 7 14
1 4 11 13
3 2 3 16
8 2 3 17
6 2 3 18
7 2 3 18
6 2 3 20
1 2 3 21
6 2 3 22
8 2 3 22
6 2 3 22
5 4 27 22
1 2 3 23
5 2 3 23
3 4 3 23
2 2 3 24
2 4 9 24
5 2 3 24
7 4 5 24
5 4 21 25
6 4 19 26
8 2 3 26
1 2 3 26
1 4 19 26
2 4 29 27
2 2 3 26
8 2 3 26
3 2 3 27
8 2 3 32
2 2 3 33
1 2 3 35
2 2 3 35
3 4 9 35
8 2 3 36
5 2 3 36
1 2 3 36
3 2 3 38
8 2 3 38
6 2 3 38
5 2 3 38
2 2 3 39
8 2 3 40
1 2 3 40
3 2 3 41
2 2 3 43
2 2 3 49
1 2 3 50
2 4 18 51
7 3 3 50
2 3 3 50
1 3 15 50
7 3 31 51
8 2 3 51
5 2 3 57
5 3 31 56
7 4 49 55
2 3 34 57
2 3 48 56
5 2 3 67
3 3 6 69
5 4 36 66
3 3 7 66
3 3 28 69
7 3 38 69
5 3 38 70
1 2 3 76
7 3 25 75
6 3 28 74
7 3 48 74
1 2 3 87
7 3 25 88
1 3 27 87
3 4 40 86
6 2 3 90
5 3 22 89
2 3 35 87
6 2 3 98
6 3 6 99
2 3 36 98
8 2 4 56
1 3 47 55
3 2 4 64
1 3 36 64
1 2 4 70
1 3 5 71
2 4 53 69
8 3 8 69
7 3 9 70
2 3 46 70
7 3 45 71
6 3 46 72
8 2 3 70
1 3 41 68
7 2 4 79
2 2 4 80
1 3 23 78
8 3 44 77
2 4 43 77
7 3 49 78
5 2 4 80
1 3 18 78
6 3 40 78
6 2 4 80
8 3 9 80
8 2 4 82
6 2 4 98
2 5 8 100
7 2 5 2
5 2 5 3
7 2 5 4
8 2 5 7
1 4 7 6
6 2 5 8
7 2 5 9
6 2 5 10
2 2 5 10
6 2 5 12
7 2 5 14
2 2 5 16
6 2 5 16
5 4 17 16
1 4 15 16
3 2 5 16
8 2 5 17
3 2 5 19
8 2 5 20
2 2 5 21
1 2 5 21
7 2 5 22
8 2 5 22
7 2 5 22
8 2 5 22
7 2 5 22
3 2 5 23
6 4 7 23
8 2 5 24
5 2 5 24
2 4 19 23
3 2 5 25
6 2 5 26
2 2 5 26
5 2 5 26
3 2 5 27
7 2 5 27
3 2 5 27
6 4 9 27
2 2 5 30
5 2 5 30
7 2 5 31
8 2 5 32
3 2 5 33
1 2 5 33
7 2 5 34
8 2 5 35
7 2 5 35
8 4 19 34
6 2 5 36
3 2 5 36
2 2 5 37
7 2 5 37
1 2 5 38
7 2 5 41
7 2 5 45
3 2 5 45
7 4 21 45
2 2 5 48
7 2 5 48
5 4 5 48
7 2 5 48
7 4 25 47
1 2 5 48
7 2 5 48
1 2 5 48
3 2 5 49
8 2 5 49
6 2 5 50
5 2 5 62
3 2 4 62
5 3 23 61
6 3 35 60
7 3 39 58
3 3 47 60
3 2 5 71
7 3 30 71
5 2 5 76
1 3 31 75
7 2 5 85
6 3 11 85
5 4 38 84
2 4 37 84
3 3 11 84
8 3 20 84
1 3 26 83
1 3 38 83
8 2 5 99
2 3 24 98
2 4 42 98
5 3 37 97
2 3 37 96
3 3 43 96
5 3 45 99
3 3 48 99
1 2 5 99
8 3 8 99
6 4 10 97
1 3 36 96
8 4 35 97
5 3 40 93
2 3 51 95
1 3 64 94
3 2 6 59
6 2 6 64
5 4 54 62
3 3 15 64
1 3 18 64
1 3 27 65
3 3 26 66
8 3 43 62
2 3 50 66
7 2 6 68
7 3 34 67
6 3 34 67
5 2 6 68
8 3 36 68
2 3 35 69
6 2 5 68
2 3 41 67
2 2 6 67
8 3 23 66
6 3 22 67
5 3 24 66
7 4 23 66
2 4 26 66
3 3 25 66
6 4 46 65
1 3 42 66
3 3 44 65
8 2 5 67
8 2 6 84
2 3 17 85
6 3 24 87
3 3 25 88
6 3 35 91
1 2 5 85
5 3 15 84
1 3 14 84
8 2 6 92
3 2 7 3
2 2 7 3
6 2 7 3
2 2 7 3
5 4 9 3
3 4 15 3
1 4 15 3
2 2 7 6
6 2 7 9
7 2 7 9
6 2 7 9
5 2 7 17
6 2 7 19
5 2 7 22
3 2 7 23
6 2 7 24
5 2 7 28
1 2 7 31
5 2 7 32
2 2 7 32
3 4 13 31
1 4 15 32
7 2 7 33
3 2 7 33
7 2 7 33
7 2 7 37
2 2 7 38
3 4 15 38
7 2 7 43
6 2 7 43
1 2 7 43
2 2 7 44
1 2 7 45
6 2 7 45
2 6 9 44
3 2 7 50
8 2 7 52
5 2 7 62
1 3 11 62
3 4 11 60
1 3 17 60
8 3 15 61
5 3 33 59
7 3 37 60
8 3 42 59
8 2 7 76
5 2 6 76
3 4 32 77
6 3 9 75
5 4 42 77
7 3 10 74
3 3 27 77
1 3 44 76
7 3 46 76
1 2 6 75
3 3 5 76
2 2 5 75
1 3 34 74
1 3 38 75
5 2 4 75
3 3 43 75
6 2 5 77
7 2 7 89
3 4 7 89
3 3 22 91
2 3 41 88
7 3 57 93
5 2 7 94
1 3 35 92
5 2 8 56
1 2 8 70
7 3 21 72
5 3 27 73
8 2 8 71
5 3 18 69
2 3 49 71
2 2 8 83
6 3 29 82
6 3 40 81
6 2 8 95
7 2 8 99
6 3 40 98
3 2 9 1
6 2 9 1
7 2 9 1
2 2 9 3
7 2 9 4
7 2 9 9
2 2 9 12
6 2 9 12
7 2 9 19
8 2 9 20
5 2 9 20
7 2 9 20
8 2 9 20
1 2 9 20
8 2 9 20
7 2 9 23
8 2 9 28
7 4 25 28
3 2 9 29
1 2 9 29
2 2 9 30
6 2 9 30
5 2 9 30
1 2 9 31
6 2 9 34
7 2 9 35
1 2 9 38
2 2 9 38
7 2 9 39
8 2 9 39
5 2 9 42
5 2 9 44
7 2 9 45
2 2 9 45
8 4 9 45
5 2 9 96
6 3 15 94
3 3 15 93
8 4 45 94
7 3 35 98
1 3 36 95
1 3 43 97
1 3 44 92
2 2 10 61
7 2 10 66
7 3 41 65
3 2 10 85
8 2 10 90
5 3 29 91
7 2 10 91
2 2 10 91
5 3 13 90
2 2 11 1
5 2 11 9
2 2 11 10
1 2 11 10
3 2 11 16
7 2 11 16
6 2 11 18
2 2 11 21
7 2 11 23
8 2 11 30
6 2 11 32
2 2 11 33
8 2 11 37
7 2 11 37
6 2 11 39
8 2 11 39
7 2 11 40
5 2 11 44
2 2 11 47
8 2 11 47
1 2 11 48
3 2 11 50
8 2 11 60
1 3 33 60
7 2 11 63
8 3 14 63
7 3 18 63
8 3 17 63
3 3 19 63
6 3 22 63
5 4 21 64
1 4 23 63
2 3 21 63
3 2 11 92
3 3 47 93
5 2 12 63
3 2 13 1
2 2 13 1
7 2 13 1
8 4 13 1
5 2 13 5
8 2 13 8
6 2 13 12
5 2 13 14
3 2 13 14
1 2 13 14
8 2 13 15
2 2 13 15
8 2 13 15
2 2 13 17
6 2 13 18
2 2 13 19
3 2 13 22
8 2 13 28
3 2 13 28
1 2 13 29
7 2 13 33
5 2 13 33
1 2 13 40
2 2 13 43
8 2 13 43
3 2 13 44
7 2 13 47
3 2 13 47
1 4 19 46
5 2 13 47
8 2 13 47
3 2 13 47
7 2 13 60
6 2 14 51
7 2 14 62
2 2 14 63
8 4 16 63
1 3 14 65
7 3 31 61
5 2 14 64
5 2 14 94
5 2 15 4
6 2 15 6
3 2 15 8
8 2 15 15
6 2 15 17
3 2 15 19
7 2 15 23
5 2 15 24
3 2 15 24
5 2 15 27
6 2 15 27
8 2 15 27
1 2 15 29
2 2 15 39
5 2 15 39
3 2 15 39
6 2 15 39
5 2 15 39
7 2 15 39
8 2 15 39
6 2 15 43
7 2 15 43
1 2 15 44
3 2 15 44
5 2 15 44
7 2 15 44
5 2 15 56
6 3 38 54
7 3 46 52
8 2 15 58
5 2 15 59
3 2 15 62
6 2 15 79
7 2 15 80
5 2 15 81
3 3 18 79
7 2 15 100
8 2 16 51
2 2 16 59
6 3 21 57
5 3 35 60
1 2 16 58
3 3 33 58
8 2 16 64
3 3 24 65
8 2 16 69
3 2 16 74
8 2 16 77
6 2 16 95
2 3 15 95
8 2 17 8
2 2 17 8
1 2 17 19
8 2 17 19
6 2 17 19
5 2 17 19
2 2 17 19
1 2 17 21
6 2 17 21
8 2 17 21
2 2 17 21
3 2 17 24
7 2 17 24
1 2 17 24
7 2 17 24
3 2 17 28
6 2 17 28
2 2 17 28
1 2 17 29
2 2 17 33
5 2 17 35
2 2 17 46
5 2 17 49
8 2 17 49
8 2 17 61
3 2 17 60
8 2 17 81
1 2 17 91
7 3 37 92
5 3 40 92
6 2 18 55
8 2 18 54
1 3 42 52
1 2 18 59
3 2 18 62
3 2 18 68
2 2 18 89
5 3 23 88
7 2 18 91
5 3 17 91
6 2 18 90
3 2 19 4
7 2 19 4
6 2 19 8
5 2 19 12
8 2 19 13
7 2 19 17
8 2 19 21
3 2 19 33
5 2 19 33
5 2 19 35
2 2 19 51
1 2 19 70
5 3 18 70
2 2 19 93
6 3 27 92
3 2 20 52
2 2 20 51
1 3 27 51
6 2 20 73
2 4 34 72
6 3 38 72
1 3 38 70
5 2 21 12
2 2 21 12
3 2 21 29
7 2 22 53
2 2 22 65
8 2 22 68
6 2 22 87
2 3 25 86
7 2 22 88
6 3 24 88
3 3 23 89
1 2 22 88
8 2 23 12
8 2 23 33
1 2 23 49
8 2 23 49
8 2 23 51
3 2 23 86
7 2 24 83
8 2 24 95
5 2 24 97
3 3 41 96
1 3 44 96
6 2 25 49
6 2 26 61
7 2 26 75
8 2 26 89
1 2 27 63
5 2 27 81
6 2 28 51
5 3 30 51
2 3 37 53
5 4 35 54
3 2 28 58
5 2 28 60
7 2 28 81
1 2 27 82
3 2 29 51
8 3 47 52
1 2 29 59
7 2 29 97
5 3 31 96
2 2 30 75
7 2 29 76
6 2 30 97
2 2 31 51
8 2 31 65
8 2 31 74
7 2 31 95
3 2 32 81
5 2 32 81
7 2 33 72
5 2 32 72
3 2 34 71
3 4 39 70
5 3 36 72
8 2 34 85
1 2 34 97
2 2 35 79
5 2 35 95
7 2 34 95
3 2 35 94
5 2 35 98
3 2 34 99
5 2 36 67
6 2 36 81
3 2 37 56
6 2 37 57
5 2 38 57
6 2 38 71
6 2 38 81
6 2 38 90
1 3 37 90
5 2 38 95
3 2 39 51
7 2 39 96
1 3 38 96
3 2 38 95
6 2 40 71
8 2 41 99
2 2 42 74
6 2 42 89
6 2 43 99
6 2 45 51
6 2 45 82
1 2 47 74
2 2 50 66
5 2 49 67
1 2 50 82
1 2 52 52
4 741 1 1
7 3 9 1
7 3 17 2
3 2 2 1
5 2 2 1
3 2 13 1
6 2 14 2
6 3 19 2
8 2 17 2
5 2 16 3
5 2 20 1
6 2 23 2
7 2 25 2
3 2 32 2
1 2 31 2
6 2 33 2
3 2 32 2
4 18 25 16
2 3 27 15
6 2 25 15
8 2 25 14
3 2 25 15
1 2 24 15
3 2 27 13
2 2 27 13
8 2 30 12
8 2 31 17
4 16 18 7
1 3 22 7
3 2 17 7
5 2 19 4
1 3 21 5
2 2 21 8
3 2 22 9
6 2 22 9
8 3 21 10
3 2 20 10
2 2 22 11
1 2 30 4
7 2 32 5
4 15 3 19
7 3 2 19
7 2 4 18
8 2 4 23
6 3 15 23
5 2 6 19
1 3 11 18
8 3 34 18
8 2 10 21
8 2 14 24
2 2 15 23
3 2 18 20
8 3 18 20
7 3 17 22
2 2 20 24
8 2 21 17
8 2 22 25
5 2 26 26
1 2 27 22
6 2 26 22
8 2 28 26
3 2 29 24
8 2 33 24
6 2 35 26
8 2 34 27
4 15 29 3
2 4 29 3
6 3 29 4
3 2 28 5
5 2 29 5
1 2 28 6
4 14 23 3
8 3 24 1
3 2 23 3
1 2 24 7
6 3 23 7
3 2 25 3
2 2 27 9
4 13 5 1
1 2 6 2
2 2 6 3
3 2 5 3
6 3 5 2
5 3 4 3
1 2 8 4
6 3 11 3
2 3 19 2
1 2 10 4
2 2 10 3
8 2 11 2
3 2 11 1
7 2 20 5
1 2 21 5
7 2 22 6
8 3 21 6
4 13 13 13
6 2 12 15
7 3 12 14
2 2 12 13
8 2 12 17
5 2 13 15
8 2 13 14
1 2 13 17
3 3 29 17
3 2 13 18
5 2 12 18
2 2 19 19
1 2 19 18
3 2 18 18
7 2 22 18
2 2 23 19
5 2 23 19
3 2 27 16
8 2 27 20
5 2 34 16
1 2 33 16
4 19 12 14
1 2 12 13
4 13 30 49
2 2 31 48
6 2 32 47
7 2 32 47
2 2 32 46
5 2 36 49
6 2 44 43
8 2 44 44
7 2 43 45
8 2 45 44
6 2 46 44
4 12 16 21
7 3 18 24
7 2 16 19
6 2 16 19
3 2 20 24
7 3 31 24
2 2 21 22
8 2 22 22
6 2 26 26
2 2 26 27
5 2 30 24
3 2 30 25
2 2 32 27
3 2 37 28
7 2 36 28
2 2 35 28
4 19 18 24
8 2 18 22
2 2 21 25
8 2 23 26
8 2 31 27
5 2 30 27
8 2 34 28
8 2 35 28
4 10 3 5
5 2 3 4
3 2 2 5
8 2 1 5
3 2 5 7
7 3 6 7
1 3 5 9
8 3 14 6
8 2 5 8
2 2 9 4
7 3 10 5
8 2 9 4
4 8 4 19
2 2 4 19
1 2 3 20
3 2 3 19
7 2 3 19
7 2 14 18
5 2 13 18
1 2 12 18
2 2 16 20
5 2 17 20
4 8 4 41
6 3 10 39
1 3 19 38
5 2 4 40
2 2 4 43
6 2 4 42
8 3 11 42
3 2 9 40
2 2 9 43
2 2 11 40
6 2 21 38
8 2 22 42
7 2 24 38
6 2 35 44
1 3 34 45
8 2 36 43
4 14 22 37
2 3 21 39
1 2 21 38
6 2 24 36
4 10 32 46
2 2 34 49
6 2 36 44
4 9 9 40
8 3 9 39
7 2 8 39
1 4 8 40
8 2 7 39
1 4 20 37
7 2 7 39
2 2 9 38
5 2 9 41
3 2 12 40
6 2 16 39
8 2 16 39
1 2 27 36
2 2 30 35
3 2 29 36
4 8 12 22
7 2 13 21
1 2 14 20
4 8 19 44
7 2 22 44
6 4 25 44
2 2 24 47
2 2 26 43
8 2 29 42
7 2 30 43
4 13 20 45
3 2 20 45
1 2 19 45
3 3 23 44
2 3 27 44
1 2 23 46
5 2 28 48
8 2 30 48
4 8 24 35
7 2 26 35
6 2 25 36
5 2 24 36
7 2 27 34
3 3 26 34
5 2 27 33
5 2 28 34
3 2 44 32
4 9 34 30
1 2 33 30
4 7 9 46
1 3 14 46
2 4 13 46
1 2 9 45
8 3 11 45
8 4 15 43
6 2 14 47
2 2 14 46
1 2 16 42
2 2 16 41
7 2 16 44
5 2 17 44
8 2 17 43
4 6 4 32
7 3 31 31
7 3 33 31
6 2 3 33
6 3 14 31
7 2 3 33
5 3 14 32
2 3 26 31
5 3 26 31
3 2 4 31
7 2 3 31
3 3 10 31
5 2 5 35
7 2 6 32
5 3 6 32
1 2 5 32
3 2 9 32
1 3 27 30
7 2 19 35
8 2 20 33
2 2 20 35
7 2 20 35
4 12 18 33
7 2 26 37
4 8 13 34
8 3 12 34
1 2 11 34
6 2 11 34
6 2 14 32
6 2 16 35
8 2 18 32
8 2 25 31
5 2 24 31
4 7 8 35
7 2 14 35
5 2 18 37
4 7 11 31
2 3 11 30
6 2 10 30
6 2 21 29
3 2 33 28
4 7 26 27
7 2 28 28
6 2 31 28
4 6 6 38
2 2 5 40
8 2 8 40
3 2 11 37
7 2 14 41
4 6 9 7
3 2 11 6
4 6 12 49
3 2 12 49
8 2 15 49
7 3 19 47
6 3 18 47
1 2 24 49
8 2 25 49
5 2 24 49
4 6 13 24
5 2 15 24
5 2 19 25
4 6 16 17
4 5 10 26
1 2 14 24
6 2 21 26
1 2 21 26
3 2 22 27
2 2 29 28
4 6 17 26
3 2 18 27
5 2 18 28
4 6 23 30
2 2 22 30
4 5 14 43
4 6 21 42
3 2 20 42
4 5 16 28
4 5 17 37
4 4 2 4
2 2 1 4
3 2 1 3
7 2 8 5
7 2 11 2
2 2 11 2
6 2 10 2
5 2 11 1
4 4 6 42
2 2 15 43
6 2 15 44
4 4 8 18
4 4 12 41
3 2 13 42
2 2 18 43
5 2 17 43
4 4 20 9
5 2 19 11
4 3 4 19
1 2 6 18
8 2 7 17
2 2 7 17
6 3 6 18
3 2 6 17
5 2 7 16
6 2 11 20
2 2 17 16
7 2 16 16
4 7 9 20
4 4 15 17
4 3 4 28
2 2 4 28
2 2 7 28
3 2 7 27
1 2 9 26
5 2 9 27
8 4 14 27
5 3 11 27
5 2 12 28
1 2 20 29
4 4 9 27
2 2 8 28
7 2 7 28
4 3 4 48
7 2 4 48
6 2 4 48
8 2 3 48
3 2 11 47
5 3 10 47
3 2 18 49
4 4 12 47
1 2 12 48
8 2 13 49
4 3 5 35
4 3 5 49
5 2 5 49
1 2 10 48
4 3 7 45
7 2 11 44
5 2 11 44
4 3 9 45
7 2 8 46
3 3 10 44
6 2 8 45
8 2 8 44
1 2 8 46
2 2 7 47
8 2 7 46
7 2 17 43
4 3 10 3
4 3 10 6
4 3 10 41
4 3 14 29
1 2 14 29
7 2 14 30
4 4 12 31
6 2 12 31
3 2 12 32
5 2 12 32
4 3 19 24
6 2 19 23
3 2 18 23
8 2 20 23
4 3 21 12
3 2 21 11
4 2 1 32
6 2 4 31
2 3 9 30
2 2 7 32
3 2 13 29
4 5 3 31
8 2 5 32
7 2 6 33
1 2 5 34
6 2 4 34
4 2 1 38
6 2 5 38
5 3 8 38
1 2 4 38
3 2 6 38
3 2 8 40
3 2 9 37
4 2 1 40
6 2 2 39
8 2 4 38
2 2 4 37
5 2 5 40
8 2 7 37
4 5 3 37
8 2 2 39
4 2 1 43
6 2 5 42
1 2 6 42
5 4 5 43
8 2 6 42
3 2 6 44
7 2 5 44
4 2 2 15
1 2 5 16
5 2 7 15
4 3 5 15
4 2 2 23
6 2 9 22
2 3 16 23
8 2 10 24
7 3 15 24
4 5 13 24
4 2 2 26
8 2 3 27
7 2 3 26
2 2 10 25
4 2 3 9
2 2 5 10
7 2 5 11
7 2 8 9
7 2 14 10
6 3 14 9
2 2 15 9
3 2 24 12
4 3 8 10
7 2 12 12
2 2 16 11
8 2 15 12
6 2 18 13
7 2 18 12
4 5 17 10
6 2 19 9
4 4 9 12
6 3 15 11
6 2 8 12
7 2 14 12
8 2 14 13
4 5 13 8
5 2 13 7
4 3 11 10
1 2 11 10
4 2 3 48
3 3 2 49
2 2 9 49
7 3 9 48
4 2 4 3
4 2 4 33
8 2 6 32
2 2 11 32
4 2 5 12
5 2 12 12
2 2 15 13
4 2 5 33
4 2 5 44
4 2 6 2
4 2 6 9
1 2 5 9
8 2 5 9
7 2 4 10
6 2 9 8
7 2 11 10
4 2 6 12
3 2 9 12
8 2 9 13
2 2 8 13
1 2 7 13
4 2 6 44
4 2 7 14
3 2 6 14
4 2 9 48
4 2 10 17
4 2 12 6
6 2 11 6
4 2 13 16
6 2 12 17
4 2 14 29
4 2 21 1
4 2 21 21
