633364
2826
1 2 11 1
1 2 51 1
1 2 53 1
1 2 57 1
1 2 35 2
1 2 61 2
1 2 63 2
1 2 77 2
1 2 31 3
1 4 79 3
1 2 93 3
1 4 15 4
1 4 31 4
1 2 63 4
1 2 5 5
1 2 35 5
1 2 91 5
1 2 93 5
1 2 27 6
1 6 49 6
1 2 59 6
1 8 65 6
1 2 83 6
1 2 13 7
1 2 51 7
1 2 53 7
1 2 1 8
1 4 3 8
1 2 29 8
1 2 57 8
1 2 9 9
1 2 17 9
1 2 19 9
1 4 45 9
1 2 71 9
1 2 5 10
1 2 9 10
1 2 11 10
1 2 63 10
1 4 79 10
1 2 83 10
1 2 27 11
1 2 35 11
1 2 39 11
1 2 9 12
1 2 17 12
1 2 37 12
1 2 39 12
1 2 45 12
1 2 65 12
1 2 71 12
1 2 75 12
1 2 1 13
1 2 27 13
1 2 39 13
1 6 51 13
1 2 55 13
1 2 57 13
1 2 75 13
1 2 9 14
1 2 57 14
1 2 63 14
1 2 75 14
1 6 1 15
1 2 3 15
1 2 29 15
1 4 9 16
1 2 31 16
1 2 33 16
1 2 43 16
1 2 45 16
1 4 49 16
1 2 57 16
1 2 73 16
1 2 79 16
1 2 5 17
1 2 25 17
1 2 73 17
1 2 7 18
1 4 9 18
1 2 23 18
1 2 83 18
1 4 5 19
1 2 19 19
1 2 21 19
1 6 31 19
1 2 53 19
1 6 55 19
1 4 63 19
1 2 11 20
1 2 13 20
1 2 73 20
1 2 77 20
1 2 3 21
1 2 13 21
1 2 27 21
1 6 43 21
1 8 49 21
1 4 55 21
1 2 63 21
1 4 75 21
1 2 7 23
1 4 11 23
1 8 33 23
1 2 95 24
1 2 15 25
1 2 7 26
1 2 17 26
1 2 59 26
1 2 77 26
1 2 85 26
1 2 41 27
1 2 59 27
1 2 61 27
1 2 67 27
1 4 73 27
1 2 79 27
1 2 49 28
1 2 83 28
1 2 85 28
1 2 7 29
1 4 9 29
1 2 29 29
1 8 33 29
1 2 37 29
1 2 39 29
1 2 53 29
1 2 61 29
1 2 77 29
1 2 1 30
1 2 3 30
1 2 39 31
1 2 45 31
1 2 53 31
1 2 71 31
1 2 85 31
1 2 83 32
1 2 87 32
1 2 19 33
1 2 43 33
1 2 77 33
1 4 9 34
1 4 37 34
1 2 73 34
1 2 11 35
1 2 43 35
1 2 45 35
1 2 7 36
1 2 15 36
1 4 17 36
1 2 21 36
1 2 23 36
1 4 35 36
1 2 45 36
1 2 57 36
1 2 63 36
1 2 75 36
1 2 5 37
1 2 23 37
1 2 27 37
1 2 61 37
1 2 69 37
1 2 75 37
1 2 39 38
1 2 43 38
1 2 53 38
1 2 59 38
1 2 75 38
1 2 77 38
1 2 83 38
1 2 5 39
1 2 3 40
1 6 7 40
1 2 21 40
1 6 41 40
1 2 87 40
1 2 67 41
1 2 7 42
1 2 23 42
1 2 61 42
1 2 85 42
1 2 19 43
1 4 29 43
1 2 35 43
1 2 39 43
1 4 59 43
1 2 21 44
1 2 89 44
1 2 17 45
1 4 39 45
1 2 41 45
1 6 63 45
1 2 67 45
1 10 71 45
1 2 19 46
1 2 23 46
1 2 25 46
1 2 65 46
1 2 79 46
1 2 7 47
1 2 31 47
1 4 43 47
1 2 93 47
1 2 3 48
1 2 9 48
1 2 41 48
1 2 57 48
1 2 79 48
1 8 61 49
1 2 79 49
1 2 93 49
1 2 23 50
1 2 47 50
1 2 77 50
1 2 83 50
1 2 55 51
1 3 20 52
1 2 90 51
1 2 46 52
1 2 69 51
1 2 63 52
1 3 11 53
1 2 84 52
1 2 33 53
1 3 34 53
1 5 63 53
1 3 24 54
1 3 44 54
1 4 80 54
1 2 15 55
1 3 33 55
1 5 74 55
1 6 43 56
1 2 96 57
1 2 42 58
1 4 73 58
1 2 36 59
1 4 89 59
1 2 47 60
1 2 74 60
1 4 91 61
1 2 21 62
1 2 6 63
1 2 65 63
1 2 88 63
1 2 6 65
1 2 47 64
1 2 11 65
1 2 83 64
1 2 29 65
1 3 76 65
1 4 92 66
1 2 6 68
1 2 10 68
1 2 40 68
1 3 16 69
1 2 48 68
1 2 45 70
1 2 76 70
1 2 79 70
1 2 5 72
1 2 17 71
1 2 32 70
1 2 83 70
1 3 34 72
1 2 59 72
1 2 75 72
1 3 80 72
1 2 22 73
1 3 40 73
1 2 80 73
1 2 56 74
1 2 83 74
1 2 60 75
1 2 63 75
1 2 8 76
1 4 71 75
1 3 12 76
1 3 20 76
1 5 37 75
1 3 67 76
1 2 75 75
1 2 40 77
1 3 86 76
1 3 15 78
1 2 24 77
1 2 69 76
1 2 16 78
1 3 74 77
1 2 10 79
1 2 11 78
1 2 48 79
1 2 54 79
1 2 75 79
1 3 85 79
1 5 22 80
1 2 55 79
1 2 87 81
1 4 62 82
1 3 33 83
1 2 52 84
1 3 44 85
1 2 27 86
1 2 78 86
1 2 5 87
1 2 72 87
1 2 74 87
1 2 80 87
1 2 30 88
1 2 51 87
1 2 37 88
1 2 46 87
1 2 54 88
1 2 48 89
1 2 89 89
1 2 20 90
1 2 34 89
1 3 24 90
1 3 1 91
1 3 13 90
1 2 61 89
1 2 90 89
1 3 37 91
1 2 39 92
1 2 74 92
1 2 41 93
1 2 93 94
1 2 94 94
1 3 59 95
1 2 1 96
1 2 55 95
1 2 69 95
1 2 30 96
1 3 81 97
1 2 96 97
1 2 12 98
1 2 35 98
1 2 86 97
1 2 46 98
1 2 10 99
1 2 42 99
1 3 60 100
5 2 13 1
5 2 31 1
5 2 33 1
5 4 39 1
5 2 53 1
5 4 55 1
5 2 35 2
5 4 41 2
5 4 69 2
5 2 75 2
5 4 1 3
5 2 5 3
5 4 15 3
5 2 17 3
5 4 39 3
5 2 49 3
5 4 35 4
5 2 55 4
5 10 71 4
5 10 79 4
5 2 7 5
5 4 47 5
5 2 69 5
5 4 3 6
5 2 7 6
5 2 27 7
5 2 51 7
5 2 77 7
5 4 7 8
5 2 17 8
5 8 35 8
5 2 39 8
5 4 71 8
5 4 11 9
5 2 15 9
5 2 29 9
5 2 69 9
5 2 1 10
5 2 7 10
5 4 27 10
5 2 55 10
5 2 79 10
5 2 9 11
5 2 15 11
5 4 37 11
5 6 41 11
5 2 59 11
5 2 71 11
5 2 29 12
5 2 31 12
5 2 51 12
5 2 67 12
5 2 7 13
5 2 17 13
5 2 23 13
5 8 49 13
5 2 67 13
5 2 15 14
5 6 25 14
5 2 31 14
5 4 33 14
5 2 55 14
5 2 57 14
5 2 49 15
5 6 71 15
5 4 73 15
5 2 5 16
5 2 41 16
5 2 47 16
5 2 63 16
5 2 21 17
5 2 51 17
5 2 63 17
5 2 65 17
5 2 1 18
5 2 9 18
5 2 37 18
5 2 49 18
5 8 13 19
5 6 39 19
5 4 47 19
5 2 53 19
5 2 67 19
5 2 39 20
5 2 67 20
5 2 19 21
5 2 23 21
5 2 51 21
5 2 9 22
5 2 23 22
5 2 33 22
5 2 51 22
5 2 59 22
5 4 73 22
5 2 77 22
5 4 7 23
5 4 19 23
5 2 23 23
5 4 41 23
5 2 59 23
5 2 71 23
5 4 1 24
5 4 25 24
5 2 27 24
5 6 39 24
5 2 65 24
5 6 7 25
5 2 11 25
5 2 37 25
5 4 67 25
5 2 9 26
5 2 13 26
5 2 15 26
5 2 51 26
5 2 35 27
5 2 69 27
5 2 71 27
5 2 75 27
5 2 23 28
5 2 27 28
5 2 53 28
5 12 67 28
5 2 83 28
5 2 9 29
5 2 41 29
5 2 45 29
5 2 53 29
5 2 11 30
5 4 15 30
5 2 41 30
5 2 73 30
5 2 5 31
5 2 23 31
5 6 71 31
5 6 1 32
5 2 9 32
5 2 11 32
5 2 33 32
5 2 71 32
5 2 27 33
5 6 51 33
5 2 53 33
5 2 75 33
5 2 21 34
5 2 23 34
5 2 25 34
5 2 27 34
5 4 77 34
5 2 83 35
5 2 87 35
5 2 1 36
5 2 19 36
5 2 33 36
5 2 45 36
5 4 63 36
5 2 5 37
5 2 15 37
5 2 49 37
5 2 23 38
5 2 35 38
5 2 71 38
5 2 7 39
5 2 47 39
5 2 63 39
5 4 79 39
5 2 81 39
5 2 5 40
5 2 7 40
5 2 65 40
5 2 67 40
5 2 15 41
5 2 41 41
5 2 51 41
5 2 81 41
5 2 83 41
5 2 19 42
5 4 29 42
5 4 31 42
5 4 55 42
5 2 63 42
5 10 3 43
5 2 7 43
5 6 31 43
5 2 37 43
5 4 15 44
5 2 49 44
5 2 59 44
5 2 77 44
5 4 21 45
5 2 69 45
5 4 3 46
5 2 31 46
5 2 33 46
5 2 55 46
5 4 27 47
5 2 77 47
5 2 13 48
5 2 15 48
5 6 25 48
5 6 55 48
5 2 63 48
5 4 65 48
5 2 11 49
5 2 17 49
5 2 27 49
5 2 55 49
5 2 63 49
5 2 73 49
5 5 5 50
5 4 57 50
5 2 65 50
5 3 67 50
5 2 46 51
1 2 85 52
5 4 5 52
5 4 24 52
1 2 26 51
5 2 28 52
5 3 48 52
5 3 73 51
5 2 54 53
5 2 62 54
1 2 64 54
5 8 41 56
1 2 79 62
5 3 46 56
5 2 75 55
5 3 57 57
5 2 85 57
5 3 37 59
5 2 52 59
5 2 55 59
5 2 43 60
5 2 60 60
5 2 71 60
5 3 2 61
1 2 38 61
5 2 13 62
5 2 54 61
5 2 87 60
5 2 86 62
5 4 24 63
1 2 70 64
5 2 90 63
5 2 14 64
1 2 44 63
1 2 48 65
1 2 86 65
5 3 57 63
5 3 67 64
5 2 7 65
1 2 10 65
5 2 9 65
5 2 34 64
5 2 25 65
5 2 35 64
1 2 39 65
5 2 40 66
5 4 74 66
5 3 83 66
5 2 93 67
5 3 4 68
5 2 20 67
5 2 46 67
5 3 77 67
5 2 15 68
5 2 45 70
5 2 88 69
5 2 64 71
5 2 68 71
5 3 32 72
5 3 55 72
1 2 64 72
1 2 89 71
5 2 80 72
5 2 55 73
5 3 57 72
5 4 67 72
5 4 61 73
5 3 14 74
5 4 6 75
5 5 67 74
5 5 8 75
5 2 10 75
5 2 43 75
5 2 52 74
5 2 33 76
5 3 45 76
1 2 65 75
5 2 74 74
5 3 69 77
5 2 74 77
5 2 15 78
1 2 43 78
5 2 60 78
5 3 4 79
5 2 20 78
5 2 83 78
5 2 59 79
1 2 83 79
5 2 32 81
5 2 57 80
1 2 82 81
5 2 90 80
5 3 84 81
5 4 29 82
1 2 52 83
1 2 27 84
5 2 40 81
5 2 36 82
5 2 56 83
5 2 55 85
1 2 75 84
5 2 59 86
5 2 75 85
5 2 84 86
5 2 63 87
5 2 18 88
5 2 42 87
5 2 65 87
5 2 82 88
5 2 35 89
1 2 43 90
5 3 76 89
5 2 84 89
5 3 29 90
5 3 42 90
5 2 70 89
5 2 44 91
5 4 51 90
1 2 83 91
5 3 59 91
1 2 78 92
5 3 61 91
5 2 76 90
5 2 79 92
5 2 61 94
5 2 88 93
5 4 77 94
5 2 10 95
5 2 32 94
1 2 61 93
1 2 62 95
5 4 33 95
1 2 35 95
5 3 49 95
5 2 21 96
5 4 79 95
5 2 29 96
1 2 62 97
5 2 23 97
5 2 34 97
5 2 84 97
5 3 61 98
5 2 77 98
5 2 53 99
5 2 70 99
5 2 17 100
1 2 46 99
5 2 65 99
5 2 69 100
3 2 3 1
3 2 17 1
3 2 31 1
3 2 63 1
3 6 21 2
3 2 39 2
3 2 9 3
3 2 21 3
3 2 23 3
3 4 35 3
3 2 43 3
3 2 57 3
3 6 13 4
3 4 17 4
3 2 47 4
3 2 49 4
3 2 53 4
3 2 65 4
3 4 7 5
3 2 5 6
3 2 17 6
3 2 25 6
3 2 27 6
3 2 43 6
3 2 49 6
3 4 51 6
3 4 11 7
3 2 21 7
3 2 29 7
3 2 31 7
3 2 33 7
3 4 43 7
3 2 47 7
3 2 55 7
3 2 17 8
3 4 35 8
3 2 49 8
3 2 57 8
3 2 1 9
3 2 7 9
3 2 11 9
3 2 49 9
3 2 47 10
3 2 51 10
3 2 63 10
3 2 7 11
3 2 9 11
3 4 15 11
3 4 33 11
3 2 37 11
3 2 1 12
3 2 11 12
3 8 59 12
3 2 27 13
3 2 45 13
3 4 49 13
3 2 5 14
3 2 9 14
3 2 17 14
3 6 27 14
3 2 29 14
3 2 43 14
3 2 3 15
3 4 9 15
3 2 21 16
3 8 29 16
3 2 35 16
3 2 37 16
3 2 43 16
3 2 47 16
3 10 23 17
3 2 49 17
3 2 59 17
3 2 5 18
3 2 13 18
3 2 25 18
3 2 31 18
3 2 37 18
3 2 53 18
3 2 55 18
3 2 9 19
3 2 45 19
3 6 57 19
3 6 47 20
3 2 3 21
3 2 39 21
3 2 47 21
3 2 1 22
3 2 5 22
3 6 37 22
3 6 45 22
3 2 51 22
3 2 57 22
3 2 15 23
3 4 19 23
3 2 23 23
3 2 37 23
3 2 11 24
3 2 25 24
3 2 27 24
3 2 57 24
3 2 59 24
3 2 65 24
3 2 17 25
3 2 21 25
3 4 25 25
3 2 29 25
3 2 33 25
3 2 59 25
3 2 31 26
3 2 37 26
3 2 47 26
3 2 49 26
3 2 11 27
3 2 13 27
3 2 19 27
3 2 37 27
3 2 35 28
3 2 41 28
3 2 55 28
3 2 61 28
3 4 65 28
3 2 11 29
3 2 25 29
3 2 43 29
3 6 23 30
3 2 37 30
3 2 41 30
3 2 49 30
3 2 51 30
3 2 1 31
3 2 31 31
3 2 35 31
3 2 61 31
3 2 3 32
3 2 25 32
3 6 29 32
3 2 31 32
3 2 47 32
3 4 49 32
3 2 51 32
3 4 5 33
3 4 11 33
3 2 21 33
3 2 55 33
3 2 1 34
3 2 67 34
3 6 27 35
3 4 29 35
3 2 57 35
3 2 5 36
3 2 11 36
3 2 17 36
3 2 31 36
3 2 35 36
3 2 37 37
3 2 65 37
3 4 67 37
3 4 71 37
3 2 9 38
3 4 53 38
3 6 11 39
3 2 27 39
3 4 33 39
3 2 35 39
3 2 49 39
3 2 57 39
3 2 13 40
3 2 49 40
3 4 1 41
3 6 13 41
3 2 19 41
3 2 29 41
3 4 33 41
3 2 39 41
3 2 51 41
3 2 55 41
3 2 5 42
3 2 11 42
3 4 33 42
3 2 47 42
3 2 53 42
3 2 3 43
3 2 41 43
3 2 53 43
3 2 9 44
3 2 35 44
3 2 47 44
3 2 65 44
3 2 67 44
3 2 13 45
3 2 25 45
3 2 27 45
3 2 49 45
3 4 1 46
3 6 5 46
3 4 13 46
3 2 21 46
3 4 7 47
3 2 15 47
3 8 21 47
3 2 29 47
3 2 51 47
3 2 65 47
3 2 25 48
3 2 35 48
3 4 49 48
3 2 11 49
3 4 25 49
3 2 27 49
3 4 31 49
3 2 43 49
3 2 61 49
3 3 1 50
3 2 39 50
3 2 41 50
3 2 49 50
3 3 57 50
3 2 61 50
3 2 63 51
3 3 73 51
3 2 78 51
5 2 77 51
3 2 24 53
1 2 24 54
5 2 35 53
5 2 41 54
3 3 55 52
3 2 26 54
1 2 45 55
5 2 59 56
3 4 77 54
3 2 79 54
3 2 2 55
5 2 10 55
5 2 63 55
3 2 66 55
3 2 13 56
3 2 39 56
3 2 52 55
3 2 72 54
3 2 49 57
3 3 81 57
3 3 54 58
1 2 81 58
3 2 75 58
3 3 1 59
1 2 8 58
5 2 19 58
5 2 56 59
3 2 8 58
3 2 4 59
3 2 30 61
1 2 61 60
1 2 48 61
3 3 53 61
3 2 75 61
5 2 76 61
3 3 19 62
3 2 33 62
1 2 54 62
3 2 54 61
3 2 76 62
3 4 46 63
3 2 62 62
3 2 64 61
3 2 82 63
3 2 28 64
3 3 31 64
3 2 35 64
5 2 43 64
3 2 37 64
3 3 46 65
3 2 68 65
3 3 5 66
3 2 32 66
3 2 34 65
3 3 80 67
3 6 22 68
3 2 29 68
3 2 66 68
1 2 65 68
3 3 4 69
1 2 7 70
3 2 32 68
3 2 71 68
3 2 9 69
3 2 39 69
1 2 40 69
1 2 45 70
5 2 57 69
5 2 75 69
3 3 34 70
3 3 59 70
3 4 43 71
3 2 48 70
3 3 75 71
3 2 37 72
3 4 65 72
3 2 60 74
3 2 72 74
3 2 36 75
5 2 39 74
3 2 37 75
3 2 8 76
1 2 9 75
3 5 39 76
3 3 50 76
5 2 52 77
5 2 72 78
3 2 17 77
3 4 23 76
3 2 43 77
3 7 24 78
5 2 24 80
5 2 51 79
5 2 57 80
3 2 32 77
3 2 56 78
3 2 13 79
3 4 65 78
3 2 39 79
3 2 45 78
3 5 21 80
5 2 26 81
3 4 49 80
3 3 53 80
3 4 56 80
3 2 6 81
1 2 21 80
3 2 72 81
3 3 14 82
1 2 35 83
5 2 19 81
1 2 74 80
3 3 29 81
5 2 38 80
3 2 55 80
3 4 7 83
1 4 7 82
1 2 16 84
5 2 16 82
5 2 36 83
3 3 76 83
1 2 79 84
5 2 78 84
3 2 5 84
5 2 5 84
1 2 7 85
5 2 53 83
3 2 62 84
3 2 1 85
1 2 34 86
3 2 18 85
3 2 53 85
1 2 63 85
3 5 15 86
5 2 67 87
3 2 34 85
3 3 78 85
3 2 24 86
1 2 48 87
3 2 26 86
3 2 45 86
3 2 60 86
3 5 25 87
5 2 25 90
5 2 27 91
3 3 79 87
3 4 41 88
3 2 53 88
3 2 61 88
3 3 7 89
3 3 34 88
5 2 34 88
3 2 63 88
3 4 16 89
3 2 36 89
3 2 27 91
3 3 39 90
1 2 47 92
3 2 17 93
1 2 28 92
3 2 65 91
3 2 66 92
5 2 65 93
3 8 31 93
3 5 48 93
5 2 81 92
3 2 70 92
3 2 68 93
3 4 73 93
3 4 15 95
5 2 61 95
5 2 69 95
3 2 55 95
3 2 46 96
5 3 46 95
3 2 41 97
3 3 61 96
3 2 63 97
3 5 71 97
3 3 49 98
3 2 80 98
3 2 31 99
1 2 31 98
3 4 76 99
8 2 3 1
8 2 7 1
8 2 31 1
8 2 39 1
8 2 43 1
8 4 45 1
8 2 55 1
8 2 1 2
8 2 11 2
8 2 49 2
8 2 53 2
8 2 55 2
8 2 61 2
8 2 57 3
8 2 1 4
8 2 11 4
8 2 13 4
8 2 25 4
8 2 31 4
8 8 35 4
8 2 17 5
8 2 19 5
8 2 45 5
8 2 47 5
8 2 51 5
8 6 21 6
8 4 29 6
8 4 5 7
8 2 37 7
8 2 43 7
8 2 47 7
8 4 11 8
8 10 25 8
8 2 41 8
8 2 47 8
8 2 51 8
8 2 53 9
8 12 5 10
8 2 11 10
8 2 31 10
8 10 47 10
8 2 51 10
8 2 7 11
8 4 11 11
8 2 17 11
8 2 29 11
8 12 31 11
8 2 3 12
8 4 45 12
8 2 53 12
8 2 11 13
8 2 35 13
8 2 37 13
8 2 45 13
8 4 49 13
8 2 21 14
8 2 23 14
8 2 11 15
8 2 33 15
8 2 41 15
8 2 45 15
8 2 55 15
8 2 7 17
8 2 15 17
8 6 59 17
8 2 3 18
8 4 23 18
8 2 31 18
8 2 1 19
8 8 13 19
8 2 31 19
8 2 37 19
8 4 41 19
8 12 43 19
8 2 9 20
8 2 17 20
8 2 25 20
8 2 29 20
8 2 37 20
8 2 39 20
8 2 3 21
8 2 5 21
8 2 47 21
8 6 51 21
8 2 13 22
8 2 15 22
8 2 23 22
8 2 25 22
8 2 1 23
8 2 27 23
8 4 31 23
8 4 51 23
8 4 29 24
8 2 35 24
8 6 43 24
8 4 57 24
8 6 51 25
8 10 5 26
8 2 9 26
8 8 11 26
8 2 23 26
8 2 41 26
8 2 27 27
8 2 41 27
8 2 49 27
8 2 51 27
8 2 55 27
8 2 5 28
8 2 15 28
8 2 17 28
8 2 23 28
8 2 31 28
8 4 47 28
8 2 55 28
8 2 9 29
8 2 11 29
8 2 19 30
8 4 23 30
8 2 53 30
8 2 57 30
8 4 1 31
8 4 33 31
8 2 35 31
8 2 3 32
8 2 9 32
8 2 17 32
8 2 37 32
8 2 39 32
8 2 5 33
8 4 63 33
8 6 21 34
8 2 23 34
8 2 25 34
8 2 33 34
8 2 13 35
8 4 15 35
8 2 25 35
8 2 47 35
8 2 61 35
8 4 5 36
8 2 7 36
8 2 17 36
8 2 25 36
8 2 27 37
8 4 35 37
8 2 37 37
8 2 45 37
8 2 47 37
8 2 49 37
8 2 11 38
8 4 21 38
8 8 27 38
8 2 31 38
8 2 43 38
8 2 17 39
8 4 55 39
8 2 57 39
8 8 5 40
8 2 7 40
8 8 21 40
8 4 39 40
8 2 3 41
8 2 23 41
8 14 33 41
8 4 17 42
8 2 39 42
8 4 11 43
8 2 39 43
8 4 49 43
8 2 5 44
8 2 15 44
8 2 27 44
8 2 29 44
8 4 43 44
8 4 1 45
8 2 11 45
8 2 15 45
8 2 55 45
8 2 19 46
8 2 29 46
8 2 7 47
8 2 35 47
8 2 45 47
8 8 53 47
8 2 17 48
8 2 19 48
8 2 33 48
8 2 11 49
8 7 35 49
8 2 53 50
8 3 10 51
8 2 20 51
8 2 53 51
8 3 72 51
8 2 63 52
8 3 75 53
8 2 59 54
3 2 63 53
8 2 11 55
1 2 17 56
5 2 13 56
3 2 57 55
3 2 30 56
8 2 28 54
8 2 22 55
8 5 44 55
8 2 67 55
8 2 14 56
8 2 18 56
3 2 33 55
8 2 34 54
3 2 46 53
8 2 45 53
8 2 51 52
8 4 42 56
1 2 44 56
1 2 64 55
8 3 6 57
8 2 8 56
8 2 56 56
8 2 25 57
5 2 42 58
8 2 29 56
8 2 30 57
5 2 46 56
3 2 60 58
8 3 49 57
8 4 52 58
8 2 62 57
8 2 28 59
8 2 46 58
8 2 64 58
8 3 18 61
3 2 28 60
3 2 67 60
3 2 17 61
8 2 34 59
8 3 24 61
8 2 66 60
8 6 31 62
8 2 38 62
8 4 3 63
8 2 60 62
8 2 32 64
8 5 42 64
8 2 49 64
8 6 63 64
8 4 25 65
5 2 30 68
3 2 26 64
3 2 53 65
8 2 16 66
8 8 36 66
1 2 35 71
5 2 40 70
8 3 69 66
8 4 27 67
5 2 34 67
8 3 22 68
8 3 62 67
8 3 33 68
8 3 38 68
8 2 49 68
8 3 1 69
1 2 9 70
3 2 8 68
5 2 54 69
3 2 15 67
8 3 37 69
3 2 49 69
8 3 60 69
8 2 9 70
1 2 30 71
8 3 40 69
1 2 55 70
3 2 61 70
8 2 60 69
8 2 25 70
8 2 50 70
8 3 59 70
8 2 12 71
8 3 32 71
8 2 10 72
8 2 16 71
8 2 28 70
8 2 42 71
8 3 33 72
8 5 59 72
8 3 6 73
1 2 50 73
5 2 16 72
8 2 7 73
8 4 48 72
8 2 45 75
8 2 57 75
8 2 63 74
8 2 65 76
8 2 61 77
8 2 24 78
8 3 50 78
8 3 18 79
8 2 24 79
8 4 34 79
8 2 11 80
5 2 10 80
1 2 33 79
8 3 35 79
8 2 45 78
3 2 53 77
5 2 61 76
8 4 42 80
5 2 56 80
8 2 17 82
8 2 27 81
3 2 69 82
8 2 28 80
3 2 34 79
8 2 43 82
8 6 65 82
8 2 53 83
8 4 39 84
8 5 53 84
3 2 68 83
8 2 67 83
8 3 34 85
8 2 49 84
5 2 61 83
3 2 52 83
8 2 57 85
8 2 74 85
8 2 1 86
8 2 55 85
8 2 61 85
8 2 65 85
8 2 41 86
8 2 7 87
3 2 32 86
3 2 43 87
8 4 24 86
5 2 34 88
8 3 10 87
1 2 35 86
8 3 44 87
8 2 59 86
8 2 18 88
8 4 20 89
3 2 55 90
8 3 38 89
8 2 62 88
8 2 53 90
8 2 35 91
5 2 45 91
8 2 55 91
8 3 28 92
8 2 52 92
8 2 30 93
8 2 32 92
1 2 36 93
8 2 44 92
3 2 56 93
8 3 67 92
8 3 47 93
8 2 49 93
8 2 60 93
8 6 48 94
1 2 59 95
3 2 58 95
8 2 37 95
8 2 62 94
3 2 64 95
1 2 63 96
8 2 41 95
8 2 27 96
5 2 53 97
5 2 59 97
8 2 52 96
8 2 56 97
8 4 62 97
3 2 62 98
3 2 73 99
8 4 15 98
1 2 16 98
1 2 56 99
5 2 14 99
8 5 50 97
8 5 30 98
8 5 37 98
3 2 51 99
8 3 34 99
8 2 12 100
1 2 13 99
8 2 59 98
8 2 63 99
6 6 3 1
6 2 5 1
6 4 23 1
6 2 29 1
6 2 9 2
6 2 29 2
6 2 47 2
6 16 1 3
6 4 5 3
6 14 15 3
6 4 19 3
6 2 23 3
6 2 25 3
6 2 33 3
6 2 9 4
6 6 25 4
6 2 31 5
6 2 7 6
6 2 19 6
6 6 39 6
6 2 41 6
6 4 5 7
6 12 13 7
6 2 19 7
6 2 25 7
6 2 1 8
6 2 5 8
6 2 17 8
6 2 25 8
6 4 27 8
6 2 35 8
6 2 29 9
6 2 39 9
6 2 41 9
6 2 43 9
6 4 13 10
6 2 47 10
6 4 1 11
6 2 11 11
6 2 13 11
6 2 9 12
6 2 17 12
6 2 19 12
6 2 25 12
6 2 33 12
6 4 35 12
6 2 3 13
6 4 25 13
6 6 37 13
6 2 33 14
6 4 1 15
6 2 5 15
6 4 15 15
6 4 7 16
6 6 19 16
6 2 29 16
6 8 23 17
6 2 25 17
6 2 35 17
6 2 17 18
6 2 29 18
6 2 37 18
6 2 13 19
6 8 29 19
6 2 37 19
6 2 3 20
6 4 5 20
6 2 7 20
6 2 11 20
6 2 17 21
6 2 37 21
6 2 7 22
6 2 11 22
6 2 17 22
6 6 19 22
6 4 21 22
6 2 25 23
6 2 27 23
6 2 37 23
6 6 1 24
6 2 7 24
6 2 9 24
6 4 23 24
6 2 27 24
6 2 33 24
6 2 37 24
6 2 3 25
6 2 9 25
6 4 15 25
6 2 33 25
6 2 23 26
6 4 25 26
6 2 27 26
6 2 33 26
6 2 43 27
6 2 45 27
6 2 11 28
6 2 17 28
6 2 33 28
6 16 41 28
6 2 5 29
6 4 19 29
6 2 3 30
6 14 9 30
6 2 19 30
6 8 37 30
6 4 1 31
6 4 3 31
6 2 7 31
6 2 11 32
6 2 21 32
6 2 23 32
6 2 29 32
6 6 15 33
6 4 21 33
6 4 37 33
6 2 47 33
6 4 29 34
6 2 39 34
6 10 45 34
6 2 59 35
6 6 15 36
6 2 19 36
6 2 25 36
6 2 3 37
6 4 5 37
6 2 9 37
6 2 23 37
6 4 43 37
6 2 7 38
6 4 13 38
6 2 41 38
6 2 23 39
6 4 27 39
6 6 41 39
6 8 11 40
6 2 23 40
6 2 45 40
6 8 15 41
6 2 23 41
6 8 29 41
6 4 35 41
6 2 37 41
6 6 1 42
6 4 11 42
6 2 19 43
6 2 27 43
6 4 31 43
6 2 41 43
6 2 1 44
6 2 13 44
6 2 19 44
6 2 41 44
6 6 23 45
6 8 25 45
6 2 29 45
6 2 45 45
6 4 47 45
6 6 7 46
6 2 15 46
6 8 25 46
6 2 5 47
6 4 11 47
6 2 31 47
6 10 33 47
6 2 37 47
6 2 25 48
6 4 19 49
6 2 23 49
6 2 33 49
6 7 35 49
8 2 43 51
6 2 41 49
6 2 17 50
6 2 27 50
6 2 45 50
6 2 8 51
6 3 30 51
1 2 58 51
1 2 32 52
6 2 14 52
6 2 46 51
6 3 37 52
6 2 53 52
3 3 58 51
8 2 57 51
6 5 24 53
6 2 31 53
1 2 44 53
6 2 58 52
6 5 61 53
6 2 1 54
6 2 12 53
6 5 18 55
1 2 24 58
6 2 46 54
5 2 45 54
6 2 34 55
6 2 45 55
6 3 14 57
3 2 13 58
6 2 18 57
6 2 27 56
6 3 31 57
3 2 48 56
6 4 46 57
6 2 26 58
6 2 52 57
6 4 54 57
6 4 36 60
3 2 39 59
6 4 54 59
6 2 62 59
6 2 45 60
6 2 63 59
6 3 41 61
6 2 10 62
8 2 14 62
8 2 24 63
6 3 32 61
3 2 36 61
6 4 15 62
8 2 39 61
6 3 52 61
6 2 30 62
8 2 35 61
6 3 36 62
1 2 40 63
5 2 51 62
3 3 43 62
3 2 55 62
6 5 54 62
6 2 12 63
6 3 51 62
8 2 53 63
5 2 55 64
6 3 10 64
8 3 10 65
3 2 18 64
1 2 17 65
5 2 33 64
8 2 14 64
8 2 18 63
8 2 22 64
8 2 29 63
8 2 32 63
6 2 14 64
5 2 15 63
6 2 44 62
6 4 19 64
1 2 24 66
6 2 32 63
6 4 35 64
6 4 12 65
6 4 20 64
6 2 24 65
6 2 36 65
6 4 38 66
6 8 39 66
6 5 24 67
6 2 25 68
3 2 37 67
6 2 3 70
1 2 2 71
8 2 10 69
5 2 18 70
1 2 17 70
6 2 27 68
6 2 45 69
6 3 5 70
8 2 18 69
3 2 23 70
3 2 31 71
6 2 32 69
6 4 33 70
6 2 1 71
6 2 27 71
6 7 47 71
8 2 50 71
6 6 51 71
6 3 14 72
3 2 38 73
8 2 18 73
6 2 44 72
6 2 18 73
6 5 28 72
3 2 27 74
8 2 62 74
3 2 61 75
6 2 47 72
6 5 36 73
6 2 47 73
6 2 4 74
1 2 10 73
1 2 33 73
3 2 19 73
8 2 15 73
8 2 43 72
6 2 17 73
6 4 41 75
6 5 2 76
6 2 7 75
8 2 31 76
8 2 49 76
6 3 28 76
6 2 14 77
6 2 53 76
6 4 22 77
6 4 30 76
6 3 44 78
1 2 43 80
6 2 19 79
6 2 50 78
6 4 29 79
6 2 42 79
6 5 24 81
8 2 60 81
6 2 57 81
6 3 58 81
6 2 12 82
1 2 11 82
6 2 13 82
6 3 15 81
6 2 21 82
5 2 20 83
3 2 22 81
6 2 47 80
6 2 56 82
6 2 4 83
8 2 4 82
6 2 34 83
6 2 57 83
6 3 6 84
1 2 9 85
6 2 17 83
6 3 21 83
6 2 11 84
8 2 35 84
6 2 41 83
6 12 27 84
6 2 51 83
6 2 43 84
6 3 45 85
6 3 33 86
6 3 34 86
6 3 13 87
8 2 25 86
6 2 41 87
3 2 49 86
6 2 28 88
8 2 38 87
6 5 40 88
6 2 7 89
3 2 13 90
1 2 18 91
8 2 10 88
5 2 13 87
5 2 48 86
6 3 55 89
6 3 27 90
8 2 40 89
8 2 35 90
6 6 28 90
6 7 38 90
3 2 42 90
6 2 46 90
6 3 49 90
6 2 50 90
6 3 1 91
3 2 13 92
5 2 18 93
6 2 41 90
6 7 14 91
3 2 29 93
8 2 21 92
8 2 31 92
8 2 48 94
6 2 33 92
6 2 41 92
5 2 48 92
6 2 30 93
6 4 54 93
8 2 62 94
6 4 19 94
3 2 37 95
8 2 54 95
6 5 49 94
6 5 8 95
1 2 10 96
1 2 52 96
3 2 9 94
5 2 9 95
3 2 19 93
3 2 42 96
3 2 21 97
6 2 16 94
6 2 10 95
6 2 50 94
6 2 20 96
6 2 18 97
8 2 32 96
6 5 35 97
6 3 39 97
8 2 54 98
6 3 45 97
6 2 47 97
6 2 49 97
6 2 3 98
1 2 41 99
8 2 36 99
8 2 47 99
6 2 12 97
6 2 30 96
6 2 4 98
1 2 51 99
6 2 8 98
1 2 29 99
3 2 34 99
6 4 32 98
6 3 5 99
8 2 9 98
1 2 12 97
8 2 5 99
6 2 10 98
5 2 36 97
6 2 12 98
1 2 27 97
6 4 42 99
5 2 41 99
2 2 9 1
2 8 19 1
2 2 21 1
2 2 27 1
2 2 29 1
2 4 1 2
2 2 35 2
2 2 39 2
2 2 41 2
2 6 19 3
2 2 1 4
2 2 3 4
2 4 23 4
2 8 7 5
2 10 27 5
2 6 3 6
2 2 9 6
2 10 21 6
2 2 7 7
2 2 21 7
2 2 9 8
2 8 13 8
2 2 21 8
2 2 17 9
2 16 27 9
2 2 1 10
2 2 3 10
2 4 11 10
2 2 23 10
2 4 25 10
2 2 5 12
2 2 13 12
2 2 25 12
2 2 29 12
2 2 3 13
2 6 29 13
2 2 5 14
2 2 7 14
2 16 15 14
2 2 21 14
2 2 35 14
2 4 13 15
2 2 15 15
2 4 25 15
2 6 33 15
2 2 5 16
2 2 15 16
2 6 17 16
2 10 1 17
2 2 3 17
2 2 13 17
2 2 19 17
2 2 23 17
2 4 29 17
2 10 25 18
2 2 7 19
2 6 17 19
2 2 27 19
2 4 3 20
2 6 7 20
2 2 17 21
2 6 29 21
2 4 1 22
2 4 23 22
2 8 3 23
2 10 7 23
2 2 9 23
2 2 23 23
2 4 25 23
2 2 7 24
2 4 11 24
2 2 29 25
2 4 5 26
2 2 19 26
2 2 13 27
2 22 35 27
2 2 41 27
2 2 15 28
2 4 19 28
2 2 21 28
2 2 23 28
2 10 27 28
2 4 29 28
2 4 3 29
2 2 9 29
2 6 31 29
2 6 5 30
2 2 11 30
2 8 15 30
2 2 1 32
2 4 7 32
2 6 21 32
2 2 5 33
2 2 9 33
2 2 19 33
2 6 25 33
2 2 27 33
2 6 29 33
2 12 17 34
2 2 21 34
2 8 29 34
2 2 1 35
2 2 5 35
2 66 7 35
2 2 13 35
2 4 37 35
2 2 25 36
2 4 9 37
2 2 19 37
2 8 29 37
2 4 1 38
2 2 11 38
2 22 17 38
2 16 27 38
2 4 3 39
2 2 25 39
2 4 7 40
2 2 15 40
2 2 27 40
2 2 1 41
2 4 15 42
2 2 1 43
2 14 27 43
2 2 3 44
2 2 11 44
2 4 13 44
2 2 21 44
2 2 1 45
2 2 3 45
2 4 13 45
2 4 17 45
2 2 19 45
2 2 7 46
2 6 1 47
2 6 17 47
2 2 23 47
2 2 5 48
2 4 23 48
2 2 3 49
2 2 17 49
2 6 7 50
2 2 15 50
2 2 17 50
2 3 23 50
2 17 31 50
6 2 36 52
5 2 39 51
6 2 40 51
2 2 9 51
2 2 22 51
1 2 21 51
2 3 9 53
1 2 8 53
3 2 7 53
2 3 43 52
2 2 25 53
2 7 48 52
6 2 52 53
2 7 31 53
2 5 41 53
2 3 14 54
2 2 18 54
2 3 21 55
2 3 35 55
2 3 42 55
2 3 51 56
2 3 5 57
1 2 9 58
3 2 16 56
3 2 20 59
6 2 15 59
6 2 38 59
2 2 10 57
5 2 14 56
6 2 35 55
2 2 22 57
2 3 29 57
8 2 29 56
2 2 44 55
2 9 30 57
5 2 40 56
2 2 34 57
2 3 27 58
2 4 38 59
2 2 48 59
2 2 15 60
6 2 26 59
6 2 47 59
2 2 35 58
3 2 35 59
2 2 50 59
2 4 30 60
2 5 34 62
2 4 10 63
2 2 16 63
2 2 40 63
2 6 28 64
6 2 28 66
2 2 37 63
2 2 13 65
2 2 18 64
2 3 21 64
2 2 24 63
2 5 25 65
2 2 12 66
2 2 14 66
2 3 10 67
2 2 34 66
2 3 37 66
2 2 44 66
2 5 3 68
1 2 12 67
3 2 11 67
6 2 4 67
5 2 3 67
8 2 2 67
6 2 38 66
6 2 34 67
2 2 49 66
5 2 48 67
2 2 8 68
2 5 18 68
8 2 31 67
2 2 27 69
2 2 34 69
2 3 19 70
5 2 18 70
2 5 20 69
2 2 27 69
2 2 33 69
2 6 36 71
6 2 35 71
2 3 39 71
2 4 15 73
2 3 29 72
8 2 33 72
2 3 23 73
5 2 30 72
2 2 40 71
2 2 18 74
2 3 25 73
2 2 29 74
2 4 1 75
3 2 55 74
3 2 26 76
8 2 28 76
2 2 40 74
2 2 54 74
2 2 4 75
6 2 7 75
5 2 11 76
3 2 6 76
3 2 16 76
1 2 27 77
2 2 17 75
5 2 40 74
2 3 24 75
2 2 38 75
2 2 41 75
2 3 18 77
2 4 30 77
2 8 4 78
8 2 4 77
1 2 6 76
5 2 22 75
8 2 6 77
8 3 14 78
8 2 8 79
6 2 5 77
6 2 3 78
6 2 10 80
2 2 27 77
5 2 26 78
2 2 6 78
2 2 9 77
2 9 35 78
8 2 37 78
2 2 36 78
2 5 5 79
8 2 38 78
6 2 4 80
1 2 28 79
8 2 18 79
6 2 23 79
2 4 13 78
6 3 16 79
5 2 29 81
2 2 32 77
2 4 7 79
2 2 10 78
2 2 23 78
2 4 12 80
2 4 15 81
6 2 28 82
2 4 19 80
2 2 3 82
2 2 1 83
5 2 11 84
3 2 10 84
3 2 32 84
6 2 12 85
6 2 20 85
2 3 12 82
1 2 11 84
3 2 16 84
2 2 20 81
2 2 44 83
2 2 16 84
8 2 15 84
2 2 27 84
2 2 14 85
2 2 18 85
2 3 22 85
2 4 12 87
2 15 26 86
2 2 32 86
2 2 37 85
2 2 41 85
2 2 22 87
2 13 45 87
2 3 6 88
2 2 1 90
2 7 30 89
2 2 32 88
8 2 40 89
5 2 40 90
2 3 11 90
5 2 30 90
3 2 15 90
2 2 22 90
2 2 8 91
2 2 29 91
2 2 36 91
2 2 38 91
2 2 10 92
2 2 12 91
8 2 47 92
2 2 44 92
2 2 37 93
2 2 46 93
2 2 52 93
2 2 18 94
2 2 21 93
6 2 44 94
2 2 36 94
2 2 39 95
2 2 48 94
2 5 20 96
2 2 44 95
2 4 27 96
3 2 36 96
2 5 29 96
1 2 28 96
2 4 36 96
2 2 9 97
2 2 21 96
2 4 27 96
2 8 32 98
2 2 7 100
2 2 29 100
2 2 36 99
7 6 3 1
7 18 7 1
7 26 9 1
7 2 13 1
7 4 19 2
7 2 1 3
7 4 5 4
7 2 11 4
7 22 19 4
7 4 1 5
7 2 15 5
7 32 7 6
7 2 15 6
7 4 3 7
7 14 1 8
7 4 3 9
7 2 7 9
7 2 9 9
7 8 11 9
7 22 5 11
7 2 7 12
7 2 13 12
7 2 11 13
7 4 13 13
7 8 3 14
7 4 5 14
7 2 9 14
7 44 17 14
7 4 13 17
7 4 19 17
7 2 21 17
7 4 1 18
7 2 5 18
7 2 9 19
7 8 15 19
7 2 17 19
7 2 1 20
7 2 11 20
7 66 5 21
7 2 15 21
7 4 17 21
7 2 1 22
7 8 5 22
7 16 13 22
7 2 15 23
7 4 17 24
7 2 9 25
7 2 19 25
7 12 5 26
7 2 11 26
7 2 9 27
7 2 11 27
7 2 13 27
7 8 15 27
7 2 3 28
7 2 17 28
7 2 5 29
7 18 17 29
7 2 3 30
7 6 5 30
7 2 7 31
7 4 11 31
7 2 13 31
7 18 9 32
7 24 15 32
7 2 1 33
7 2 23 33
7 20 3 34
7 4 11 35
7 4 19 35
7 2 7 36
7 2 5 37
7 20 7 37
7 6 11 37
7 20 1 39
7 2 13 39
7 12 15 39
7 38 11 40
7 2 5 41
7 8 13 43
7 2 15 43
7 2 5 45
7 6 17 46
7 2 1 47
7 2 3 47
7 20 5 48
8 2 4 51
2 2 34 51
2 2 23 52
1 2 29 51
3 2 22 52
6 2 23 51
7 10 17 48
7 4 25 49
7 12 3 50
7 6 23 51
7 4 32 51
7 4 2 52
1 3 12 53
1 2 1 54
5 2 1 52
5 2 4 53
8 2 28 51
6 2 2 52
5 2 27 51
2 2 3 51
2 2 7 54
7 3 11 52
2 2 22 54
2 2 30 54
7 3 21 52
7 2 22 52
7 5 2 53
3 2 6 54
7 3 27 53
7 2 29 53
7 10 12 54
1 2 12 53
1 2 16 60
1 2 23 60
3 2 11 60
1 2 30 59
1 2 42 60
8 2 33 59
8 3 11 60
8 2 25 60
2 2 17 60
8 2 43 59
2 2 21 61
2 2 41 60
7 3 23 54
7 3 18 55
7 2 26 55
7 5 31 56
1 2 29 57
7 2 36 56
7 4 4 57
5 2 3 57
7 2 11 56
7 2 28 55
7 22 22 57
3 2 19 60
7 8 23 57
7 2 28 57
7 8 12 58
5 2 18 59
2 2 17 59
7 6 22 58
7 2 5 59
8 2 20 60
3 2 11 60
3 2 12 60
2 2 9 60
2 2 25 59
2 2 10 61
7 5 22 59
6 2 25 59
2 2 21 59
7 4 20 60
7 2 2 61
2 2 1 61
7 2 9 62
1 2 8 63
7 5 13 62
7 4 29 62
7 3 2 63
5 2 6 62
3 2 5 62
6 2 2 63
3 2 4 64
5 2 11 63
5 2 10 65
7 2 20 62
7 2 22 62
7 2 7 63
8 2 22 62
6 3 12 62
7 3 15 65
7 4 19 65
1 2 17 66
2 2 26 66
7 3 8 66
7 2 16 65
7 3 4 67
1 2 4 66
1 2 24 68
7 5 22 66
2 2 34 69
7 2 10 67
7 10 24 66
2 2 30 70
7 6 4 68
1 2 5 70
3 3 4 71
2 2 8 70
7 17 18 68
1 2 17 73
2 2 16 73
7 3 6 69
7 2 24 69
7 7 26 69
7 2 8 71
7 3 13 71
2 2 13 70
7 2 22 71
7 2 25 71
5 2 25 70
7 3 19 72
7 2 22 74
7 3 31 74
7 2 8 75
7 5 9 74
8 2 10 74
6 2 18 74
7 5 22 74
3 2 19 75
7 4 25 74
3 2 24 75
7 2 16 75
7 2 29 76
7 2 2 77
7 2 4 76
7 8 29 76
7 5 15 78
7 2 3 79
5 2 13 78
2 2 15 77
7 2 6 78
7 10 9 79
7 7 10 79
6 2 27 81
2 2 34 82
1 2 33 82
7 2 14 80
7 2 3 81
7 2 14 81
1 2 13 82
1 2 32 82
2 2 28 82
2 2 35 83
7 4 22 81
5 2 21 81
7 2 20 81
7 7 16 82
2 2 29 84
7 2 17 82
1 2 16 82
8 2 31 82
7 2 12 83
7 7 24 82
7 2 20 83
7 3 25 83
6 2 25 83
7 6 1 84
2 2 7 83
7 4 14 84
1 2 13 86
5 2 16 84
7 2 4 85
8 2 4 84
8 3 7 83
6 2 15 82
6 2 5 83
7 2 18 81
7 5 17 85
3 2 28 86
7 8 18 85
8 2 17 86
2 2 19 89
7 2 23 85
5 2 22 86
3 2 23 86
7 2 11 86
6 2 20 86
7 3 19 85
7 3 3 87
6 2 17 86
7 8 20 87
1 2 24 90
3 2 19 90
1 2 20 89
2 2 31 88
7 9 21 87
8 2 20 89
7 14 22 88
5 2 28 93
2 2 25 92
7 2 15 89
7 3 1 90
6 2 11 89
3 2 17 88
8 2 14 90
2 2 13 90
5 2 17 91
7 4 3 91
8 2 6 92
2 2 6 93
1 2 13 92
8 2 13 93
6 2 8 92
2 2 11 93
2 2 36 93
2 2 19 94
3 2 13 93
7 2 10 90
7 3 12 91
7 2 16 91
7 7 18 91
7 9 25 92
7 2 8 93
8 2 37 94
6 3 36 94
7 3 21 93
7 3 27 93
7 2 1 94
2 2 7 95
8 2 1 95
2 2 1 96
6 2 27 94
7 2 15 94
7 5 30 94
7 4 32 94
7 3 22 95
2 2 30 96
7 3 12 96
7 2 18 96
7 2 7 97
7 2 20 96
7 3 24 97
7 3 12 98
7 5 15 98
2 2 24 99
6 2 15 97
7 5 20 97
7 2 8 99
6 2 28 99
7 4 26 98
4 752 1 1
2 4 1 4
5 3 2 3
3 2 2 1
3 2 2 4
5 2 7 3
6 3 3 4
6 2 10 4
4 21 4 1
5 2 6 1
6 2 4 7
2 2 14 6
7 2 6 1
4 111 7 1
1 2 12 6
1 2 15 16
2 2 10 11
5 2 14 10
8 2 12 5
5 2 14 5
8 2 7 8
5 2 8 8
8 2 8 8
8 2 14 14
3 3 10 7
3 2 12 9
3 2 12 15
7 2 8 10
7 2 9 10
7 3 13 11
7 2 13 16
6 2 18 16
4 2 9 1
3 2 8 1
4 3 8 1
4 5 10 3
3 2 9 3
7 2 8 5
4 2 10 3
4 3 16 6
6 2 15 6
4 5 3 7
2 2 3 6
2 2 7 6
8 2 6 10
7 2 4 5
8 2 6 4
1 2 5 4
3 2 5 6
7 2 5 11
4 2 4 11
4 5 7 11
2 2 6 11
3 2 5 14
7 2 7 14
3 2 13 15
3 2 14 16
3 2 18 17
5 2 12 15
2 2 13 16
2 2 18 17
7 2 18 18
4 4 8 12
4 14 14 13
2 2 13 13
4 25 5 14
8 2 4 15
8 2 6 15
6 2 7 14
6 2 3 15
6 2 6 17
7 3 4 14
4 3 2 15
7 2 7 16
4 8 7 16
3 2 6 17
8 2 8 18
4 21 3 19
8 2 4 20
1 2 8 21
8 2 6 24
7 2 5 19
4 4 8 19
2 2 8 19
7 2 7 21
4 114 9 19
1 2 8 19
1 2 7 26
2 2 11 22
2 2 10 24
8 2 10 31
3 3 8 28
3 2 5 30
3 2 8 33
5 2 6 28
1 2 13 27
6 2 9 21
6 4 12 26
8 2 11 27
6 2 13 35
7 2 10 22
7 3 9 25
7 2 8 28
2 2 8 28
4 3 10 19
4 2 6 21
4 2 11 22
4 2 2 23
8 2 3 22
3 2 7 21
8 2 6 22
6 2 4 21
6 2 6 22
3 2 7 23
1 2 6 24
7 2 3 23
3 2 3 24
6 2 3 25
7 2 4 23
5 2 8 26
2 2 7 26
4 2 7 24
4 3 2 26
8 2 1 26
4 4 4 26
6 2 5 26
8 2 4 27
3 2 4 27
4 14 5 26
5 3 4 28
4 2 5 29
4 2 10 30
2 2 9 30
4 9 3 31
4 2 1 32
5 2 5 31
6 2 5 30
8 2 4 30
7 3 4 30
7 2 5 32
4 2 12 32
4 11 3 33
7 2 3 34
5 2 4 35
2 2 3 35
3 2 3 36
4 11 3 35
4 26 11 37
5 2 13 43
6 2 13 44
6 2 14 44
7 2 23 44
4 13 17 37
7 2 16 39
4 4 20 37
7 2 19 37
3 2 18 38
4 2 1 38
2 2 8 37
1 2 7 38
6 2 10 37
5 3 9 36
4 3 9 36
4 12 4 38
8 3 8 39
6 2 9 42
7 3 6 39
7 2 8 42
6 2 5 40
5 2 5 41
4 2 11 39
4 2 1 40
5 2 1 39
2 2 6 38
5 3 6 38
4 11 9 41
1 2 13 44
8 2 7 43
4 2 5 42
6 2 7 41
5 2 5 43
5 2 7 43
7 2 6 44
4 9 7 42
1 2 4 45
4 73 8 42
4 2 1 43
4 2 4 45
4 3 4 48
4 2 14 49
4 2 38 50
2 2 37 50
5 2 12 49
8 2 10 47
7 4 9 47
2 2 8 47
