1047033
2923
7 2 73 9
6 2 85 59
3 2 39 45
8 4 97 9
8 2 35 36
3 4 77 7
6 2 57 92
8 2 29 9
3 2 34 61
2 2 24 70
3 6 13 46
2 2 33 40
4 2 17 17
2 2 65 41
4 4 27 1
3 2 9 47
6 2 45 45
8 2 87 84
7 2 55 29
5 2 61 44
3 2 77 16
6 2 73 18
8 2 88 97
7 3 17 50
4 2 21 70
3 2 1 9
3 2 21 33
7 3 57 93
6 2 43 41
8 2 41 85
3 2 17 93
4 8 65 17
1 2 82 65
1 2 65 38
5 3 36 95
8 2 83 23
2 4 87 34
5 3 28 51
4 3 77 74
7 2 26 96
3 4 85 12
7 4 34 58
6 2 59 8
3 2 49 2
3 3 80 58
2 2 27 50
5 2 13 32
4 2 75 70
1 3 80 78
7 2 75 16
4 2 67 44
2 2 12 54
1 3 75 75
3 3 93 54
1 2 1 13
1 2 35 37
2 2 5 7
8 4 11 32
7 4 37 79
7 2 87 20
3 2 77 21
1 2 27 13
8 2 69 47
4 3 52 57
7 3 37 50
8 4 77 11
5 2 23 56
7 2 21 14
7 2 93 78
2 2 45 20
7 2 57 33
2 2 77 10
2 2 27 48
4 2 81 8
2 3 67 80
4 4 87 33
3 2 67 16
7 4 53 34
6 4 57 1
6 4 39 86
6 4 51 42
4 2 25 17
5 2 47 18
8 2 69 24
5 2 79 27
5 2 83 35
3 2 55 9
2 2 89 10
5 2 49 6
2 4 1 38
6 2 60 73
1 2 71 4
6 2 55 90
5 2 36 73
3 3 59 77
2 3 28 72
6 2 85 29
2 2 3 49
3 4 59 3
4 2 94 95
7 2 43 12
8 3 82 51
7 2 31 19
1 2 37 46
4 2 91 18
4 6 5 48
3 4 21 40
4 2 84 51
5 8 45 1
8 2 89 39
7 2 53 46
7 5 68 81
7 2 29 42
8 2 87 30
3 6 43 23
3 2 77 6
6 2 9 85
3 6 31 49
8 2 65 19
7 2 22 78
8 2 25 36
7 2 55 32
6 4 54 76
7 4 51 38
6 2 17 1
5 6 85 39
6 2 19 42
7 2 93 20
7 2 29 81
7 6 75 10
5 3 64 83
5 2 13 26
3 2 65 40
3 2 97 84
2 2 19 48
4 2 57 35
1 8 69 6
4 2 95 13
5 2 63 15
2 2 49 46
7 2 93 25
7 2 85 26
5 2 87 77
4 2 21 6
4 2 91 54
1 2 7 29
2 2 93 14
1 4 5 19
4 4 45 18
5 4 5 52
7 2 51 32
2 2 21 87
7 2 79 54
4 4 73 16
3 4 43 16
2 2 45 42
3 2 69 11
8 4 49 37
8 4 91 23
4 2 48 81
7 3 11 84
3 2 56 57
3 2 61 30
1 4 57 46
4 2 33 35
5 2 60 73
7 2 65 5
2 4 15 17
6 10 17 30
4 2 67 6
3 2 28 87
6 2 37 13
2 8 1 17
3 2 77 28
8 2 9 20
8 2 89 12
1 2 83 14
1 2 15 10
1 2 13 20
1 2 41 27
1 2 9 14
1 2 50 73
1 2 25 6
1 3 52 68
1 2 71 27
1 2 80 86
1 2 79 38
1 3 40 92
1 2 87 46
1 2 27 36
1 4 10 53
1 2 94 94
1 2 1 8
1 2 50 98
1 2 77 50
1 2 7 42
1 2 31 3
1 2 17 69
1 2 89 29
1 2 44 70
1 2 85 38
1 2 87 28
1 2 26 90
1 4 51 12
1 2 5 30
1 2 47 16
1 2 73 9
1 2 5 37
1 2 11 1
1 2 75 36
1 2 6 63
1 2 59 27
1 2 7 23
1 2 15 25
1 4 15 4
1 2 92 58
1 2 44 93
1 2 1 30
1 2 23 46
1 2 73 29
1 2 73 92
1 6 41 33
1 4 3 39
1 2 37 5
1 2 41 54
1 2 61 37
1 12 57 19
1 2 37 23
1 4 73 27
1 4 43 22
1 2 6 65
1 2 12 85
1 2 23 19
1 2 37 31
1 8 1 15
1 2 77 75
1 2 7 36
1 2 33 2
1 2 77 18
1 4 31 4
1 3 39 58
1 2 41 47
1 4 47 1
1 2 37 88
1 2 56 95
1 2 5 5
1 2 21 42
1 2 79 27
1 2 77 37
1 4 31 25
1 2 17 33
1 2 29 37
1 2 53 16
1 2 41 41
1 2 20 90
1 2 23 40
1 6 77 12
1 2 69 46
1 2 39 48
1 2 77 42
1 2 61 8
1 2 75 49
1 2 77 70
1 3 39 77
1 4 41 57
1 2 57 6
1 2 63 19
1 2 51 38
1 2 89 49
1 3 15 78
1 2 79 48
1 2 75 3
1 2 69 16
1 2 24 54
1 2 19 19
1 3 33 83
1 2 73 34
1 2 14 76
1 4 73 20
1 2 89 47
1 4 59 13
1 4 49 86
1 2 55 13
1 4 3 8
1 2 43 38
1 2 63 29
1 2 15 36
1 2 46 52
1 3 87 79
1 2 79 32
1 8 65 45
1 2 21 50
1 2 64 82
1 2 31 70
1 2 89 40
1 2 21 9
1 2 67 10
1 4 31 43
1 6 7 40
1 3 70 76
1 2 63 51
1 2 45 6
1 2 23 37
1 2 59 16
1 2 47 64
1 2 54 83
1 2 10 99
1 4 63 21
1 4 61 26
1 2 51 42
1 2 63 36
1 2 3 21
1 2 25 36
1 2 31 15
1 4 7 47
1 2 74 73
1 2 37 13
1 4 5 18
1 6 89 60
1 2 13 21
1 3 88 63
1 2 65 17
1 4 37 40
1 2 93 5
1 2 9 16
1 2 65 14
1 2 11 65
1 2 32 53
1 2 43 1
1 2 27 11
1 2 51 91
1 2 35 11
1 2 39 29
1 2 57 2
1 2 89 3
1 3 61 100
1 3 34 55
1 2 53 2
1 2 38 53
1 4 41 12
1 4 49 22
1 2 5 87
1 2 87 26
1 3 33 53
1 4 45 9
1 2 71 38
1 2 33 29
1 2 31 31
1 6 27 19
1 2 39 50
1 3 85 76
1 2 5 10
1 2 39 45
1 2 40 61
1 2 67 45
1 4 71 45
1 2 8 76
1 2 79 98
1 4 25 30
1 2 69 60
1 3 23 72
1 2 42 99
1 4 9 34
1 2 77 10
1 2 37 38
1 2 19 12
1 6 53 48
1 2 41 45
1 2 43 35
1 2 43 91
1 2 23 91
1 2 37 17
1 2 69 57
1 2 53 95
1 2 9 20
1 2 43 43
1 2 29 65
1 3 1 91
1 4 70 59
1 2 54 53
1 2 51 31
1 2 6 68
1 2 49 28
1 2 9 10
1 2 61 41
1 2 7 26
1 2 15 26
1 2 46 79
1 2 35 16
1 2 45 21
1 4 45 14
1 2 57 73
1 2 69 16
1 2 15 17
1 2 17 9
1 2 45 35
1 2 76 76
1 2 75 6
1 2 19 43
1 2 47 20
1 2 67 96
1 2 75 26
1 2 82 81
1 2 10 79
1 2 3 48
1 6 19 52
1 2 41 29
1 2 69 4
1 2 50 54
1 2 3 17
1 2 16 78
1 4 17 36
1 2 33 24
1 2 29 8
1 2 82 61
1 4 47 7
1 2 35 59
1 4 75 55
1 4 12 97
1 2 77 10
1 2 85 51
1 2 75 36
1 2 31 16
1 2 59 72
1 2 73 32
1 2 76 73
1 2 71 20
1 4 61 43
1 2 45 90
1 2 16 99
1 2 67 11
1 3 77 55
1 2 39 73
1 2 5 72
1 2 21 44
1 2 91 24
1 4 25 46
1 4 17 45
1 2 85 31
1 2 69 2
1 2 51 7
1 4 11 23
1 2 32 71
1 2 35 43
1 3 15 54
1 2 89 5
1 2 72 70
1 4 9 29
1 2 17 71
1 2 7 9
1 3 54 61
1 2 69 31
1 2 60 53
1 2 3 15
1 2 92 81
1 2 27 21
1 2 89 70
1 2 53 7
1 3 91 66
1 2 10 68
1 2 51 84
1 2 39 29
1 2 1 96
1 2 85 44
1 2 11 78
1 3 41 86
1 2 62 99
1 2 9 12
1 2 26 51
1 2 64 63
1 2 64 89
1 2 7 18
1 2 11 7
1 4 73 21
1 2 21 18
1 2 71 33
1 2 41 31
1 2 45 87
1 2 85 97
1 2 63 12
1 2 88 95
1 4 47 50
1 2 35 98
1 2 59 83
1 2 51 51
1 2 21 77
1 5 22 80
1 2 28 96
1 2 88 90
1 2 81 28
1 2 65 75
1 2 61 77
1 2 45 79
1 2 90 89
1 3 75 50
1 3 67 85
1 3 13 90
1 2 67 56
1 2 80 96
1 2 26 86
1 2 64 51
1 2 65 37
1 2 89 79
1 2 11 35
1 2 93 56
1 2 43 36
1 2 31 48
1 2 21 62
1 2 64 87
1 2 39 11
1 2 41 16
1 2 49 87
1 2 31 36
8 2 75 47
8 2 29 14
8 2 45 20
8 2 25 20
8 2 45 28
8 2 33 5
8 2 85 55
8 2 37 42
8 4 56 81
8 2 3 31
8 4 13 40
8 2 30 87
8 4 80 81
8 3 54 55
8 2 34 58
8 2 31 37
8 2 15 4
8 2 45 4
8 2 41 39
8 2 43 1
8 2 61 86
8 2 77 8
8 3 71 90
8 2 15 44
8 2 59 41
8 2 69 35
8 8 67 10
8 2 19 4
8 2 23 26
8 2 44 98
8 2 59 89
8 2 80 94
8 6 29 5
8 4 41 31
8 2 75 1
8 3 6 57
1 2 30 58
8 3 19 79
1 2 50 79
8 5 40 85
8 3 91 64
8 2 16 66
1 2 49 65
1 2 47 65
8 2 57 13
8 2 25 42
8 2 5 44
8 4 61 1
8 4 41 9
8 2 65 50
8 2 79 22
8 2 21 73
8 3 6 73
8 2 47 4
8 2 11 49
8 2 27 40
8 2 43 34
8 4 29 30
8 2 52 58
8 3 12 79
1 2 75 81
8 4 56 86
1 2 66 87
8 2 71 5
8 2 40 91
8 2 55 32
8 4 67 49
8 4 5 11
8 2 69 27
8 2 41 27
8 2 75 21
8 2 55 84
8 2 39 36
8 2 9 60
8 4 45 79
8 2 33 4
8 2 57 27
8 6 17 19
8 2 27 69
1 2 73 69
1 2 79 70
8 3 62 73
8 4 19 71
1 2 41 70
8 6 31 63
8 2 75 30
8 3 43 99
8 8 7 40
8 2 57 23
8 2 31 43
8 2 65 2
8 2 47 1
8 2 7 10
8 3 1 69
1 2 34 68
1 2 7 70
8 2 38 81
8 4 41 42
8 2 45 5
8 2 80 70
8 6 67 10
8 4 75 18
8 2 36 70
8 2 81 15
8 2 12 100
1 2 43 99
8 2 1 4
8 2 37 38
8 2 69 27
8 2 87 85
8 2 53 92
8 3 15 61
8 2 21 43
8 3 76 54
8 3 20 61
1 2 32 60
8 2 51 47
8 2 75 43
8 4 9 46
8 2 21 30
8 3 37 50
8 2 69 2
8 2 87 93
8 2 45 46
8 2 51 25
8 2 77 2
8 4 9 11
8 6 9 26
8 2 35 92
8 2 64 85
8 2 43 11
8 2 83 39
8 4 43 40
8 2 45 20
8 3 62 55
8 2 82 57
8 2 83 33
8 2 18 56
1 2 57 56
8 2 55 24
8 4 39 18
8 2 21 28
8 2 17 35
8 2 49 52
8 2 45 4
8 2 31 34
8 4 55 37
8 2 51 2
8 2 15 15
8 2 20 66
8 2 37 8
8 2 33 34
8 2 41 7
8 2 58 68
8 2 25 38
8 2 76 78
8 2 9 21
8 2 61 5
8 2 79 39
8 2 73 13
8 2 31 28
8 2 11 38
8 2 35 39
8 2 81 7
8 2 29 35
8 2 75 27
8 2 39 6
8 2 45 15
8 2 83 24
8 5 54 68
8 2 59 29
8 2 29 69
8 6 65 25
8 2 37 56
8 2 71 48
8 4 49 68
8 2 43 31
8 2 11 29
8 2 15 29
8 3 58 51
8 4 30 78
1 2 45 78
8 2 29 20
8 2 53 23
8 4 8 87
8 4 3 17
8 2 67 8
8 2 1 19
8 2 66 98
8 2 19 39
8 2 7 27
8 2 13 2
8 2 23 44
8 2 27 45
8 2 15 98
8 6 57 20
8 4 29 11
8 4 45 48
8 3 57 96
1 2 57 96
1 2 73 95
8 2 77 28
8 2 69 34
8 2 41 26
8 4 10 71
1 2 26 73
8 2 35 22
8 2 63 17
8 4 53 98
8 2 71 7
8 2 13 71
8 4 3 63
8 3 59 93
8 2 5 32
8 2 74 99
8 6 57 57
8 2 27 32
8 4 25 10
8 2 65 26
8 2 30 70
1 2 29 71
8 2 85 74
8 2 55 1
8 2 86 74
8 2 39 41
8 2 77 59
8 2 27 41
8 6 15 27
8 2 49 34
8 2 57 12
8 2 81 63
8 2 38 63
8 4 81 25
8 2 20 70
8 4 61 42
8 2 15 32
8 2 60 54
8 2 1 23
8 2 33 19
8 2 13 35
8 2 47 71
8 2 87 3
8 4 5 7
8 4 67 44
8 2 21 48
8 2 45 43
8 2 5 17
8 2 21 7
8 2 8 56
1 2 17 55
8 2 17 21
8 2 68 88
8 4 57 22
8 2 45 57
8 2 63 44
8 2 33 14
8 2 1 2
8 2 21 39
8 2 37 42
8 4 19 26
8 2 47 44
8 2 23 22
8 3 83 65
1 2 84 65
8 2 59 32
8 2 55 7
8 6 37 44
8 2 37 38
8 2 31 61
8 2 49 13
8 2 67 99
8 2 30 96
8 4 51 19
8 2 35 80
8 3 82 52
8 2 42 95
8 3 66 83
8 2 56 79
8 2 43 37
8 2 77 25
8 2 57 37
8 4 17 10
8 2 7 73
1 2 37 74
1 2 55 75
8 2 26 69
8 2 22 51
8 4 9 36
8 2 55 15
8 2 28 57
8 2 47 49
8 2 61 72
8 4 47 18
8 2 5 28
8 2 41 44
8 2 85 68
8 2 78 68
8 2 77 76
8 2 45 35
8 2 13 13
8 2 59 8
8 2 69 68
8 2 70 73
8 2 82 77
8 2 27 34
8 4 11 10
8 2 50 84
8 2 17 64
8 2 59 15
8 2 33 34
8 2 59 37
8 2 71 45
8 2 63 21
8 2 25 43
8 3 28 71
8 2 69 97
8 2 59 28
8 2 30 71
8 4 39 99
8 2 42 58
8 2 5 1
8 2 79 5
8 2 49 36
8 2 5 26
8 2 39 23
8 2 37 10
8 3 28 60
8 2 19 22
8 2 33 60
8 2 1 45
8 2 73 93
8 2 9 1
8 2 48 73
8 2 59 78
8 4 32 98
8 2 45 24
8 2 46 95
1 2 60 94
8 2 31 63
1 2 66 64
8 2 17 8
8 2 49 20
8 2 29 38
8 3 37 67
8 8 39 12
8 4 47 65
8 2 9 52
1 2 73 52
8 3 77 85
8 2 62 93
8 2 35 22
8 2 47 5
8 2 24 66
1 2 71 65
8 3 22 90
1 2 30 89
1 2 42 89
8 2 5 21
8 2 15 48
8 2 75 14
8 2 84 94
8 2 67 13
8 2 15 45
8 2 34 62
5 4 45 4
5 3 25 52
5 2 77 33
5 2 62 58
5 6 12 74
1 2 10 77
8 2 72 75
5 2 31 24
5 2 77 82
5 2 13 62
5 2 69 30
5 2 35 70
5 2 51 21
5 2 77 69
5 2 51 26
5 2 7 13
5 2 69 7
5 8 53 29
5 2 11 32
5 2 17 37
5 6 29 9
5 2 17 25
5 2 72 70
5 2 63 65
5 2 65 27
5 2 43 29
5 2 5 37
5 2 9 48
5 2 51 11
5 2 59 16
5 2 49 22
5 2 75 28
5 2 9 29
5 2 1 18
5 4 5 26
5 2 66 78
5 2 25 25
5 2 67 41
5 2 53 22
5 2 51 87
1 2 69 87
5 2 7 24
5 4 50 56
1 2 65 57
5 4 41 36
5 2 73 22
5 2 55 20
5 2 67 47
5 2 38 53
5 4 15 13
5 2 70 77
5 6 37 11
5 8 25 33
5 2 37 97
5 2 53 11
5 3 70 51
5 2 77 86
5 2 9 6
5 2 7 17
5 2 25 23
5 2 25 1
5 2 63 32
5 2 61 93
5 3 13 75
1 2 37 77
8 2 49 76
1 2 72 75
5 7 7 49
5 4 57 5
5 2 43 49
5 2 65 31
5 2 7 26
5 2 39 39
5 2 21 10
5 2 46 96
8 2 53 95
8 2 57 94
5 2 82 62
5 2 68 55
5 4 9 25
5 2 49 63
5 2 5 16
5 8 3 31
5 2 47 28
5 3 50 76
5 3 49 91
8 2 55 92
5 2 45 1
5 2 35 20
5 2 27 81
5 2 81 84
5 2 74 57
5 2 57 36
5 2 74 77
5 2 37 19
5 2 59 9
5 4 49 48
5 2 70 89
5 2 23 97
5 2 39 13
5 2 53 40
5 2 59 5
5 2 12 96
5 2 19 38
5 2 65 9
5 2 7 5
5 2 11 11
5 2 5 18
5 10 9 19
5 2 16 68
5 4 65 34
5 2 55 44
5 2 37 30
5 4 59 2
5 2 51 17
5 6 23 14
5 2 1 36
5 2 71 4
5 2 47 10
5 6 29 4
5 2 32 96
8 2 65 95
8 2 76 94
5 2 35 62
8 2 41 62
8 2 54 61
5 2 80 92
5 8 5 39
5 2 21 69
1 2 20 70
5 2 55 54
5 4 42 55
5 2 57 42
5 2 45 7
5 2 47 37
5 2 63 45
5 2 48 78
5 3 80 67
5 2 86 66
5 4 63 22
5 2 7 65
8 2 25 64
1 2 10 65
8 2 27 66
5 2 22 53
5 2 73 66
5 2 56 97
5 3 68 67
5 2 59 14
5 3 43 72
5 2 50 92
5 2 41 25
5 2 51 81
5 2 69 35
5 2 17 42
5 6 39 14
5 4 63 2
5 2 10 95
5 2 17 9
5 2 37 51
5 4 21 3
5 4 29 42
5 6 13 43
5 3 51 59
5 2 59 28
5 3 66 99
5 4 7 10
5 3 52 70
5 3 65 95
5 2 51 53
5 8 7 8
5 2 41 1
5 2 59 60
5 2 57 14
5 2 17 31
5 4 47 49
5 2 61 27
5 3 75 89
8 2 83 89
5 2 58 78
5 2 35 29
5 2 57 12
5 2 47 3
5 2 46 51
5 2 9 3
5 3 2 61
5 4 19 45
5 2 77 81
8 2 82 82
5 2 19 81
5 2 55 38
5 2 54 86
8 2 78 85
5 2 47 17
5 2 21 34
5 2 21 13
5 2 23 28
5 2 31 24
5 5 34 58
5 2 43 90
8 2 46 89
8 2 52 88
5 2 15 8
5 2 44 73
5 2 37 24
5 2 31 43
5 2 19 67
5 2 11 80
5 4 25 20
5 2 49 51
5 4 6 75
1 2 20 77
5 2 15 11
5 2 53 10
5 4 1 24
5 2 48 95
5 3 61 99
8 2 71 98
5 2 17 24
5 2 29 22
5 2 13 36
5 3 1 69
1 2 9 70
8 2 72 71
5 2 13 21
5 2 74 72
5 4 31 34
5 2 35 24
5 4 23 44
5 2 37 8
5 2 39 66
5 2 67 23
5 2 29 2
5 10 47 31
5 2 27 38
5 4 1 3
5 3 68 96
5 6 59 5
5 4 52 79
5 5 57 91
5 3 27 90
1 2 51 89
8 2 76 88
8 2 29 89
5 9 54 72
8 2 53 75
5 3 44 52
5 2 80 93
5 2 29 19
5 4 53 6
5 2 19 78
8 2 38 79
5 2 25 36
5 3 35 81
5 2 37 82
5 2 63 49
5 2 9 65
8 2 43 64
5 2 17 28
5 3 27 81
1 2 38 82
5 2 67 41
5 4 39 42
5 2 53 39
5 2 31 20
5 2 35 46
5 2 60 86
8 2 71 85
1 2 71 84
5 14 3 43
5 6 25 11
5 4 22 63
5 2 35 17
5 2 27 1
5 8 63 15
5 4 3 6
5 2 28 83
5 2 45 16
5 2 29 27
5 2 45 12
5 4 11 48
5 2 27 46
5 2 17 21
5 2 57 4
5 4 23 42
5 2 37 41
5 2 47 19
5 2 19 7
5 2 37 19
5 2 27 41
5 2 55 23
5 2 32 78
5 2 15 78
8 2 68 77
5 2 51 16
5 2 69 76
5 2 53 49
5 2 53 13
5 5 55 50
5 2 41 2
5 2 31 8
5 2 27 12
5 2 51 40
5 3 4 79
5 2 35 64
8 2 60 63
5 8 13 48
5 2 43 46
5 2 9 1
5 2 46 71
5 2 35 26
5 3 15 99
1 2 29 98
5 2 49 30
5 2 57 8
5 6 11 30
5 2 31 43
5 2 39 23
5 2 43 83
8 2 57 84
5 2 70 98
5 2 23 32
5 2 62 97
5 2 1 10
5 2 19 47
5 2 22 83
8 2 41 84
5 2 79 89
5 2 74 61
5 6 27 14
5 6 49 48
5 2 56 83
5 2 31 70
8 2 35 69
5 2 32 94
5 2 39 18
5 2 25 9
5 2 21 49
5 2 46 89
5 4 31 25
5 2 57 44
5 2 36 88
5 2 59 25
5 2 39 87
5 2 51 97
5 2 37 16
5 2 17 3
5 2 38 60
5 2 70 90
5 3 58 76
5 2 31 77
8 2 41 76
5 2 51 59
5 2 5 23
5 2 17 23
5 2 57 24
5 2 44 75
5 2 19 22
5 2 64 98
5 2 61 6
6 4 47 8
6 2 43 75
6 2 45 23
6 2 35 9
6 2 59 43
6 4 3 37
6 5 2 76
5 2 48 76
8 2 8 76
6 2 47 49
6 6 11 46
6 2 51 9
6 4 7 47
6 2 36 53
6 2 4 83
8 2 4 82
1 2 51 82
1 2 7 82
1 2 6 84
1 2 7 85
6 2 11 28
6 2 55 23
6 2 35 26
6 3 50 88
6 3 18 87
8 2 27 86
5 2 17 87
5 2 63 86
6 2 10 80
6 7 42 62
5 2 47 64
5 2 43 64
5 2 56 64
6 4 33 34
6 2 69 47
6 2 21 21
6 2 24 81
6 2 59 41
6 8 37 46
6 2 69 72
6 2 55 66
5 2 73 66
6 2 57 39
6 2 25 44
6 2 13 10
6 2 17 64
6 10 23 7
6 4 25 29
6 6 1 24
6 2 13 40
6 2 30 82
6 2 61 92
6 2 41 57
6 2 56 85
5 2 74 84
6 2 49 7
6 2 57 50
6 2 9 15
6 10 23 40
6 2 45 61
5 2 52 60
6 4 14 71
1 2 46 73
5 2 61 74
6 2 25 11
6 4 15 65
6 2 53 32
6 2 9 51
6 3 33 79
6 6 3 42
6 2 11 1
6 2 70 81
6 2 27 74
6 4 1 11
6 2 25 39
6 2 41 26
6 2 13 6
6 4 20 62
1 2 34 63
5 2 70 63
5 2 26 63
5 2 40 64
6 2 27 88
6 2 45 42
6 2 50 65
6 2 48 51
6 4 1 15
6 2 5 98
8 2 13 99
5 2 47 98
6 2 45 21
6 2 45 93
6 2 27 25
6 2 48 91
6 2 53 37
6 2 31 79
5 2 40 80
6 3 57 68
6 2 53 84
6 8 55 32
6 2 33 12
6 4 16 91
5 2 24 90
6 3 70 90
6 2 3 17
6 4 45 12
6 4 40 70
6 4 5 1
6 2 3 25
6 8 13 31
6 2 44 98
6 2 7 38
6 3 66 99
6 6 51 88
5 2 52 91
1 2 53 92
6 2 58 72
6 4 31 26
6 10 45 34
6 2 17 26
6 2 29 22
6 2 25 67
6 2 35 45
6 2 39 19
6 4 26 65
5 2 38 67
8 2 74 68
6 2 23 12
6 6 37 32
6 2 49 38
6 2 73 89
6 2 19 4
6 2 55 44
6 4 12 75
5 2 34 74
6 2 17 20
6 3 60 91
6 2 9 4
6 4 27 16
6 2 28 82
6 2 25 17
6 2 39 30
6 3 22 77
6 2 71 59
6 5 12 63
5 2 45 62
6 2 31 24
6 2 1 44
6 2 10 83
8 2 19 82
6 2 21 25
6 2 5 37
6 4 40 66
6 2 49 3
6 2 13 24
6 2 1 54
5 2 69 55
6 2 29 13
6 2 13 12
6 2 37 18
6 2 29 19
6 2 41 26
6 2 49 47
6 2 29 72
8 2 42 71
8 2 53 70
6 5 8 95
5 2 44 94
8 2 15 96
5 2 27 97
6 3 49 59
6 2 33 24
6 2 31 63
6 2 17 22
6 4 27 49
6 2 9 25
6 2 11 22
6 2 17 11
6 2 17 41
6 5 50 63
6 2 17 34
6 2 53 49
6 2 59 3
6 6 33 22
6 2 35 62
8 2 59 62
6 2 40 58
6 2 31 32
6 2 37 12
6 12 27 4
6 2 41 49
6 2 27 33
6 3 6 70
8 2 5 70
1 2 11 70
6 2 24 86
6 2 31 9
6 8 35 41
6 2 15 30
6 2 9 37
6 2 57 39
6 2 9 2
6 2 33 1
6 2 39 16
6 2 4 74
1 2 10 74
5 2 59 74
6 18 1 3
6 2 31 44
6 2 29 7
6 2 60 97
6 8 53 47
6 2 25 11
6 4 37 67
6 4 64 94
6 2 23 12
6 2 35 17
6 2 9 98
5 2 51 99
6 2 13 19
6 3 56 98
6 2 44 92
1 2 63 92
6 2 14 96
6 3 1 91
5 2 56 90
5 2 67 89
6 4 39 3
6 2 47 40
6 10 29 45
6 2 39 43
6 4 57 94
5 2 55 94
5 2 65 95
6 2 23 56
6 4 25 23
6 4 7 20
6 2 5 8
6 2 19 15
6 2 13 17
6 2 65 66
6 2 42 85
8 2 59 86
6 2 68 52
6 2 46 55
6 2 71 55
6 10 51 27
6 4 21 57
8 2 52 59
5 2 21 59
5 2 34 56
1 2 66 59
1 2 39 55
1 2 39 59
8 2 71 60
6 2 17 73
5 2 44 72
6 2 57 83
6 2 33 3
6 2 55 41
6 3 6 99
1 2 30 99
1 2 41 98
8 2 59 99
6 4 33 47
6 2 15 47
6 6 47 30
6 4 35 4
6 6 27 36
6 2 23 34
6 2 49 18
6 4 41 31
6 2 56 59
8 2 61 58
6 8 17 16
6 2 23 37
6 2 9 16
6 4 42 75
8 2 43 77
6 4 25 3
6 3 33 50
6 2 60 55
6 4 21 93
1 2 43 93
5 2 40 92
8 2 28 92
8 2 40 92
6 2 51 45
6 2 36 82
6 2 39 28
6 2 11 97
6 6 49 13
6 2 14 85
5 2 44 86
6 2 49 8
6 3 17 57
6 2 41 25
6 6 48 71
6 4 34 76
6 2 35 90
6 3 22 95
8 2 50 96
6 2 26 81
6 2 14 52
6 2 48 69
5 2 50 69
6 2 7 3
6 2 59 80
6 2 43 29
6 2 27 18
6 9 30 82
8 2 50 84
6 2 48 72
6 3 53 64
6 5 29 50
6 2 47 10
6 4 47 6
6 2 65 84
6 2 3 98
1 2 54 99
8 2 5 99
8 2 9 98
1 2 11 97
6 2 49 6
6 3 56 80
1 2 55 80
5 2 55 81
6 2 9 20
6 6 3 30
6 2 45 24
6 2 32 90
8 2 39 90
5 2 59 91
8 2 62 92
5 2 66 92
8 2 65 92
6 2 18 95
6 2 49 86
6 2 13 7
6 2 41 14
6 2 45 9
6 2 31 2
6 3 35 73
6 2 62 62
6 2 39 24
6 2 41 36
6 2 23 48
6 2 39 5
6 2 63 33
6 2 54 63
6 5 30 97
6 2 19 32
6 2 3 13
6 3 43 97
6 3 63 54
6 2 1 8
6 2 21 33
6 4 53 45
6 2 3 20
6 2 5 8
6 2 5 29
6 4 35 7
6 2 16 84
6 2 40 83
6 2 10 62
6 2 5 31
6 6 17 20
6 2 34 63
6 2 15 42
6 2 17 28
6 2 15 44
6 3 33 87
6 2 7 24
6 2 29 43
6 2 58 79
6 2 48 73
6 8 19 48
6 2 12 92
5 2 18 93
6 4 13 38
6 2 21 22
6 2 47 91
6 2 57 61
6 2 11 99
6 2 22 90
6 2 13 98
6 2 43 41
6 2 14 97
5 2 21 96
5 2 14 96
6 3 35 60
8 2 37 60
5 2 58 60
5 2 65 60
6 2 57 35
6 8 37 38
6 2 52 58
6 2 37 92
6 2 54 60
6 2 17 4
6 2 49 2
7 2 50 91
6 2 50 90
7 4 51 84
7 2 11 59
1 2 13 58
8 2 33 57
6 2 38 60
6 2 64 56
7 2 20 72
6 2 63 71
7 2 24 91
7 2 55 95
7 2 17 11
7 2 13 4
7 2 27 43
7 6 43 3
7 2 17 83
6 2 17 82
1 2 22 81
5 2 33 80
5 2 61 79
6 3 34 83
7 6 19 43
7 6 16 98
7 2 35 29
7 4 45 17
7 2 60 56
7 6 41 31
7 3 8 64
7 3 36 91
7 3 31 78
7 4 35 50
7 14 43 40
7 2 1 16
7 8 19 16
7 2 13 2
7 2 17 31
7 2 11 34
7 2 42 93
7 2 7 36
7 2 39 9
7 2 31 16
7 4 65 53
7 6 54 91
7 2 25 37
7 2 11 30
7 4 39 87
7 2 39 35
7 3 3 61
6 2 43 61
5 2 5 61
6 2 30 60
6 2 63 59
7 2 54 77
7 6 21 35
7 2 38 85
6 2 49 86
7 2 31 27
7 10 53 14
7 4 19 33
7 3 2 63
1 2 51 63
6 2 2 63
6 2 24 63
8 2 45 64
7 2 8 68
6 2 44 69
7 2 36 55
8 2 39 54
7 10 27 25
7 2 40 93
6 2 61 94
7 2 32 92
7 2 2 88
8 2 16 88
1 2 23 87
5 2 48 88
6 2 35 87
6 2 29 86
7 4 31 18
7 2 47 47
7 2 25 33
7 7 15 50
7 3 17 75
7 2 9 26
7 2 19 58
8 2 19 58
1 2 20 59
7 2 1 33
7 2 27 18
7 4 35 45
7 2 18 75
7 3 49 68
7 7 23 72
7 2 33 21
7 4 35 40
7 2 19 13
7 2 15 29
7 2 61 78
7 2 19 46
7 3 52 70
6 2 57 71
7 24 23 1
7 10 7 41
7 3 29 52
5 2 31 53
8 2 32 54
6 3 30 53
6 2 55 52
6 2 53 55
7 3 31 61
7 2 5 11
7 6 29 35
7 3 44 99
7 2 17 7
7 3 12 81
6 3 11 81
7 2 22 93
1 2 24 92
6 2 57 93
1 2 30 92
7 4 11 26
7 2 21 16
7 6 13 26
7 2 5 22
7 2 12 97
6 2 31 96
7 2 1 20
7 2 23 45
7 2 25 24
7 2 41 92
7 2 58 52
7 4 45 22
7 2 31 9
7 3 53 89
7 2 41 43
7 2 32 95
6 2 37 94
7 28 1 25
7 2 22 62
7 2 25 33
7 4 55 93
7 2 3 28
7 4 23 17
7 2 35 19
7 2 29 49
7 2 24 86
7 2 19 55
7 6 41 48
7 2 27 89
7 3 25 63
7 2 25 12
7 6 27 25
7 2 17 50
7 2 57 39
7 5 35 82
7 4 33 35
7 3 9 99
7 2 31 82
7 4 15 36
7 14 21 9
7 6 15 1
7 2 43 66
7 2 3 6
7 2 49 15
7 2 33 98
7 2 41 55
7 2 23 13
7 2 5 7
7 2 37 5
7 8 7 16
7 2 25 55
7 2 30 90
7 8 9 1
7 3 22 57
7 3 23 98
8 2 22 100
7 2 45 24
7 2 55 52
5 2 55 51
7 4 2 52
5 2 1 52
1 2 1 54
5 2 4 53
7 2 39 14
7 10 18 59
5 2 50 64
8 2 25 64
6 2 24 58
6 3 53 57
7 14 9 21
7 4 19 20
7 2 27 47
7 2 27 32
7 2 19 24
7 6 31 30
7 4 11 15
7 2 50 62
7 2 1 3
7 4 43 37
7 2 25 39
7 2 6 79
6 2 37 79
7 8 11 21
7 3 27 92
7 2 54 60
7 2 37 9
7 2 31 1
7 2 47 44
7 2 13 47
7 2 17 55
7 3 64 56
7 2 23 7
7 2 25 30
7 2 9 3
7 2 21 14
7 2 43 28
7 2 49 45
7 2 27 8
7 4 31 21
7 2 29 2
7 5 46 68
7 2 15 48
7 2 53 33
7 10 9 9
7 2 2 77
6 2 26 78
6 2 51 77
6 2 9 76
7 6 35 23
7 4 29 42
7 6 1 8
7 2 11 12
7 8 25 6
7 2 19 26
7 2 53 56
7 3 49 67
7 2 21 27
7 6 26 73
7 2 31 37
7 2 31 2
7 2 1 5
7 3 46 81
8 2 52 81
7 6 3 90
5 2 26 90
5 2 19 91
8 2 6 92
6 2 24 91
5 2 45 92
8 2 19 91
8 2 32 93
7 2 41 31
7 4 42 90
7 6 7 13
7 2 31 52
1 2 30 52
8 2 44 51
7 2 1 94
5 2 51 95
8 2 1 95
7 2 13 38
7 4 1 39
7 4 32 80
7 3 4 57
5 2 26 58
7 2 25 41
7 2 47 74
7 2 43 23
7 2 20 97
6 2 27 98
1 2 42 97
7 2 35 37
7 2 13 12
7 3 50 66
7 2 26 79
8 2 31 79
6 2 41 78
7 2 59 55
7 2 38 98
7 4 15 25
7 6 29 16
7 2 37 36
7 4 47 24
7 14 5 48
6 2 46 51
7 4 37 15
7 3 25 60
7 3 43 75
7 2 23 11
7 2 12 91
7 2 41 64
7 3 52 74
7 2 33 39
7 2 21 62
6 2 50 61
7 2 58 83
7 3 32 58
8 2 47 57
7 2 49 74
7 4 43 58
7 3 38 83
7 4 17 6
7 2 38 95
7 4 43 35
7 2 13 41
7 4 9 70
8 2 14 71
6 2 34 69
5 4 14 71
1 2 23 73
7 2 27 45
7 2 36 51
7 3 7 61
7 5 42 87
7 2 15 86
7 2 15 39
7 2 39 47
7 2 1 44
7 2 33 31
7 6 31 27
7 10 1 13
7 2 5 25
7 2 52 84
7 2 60 74
7 2 29 28
7 4 29 88
7 2 49 96
7 3 14 55
6 2 14 54
6 2 25 55
7 2 25 14
7 2 40 51
7 2 53 61
5 2 52 62
7 2 7 7
7 2 5 1
7 2 43 45
7 2 7 47
7 2 17 14
7 5 28 82
7 2 5 55
8 2 11 55
5 2 43 56
5 2 9 55
8 2 16 56
6 2 39 55
1 2 34 54
8 2 20 54
8 2 17 55
7 4 45 60
7 6 33 71
7 2 38 52
7 2 23 34
7 2 17 19
7 4 17 4
7 6 2 84
8 2 8 87
5 2 2 84
8 2 2 85
5 2 6 84
6 2 52 83
6 2 9 88
6 2 47 83
7 8 31 43
7 2 23 59
7 3 39 74
7 2 3 53
7 2 39 45
7 2 19 6
7 2 7 5
7 10 25 36
7 2 50 80
7 2 59 88
7 2 24 95
7 2 9 48
7 2 27 7
7 4 27 5
7 2 41 55
7 4 31 7
7 16 5 34
7 2 34 75
7 2 23 23
7 2 30 94
7 2 10 66
7 2 35 6
7 2 44 57
7 2 7 37
7 4 11 18
7 2 31 64
7 2 36 66
7 2 32 59
7 2 23 27
7 2 38 60
7 2 40 59
7 2 39 60
7 2 48 76
7 6 13 30
4 2 5 49
4 2 7 79
8 2 23 79
1 2 23 78
4 16 5 43
4 2 25 10
3 2 49 33
3 2 9 12
3 4 23 30
3 2 13 42
3 5 20 90
3 2 14 76
5 2 15 77
3 2 1 34
3 12 15 5
3 8 13 14
3 4 33 49
3 2 9 23
3 2 32 68
3 6 11 25
3 2 22 65
7 2 50 66
1 2 24 66
3 3 5 58
7 3 27 58
7 2 34 57
3 2 25 4
3 4 27 48
3 4 9 84
6 2 14 83
1 2 13 84
6 2 37 82
7 2 17 85
7 4 35 84
8 2 47 83
6 2 34 86
7 3 41 81
7 2 31 84
3 4 25 71
1 2 39 71
7 3 24 71
7 2 35 71
8 3 23 72
3 2 31 22
3 2 35 72
3 2 15 41
3 18 1 41
3 2 21 13
3 4 30 59
3 2 38 53
7 2 42 52
6 2 55 53
3 2 1 22
3 3 2 69
7 3 10 68
7 2 29 69
5 2 28 70
7 2 12 68
5 2 29 67
3 4 3 36
3 2 21 47
3 2 29 29
3 4 13 11
3 2 26 60
3 2 8 79
8 2 38 79
1 2 30 79
6 2 13 79
3 3 7 60
3 2 17 49
3 5 33 95
3 2 13 25
3 4 11 32
3 2 38 86
3 2 27 6
3 6 17 35
3 3 31 67
3 4 21 71
1 2 29 71
3 2 41 24
3 2 40 73
3 2 43 74
3 2 19 43
3 2 24 82
3 2 23 86
3 4 18 88
5 2 18 87
3 4 25 9
3 2 19 41
3 3 47 51
3 2 43 56
3 2 9 45
3 3 46 93
3 2 18 60
3 2 42 86
3 2 36 84
5 2 41 83
3 3 28 86
3 2 44 51
3 2 43 99
3 18 25 37
3 2 40 51
3 2 29 19
3 2 37 47
3 10 9 36
3 2 31 33
3 3 53 100
3 6 15 26
3 2 19 8
3 2 33 54
3 8 23 22
3 2 9 17
3 2 49 95
3 2 27 34
3 2 32 57
3 2 21 8
3 2 35 99
3 4 3 21
3 2 25 19
3 8 3 7
3 2 23 21
3 3 5 66
6 2 46 66
8 2 45 67
7 3 25 65
7 2 23 66
7 2 48 67
7 2 30 65
7 2 57 68
3 2 23 98
6 2 29 98
7 2 39 97
3 4 30 86
7 2 36 87
3 5 11 86
1 2 35 87
5 2 38 85
3 4 23 41
3 7 13 49
3 2 25 50
3 8 15 20
3 2 39 29
3 3 18 64
5 2 19 64
3 24 17 16
3 2 25 21
3 8 29 31
3 2 39 84
3 2 7 18
3 2 19 6
3 2 5 36
3 4 15 28
3 2 49 97
3 3 35 98
3 2 19 14
3 2 14 97
7 2 17 98
3 3 1 59
7 2 26 61
7 2 40 62
3 2 10 83
7 2 35 82
3 2 33 3
3 4 41 65
3 2 25 8
3 3 1 50
3 8 20 68
7 2 32 68
6 2 23 69
6 2 28 67
3 6 39 96
3 3 57 74
3 2 1 6
3 2 33 44
3 12 13 41
3 4 5 16
3 2 3 29
3 3 6 75
8 2 8 77
6 2 5 77
8 2 16 77
7 2 5 76
5 2 32 74
3 6 33 89
3 3 41 83
3 2 47 62
3 2 35 99
6 2 37 99
3 2 15 64
7 2 16 63
3 4 1 31
3 6 1 14
3 4 29 13
3 2 3 38
3 3 20 77
1 2 22 76
3 5 11 78
3 7 17 78
5 2 16 80
6 2 44 80
3 2 1 18
3 2 23 3
3 2 9 71
3 2 23 13
3 2 21 10
3 6 7 39
3 2 17 45
3 2 25 1
3 2 38 78
3 2 20 78
3 2 1 3
3 2 3 14
3 2 43 62
7 2 44 62
1 2 43 63
3 4 21 89
5 2 20 91
3 16 1 46
3 2 19 44
3 2 36 60
3 2 35 92
3 2 23 35
3 8 7 26
3 4 3 1
3 5 28 74
3 4 19 4
3 2 7 30
3 3 20 81
7 2 36 80
3 4 38 60
3 2 19 18
3 2 19 31
3 2 19 24
3 3 1 85
8 2 8 84
3 2 25 25
3 2 16 54
3 2 30 85
3 3 44 81
3 2 30 53
3 22 5 3
3 2 21 49
3 2 3 49
3 6 27 96
3 2 19 7
3 2 31 28
3 10 7 46
3 2 25 44
3 5 30 60
3 4 27 89
3 2 21 43
3 4 25 38
3 2 6 69
3 2 5 25
3 3 9 60
8 2 10 61
3 16 31 79
6 2 34 81
1 2 31 80
3 3 17 70
6 2 21 70
3 2 3 27
3 5 28 65
3 2 24 65
6 2 23 65
8 2 46 66
1 2 45 66
3 2 39 90
3 2 7 89
7 2 11 89
5 2 24 88
8 2 16 88
6 2 26 90
6 2 10 90
7 2 16 90
5 2 24 91
3 2 15 18
3 3 15 50
3 2 25 14
3 2 22 88
3 2 31 88
3 5 39 93
3 10 1 11
3 2 35 24
3 2 28 75
3 2 15 13
3 3 44 51
3 2 23 74
3 2 9 1
3 2 33 62
3 2 24 99
3 8 5 31
3 3 23 77
3 2 37 72
3 2 43 52
1 2 42 52
3 2 3 91
6 2 9 92
7 2 9 93
3 4 12 95
1 2 17 95
1 2 25 95
3 4 12 62
3 2 7 3
3 2 39 70
3 2 4 64
5 2 12 63
3 4 49 67
3 2 10 90
5 2 9 91
3 2 45 53
3 2 46 56
3 2 7 24
3 2 4 62
7 2 29 62
3 4 11 2
3 2 38 68
3 2 27 4
3 2 33 28
3 12 7 22
3 2 15 62
6 2 34 62
3 2 27 10
3 4 14 86
5 2 26 85
3 2 39 95
3 2 27 38
3 2 21 61
3 2 46 75
3 3 22 69
1 2 23 68
3 2 27 45
3 2 50 54
3 7 13 79
5 2 29 78
3 2 11 14
3 13 29 92
3 2 16 93
8 2 24 92
3 2 19 28
3 2 18 85
3 14 11 30
3 2 23 47
3 2 21 66
3 2 25 70
3 3 28 88
3 2 7 58
5 2 11 57
1 2 6 59
3 2 37 24
3 2 1 55
5 2 43 55
3 4 11 7
3 3 31 86
3 2 20 54
7 2 24 55
3 3 31 65
3 9 5 82
5 2 30 81
6 2 16 82
7 2 8 82
7 2 13 81
3 3 10 57
3 2 38 93
3 3 15 98
3 3 35 87
3 2 17 14
3 2 5 19
3 3 9 93
7 2 42 94
7 2 15 92
3 8 18 62
1 2 15 65
5 2 18 65
3 2 31 39
3 2 34 94
3 2 15 56
3 3 32 62
3 2 37 52
4 2 21 6
4 2 23 23
4 3 12 54
6 2 13 54
3 2 29 55
3 2 35 55
4 2 1 7
4 2 3 59
7 2 8 58
8 2 7 58
6 2 11 57
3 3 26 56
3 2 20 56
8 2 21 57
4 2 21 38
4 3 33 89
4 2 1 21
4 4 3 39
4 2 29 2
4 4 25 97
4 2 5 16
4 64 1 24
4 3 30 95
6 2 34 94
3 2 29 96
4 2 1 49
4 4 20 56
1 2 23 56
4 9 4 72
6 2 14 73
8 2 6 74
6 2 22 74
3 2 11 73
8 2 30 72
3 2 33 75
4 2 46 69
4 2 24 79
4 10 31 61
6 2 30 62
3 2 29 62
4 3 6 52
3 2 18 52
6 2 26 51
1 2 22 51
7 2 19 53
4 2 36 80
4 4 30 73
4 2 35 95
4 8 14 87
1 2 13 88
4 2 4 82
4 4 25 29
4 8 26 87
4 2 18 85
4 2 11 10
4 10 13 42
4 3 42 66
6 2 42 67
4 5 28 55
4 2 5 47
4 2 1 5
4 8 29 86
4 3 30 84
3 2 29 84
4 3 2 83
4 3 27 61
4 2 3 6
4 10 25 23
4 2 5 95
8 2 23 96
5 2 29 95
5 2 7 94
4 2 16 78
4 2 29 15
4 6 42 67
4 2 25 44
4 2 33 97
4 5 19 79
4 8 9 95
7 2 8 96
1 2 19 96
1 2 9 95
1 2 27 95
8 2 10 94
6 2 11 94
4 3 22 63
3 3 22 63
4 2 33 93
4 2 31 82
4 2 21 44
4 2 5 33
4 7 9 50
7 2 15 53
4 2 1 38
4 12 10 69
3 2 22 72
7 2 10 71
4 38 7 36
4 78 7 24
4 9 11 61
6 2 9 62
1 2 20 62
4 3 4 98
7 2 4 98
4 40 17 47
6 2 13 52
7 2 13 51
5 3 9 53
4 2 13 28
4 2 21 1
4 10 33 75
4 2 21 19
4 2 15 43
4 128 11 3
4 2 5 83
4 2 13 33
4 6 5 25
4 3 36 67
3 2 37 68
1 2 36 68
4 5 3 92
4 3 7 98
5 2 31 99
5 2 6 99
4 3 28 93
4 3 31 58
4 3 16 69
5 2 30 68
8 2 33 69
5 2 28 68
4 2 9 43
4 2 11 17
4 2 1 1
4 2 29 21
4 3 12 52
4 2 1 42
4 4 9 81
4 4 18 69
7 2 19 70
4 7 25 90
4 3 22 96
4 2 41 82
4 6 23 74
4 2 27 35
4 15 22 64
8 2 19 68
4 6 12 98
8 2 16 99
5 2 15 99
4 2 2 73
3 2 4 74
6 3 27 73
1 2 26 72
7 2 6 72
7 3 4 73
6 2 8 72
4 2 20 91
4 4 14 52
4 4 11 8
4 2 26 72
4 2 23 24
4 2 13 44
4 2 33 56
4 2 5 65
8 2 4 65
4 2 2 54
6 2 2 53
7 2 6 52
8 2 6 51
3 2 1 53
4 3 4 85
1 2 28 84
5 2 3 86
7 2 6 86
1 2 5 86
4 2 29 58
4 4 13 12
4 4 11 4
4 2 25 70
6 2 24 71
3 2 23 71
4 4 17 45
4 3 13 81
6 2 25 80
5 2 24 80
8 2 24 79
4 2 24 53
4 2 1 88
4 2 23 2
4 9 15 60
8 3 11 61
4 4 24 85
4 2 15 33
4 2 11 34
4 2 6 77
3 2 17 76
3 2 9 76
1 2 8 76
3 2 14 77
4 2 7 39
4 2 5 62
5 2 5 62
8 2 11 62
4 2 5 44
4 3 10 84
4 2 31 59
4 4 23 17
4 3 19 70
4 7 12 75
1 2 11 76
5 2 15 75
4 11 6 55
5 2 23 56
4 2 2 65
1 2 14 66
3 3 13 67
6 2 4 66
5 5 4 65
8 2 2 67
3 2 7 68
7 2 4 66
5 2 14 69
3 2 18 70
4 26 7 46
4 2 17 59
3 2 16 60
3 2 26 58
4 18 3 1
4 6 16 73
4 26 17 92
4 2 1 93
7 2 16 94
4 2 1 36
4 6 9 57
4 9 16 51
4 4 9 15
4 5 5 85
3 2 17 85
1 2 14 85
6 2 18 86
4 2 12 76
4 7 6 71
3 2 6 71
4 8 17 66
3 2 25 67
4 18 7 1
4 2 27 51
4 4 23 79
4 5 12 55
4 2 20 67
8 2 19 68
4 6 25 74
6 2 22 76
1 2 22 75
4 2 29 40
4 6 19 35
4 2 25 40
4 3 10 71
4 2 1 85
6 2 2 86
8 2 1 87
5 2 9 87
7 2 3 85
7 2 18 88
3 2 5 84
7 2 19 87
4 14 11 37
4 2 7 71
4 4 3 45
4 3 4 89
3 2 10 90
6 2 3 90
4 5 9 64
3 3 8 64
3 2 21 66
4 8 15 17
4 2 17 10
4 2 19 74
4 36 1 15
4 2 11 90
4 22 7 20
4 2 19 30
4 4 10 57
5 2 10 56
3 3 9 56
1 2 10 55
4 6 9 23
4 2 22 66
4 2 13 48
4 19 18 80
3 3 17 82
4 3 4 69
8 2 6 69
4 4 14 78
4 2 13 63
4 2 18 60
4 4 23 82
4 2 26 80
4 2 16 83
8 2 17 83
4 2 15 35
4 2 26 57
4 2 9 74
4 2 13 8
4 2 8 79
4 3 7 91
4 8 8 98
4 2 31 88
3 2 30 88
4 4 17 38
4 2 6 89
4 2 24 75
4 3 12 85
4 5 15 98
4 2 7 83
3 2 8 82
5 2 9 82
1 2 7 82
4 2 14 88
4 2 19 68
3 2 18 69
4 2 3 17
4 2 17 70
4 2 11 73
4 2 21 69
4 4 7 12
4 3 16 55
6 2 15 56
4 8 5 18
4 2 10 83
4 5 17 97
4 2 15 24
2 3 21 75
3 2 21 74
2 2 21 63
2 4 31 54
2 2 26 100
2 5 2 92
1 2 3 91
4 2 20 90
8 2 12 94
7 2 12 95
2 2 1 90
2 4 28 78
3 2 27 78
2 2 3 64
6 2 3 63
2 2 2 58
4 2 14 58
6 2 18 58
2 3 19 54
4 2 18 54
2 10 22 88
7 2 21 89
3 2 21 88
2 15 18 51
4 2 23 53
2 7 4 66
1 2 4 70
6 2 3 71
4 2 12 67
2 998 1 1
5 2 7 38
5 2 13 43
5 2 7 1
4 2 7 15
4 2 11 37
4 2 11 16
4 2 14 5
4 2 5 41
4 2 9 42
6 2 8 21
6 2 7 39
6 2 7 2
4 2 9 2
6 3 8 45
6 2 4 18
6 3 8 17
7 2 4 19
4 2 5 19
7 2 4 10
4 2 12 10
5 2 11 11
7 2 11 42
7 2 10 10
7 2 12 34
7 2 8 36
1 2 8 3
6 2 9 4
5 2 8 4
1 2 8 18
1 3 4 17
7 2 11 16
1 2 4 13
4 2 4 13
1 2 11 27
1 2 6 34
1 2 7 16
1 2 14 3
1 2 8 39
3 4 5 4
1 3 9 4
7 2 8 5
4 2 10 6
3 2 12 9
6 2 12 9
3 2 4 17
5 2 6 17
3 2 9 38
3 2 10 43
3 2 9 46
3 2 5 31
3 2 5 41
1 2 7 42
3 2 8 23
4 2 8 22
3 2 6 31
5 2 9 21
7 2 8 21
8 3 6 32
8 3 6 39
4 2 7 38
8 2 3 27
8 2 10 37
8 2 4 40
8 2 7 43
8 2 4 29
8 2 7 14
8 2 8 20
8 2 11 6
8 3 4 14
5 2 4 15
7 2 5 15
2 6 3 24
6 2 1 24
6 2 3 25
5 2 3 26
7 2 2 25
3 2 7 26
7 2 9 25
5 2 7 24
4 2 2 26
3 2 3 25
8 3 2 24
4 2 4 26
8 2 7 23
1 2 1 24
1 4 3 23
2 2 14 30
2 3 1 33
2 2 3 32
2 2 13 3
2 11 9 36
5 2 9 38
2 4 2 3
3 3 8 4
6 3 3 2
2 4 12 10
2 2 12 47
2 3 4 47
5 2 3 47
7 2 8 47
6 2 7 47
3 2 4 46
1 2 6 48
4 2 7 45
2 2 1 11
6 2 1 11
4 2 1 11
2 2 1 46
8 2 3 47
4 2 3 48
4 2 6 49
3 3 2 49
2 2 4 25
2 6 4 4
4 2 3 5
5 2 3 4
5 2 3 7
6 3 3 6
6 2 5 6
8 2 3 5
2 10 3 35
5 2 4 34
5 2 5 35
4 2 2 37
1 2 3 34
2 2 7 11
2 6 5 33
4 2 5 35
2 6 9 42
2 2 9 13
2 2 4 10
8 2 4 9
3 2 7 9
2 2 4 41
2 5 13 50
2 2 5 17
2 3 7 26
2 3 5 13
2 2 5 44
2 2 3 7
7 2 3 8
2 7 6 46
2 7 4 21
2 2 13 28
2 2 8 1
2 2 7 3
