405323
2915
1 6 82 45
1 3 44 86
1 3 39 53
1 2 67 100
1 8 59 50
1 3 24 73
1 2 47 43
1 2 67 29
1 8 33 30
1 2 80 21
1 4 63 1
1 2 32 37
1 6 39 19
1 2 4 48
1 2 5 39
1 2 92 79
1 2 24 50
1 2 91 42
1 2 81 33
1 2 55 16
1 4 41 34
1 2 89 18
1 2 25 42
1 4 5 8
1 4 43 22
1 4 10 34
1 3 26 54
1 2 37 98
1 2 31 3
1 5 93 59
1 2 96 38
1 2 10 80
1 2 68 52
1 3 22 52
1 2 23 91
1 2 11 66
1 2 18 78
1 2 7 23
1 2 13 7
1 2 90 28
1 2 19 43
1 6 2 15
1 2 92 44
1 10 68 20
1 2 5 17
1 2 54 1
1 2 46 12
1 2 20 46
1 2 43 13
1 2 5 88
1 2 16 91
1 2 52 84
1 2 6 37
1 8 78 6
1 2 47 64
1 2 87 50
1 2 20 90
1 2 18 45
1 2 6 5
1 2 5 30
1 8 73 46
1 2 94 31
1 3 89 96
1 6 38 4
1 6 27 19
1 4 66 38
1 4 82 27
1 2 14 79
1 2 68 45
1 2 86 38
1 2 45 35
1 2 98 24
1 2 28 46
1 2 92 29
1 2 61 13
1 2 47 70
1 2 55 62
1 2 44 58
1 2 60 19
1 2 33 36
1 3 3 91
1 2 8 42
1 2 43 45
1 2 36 53
1 6 87 21
1 3 33 83
1 4 5 19
1 3 38 92
1 5 41 58
1 2 8 26
1 2 47 47
1 2 85 58
1 4 11 29
1 2 35 71
1 3 11 53
1 3 39 78
1 2 6 65
1 2 93 94
1 3 77 78
1 2 47 35
1 2 5 73
1 2 38 16
1 2 36 29
1 2 7 63
1 3 59 95
1 2 80 20
1 2 58 31
1 2 22 19
1 3 45 54
1 2 81 70
1 4 48 16
1 2 65 75
1 2 7 47
1 2 11 99
1 2 1 8
1 4 13 99
1 2 94 26
1 2 2 13
1 2 20 12
1 6 7 19
1 2 87 52
1 2 15 56
1 2 87 27
1 2 62 27
1 2 40 45
1 2 46 36
1 2 65 82
1 2 64 14
1 2 45 41
1 2 12 1
1 2 49 88
1 2 87 46
1 2 74 37
1 2 79 75
1 4 49 7
1 2 87 82
1 2 76 31
1 2 7 68
1 4 16 21
1 2 70 41
1 3 46 98
1 2 10 14
1 2 63 16
1 4 34 24
1 3 63 100
1 2 28 13
1 4 66 43
1 2 31 47
1 2 9 16
1 2 47 21
1 6 23 36
1 2 81 86
1 2 95 3
1 2 20 33
1 2 39 43
1 2 14 76
1 2 31 98
1 2 10 9
1 2 88 36
1 2 59 72
1 5 22 82
1 6 9 40
1 4 50 14
1 4 79 50
1 2 28 11
1 2 94 94
1 2 47 31
1 2 66 2
1 2 82 77
1 2 23 46
1 2 10 18
1 2 74 17
1 2 68 4
1 2 83 32
1 2 21 62
1 2 17 26
1 3 91 67
1 4 77 56
1 2 44 33
1 2 55 51
1 2 39 38
1 2 9 76
1 2 75 71
1 2 36 60
1 2 39 12
1 2 93 58
1 2 1 97
1 2 30 89
1 2 40 31
1 2 60 13
1 2 60 83
1 8 77 12
1 2 86 63
1 4 12 23
1 2 52 13
1 2 56 7
1 2 82 26
1 2 2 30
1 4 52 9
1 2 96 40
1 3 41 73
1 2 27 86
1 4 51 7
1 2 93 47
1 2 62 26
1 4 18 4
1 2 41 48
1 2 80 38
1 2 64 27
1 2 70 96
1 3 34 55
1 2 37 88
1 4 79 3
1 2 91 5
1 2 9 48
1 4 71 59
1 2 76 9
1 2 34 23
1 2 30 96
1 2 42 11
1 6 53 20
1 2 80 96
1 2 77 37
1 3 91 76
1 2 47 52
1 2 54 1
1 2 75 92
1 2 39 92
1 2 29 8
1 5 77 55
1 2 43 38
1 2 41 93
1 2 85 16
1 2 69 76
1 2 41 27
1 2 11 78
1 2 67 29
1 2 16 10
1 2 34 90
1 2 61 57
1 2 47 66
1 2 52 36
1 4 59 46
1 2 47 12
1 2 47 61
1 2 21 44
1 4 47 40
1 2 67 27
1 2 5 10
1 3 85 74
1 2 35 2
1 2 30 21
1 2 26 36
1 4 29 43
1 2 57 80
1 2 70 4
1 2 17 36
1 2 61 6
1 2 9 10
1 2 40 29
1 2 49 28
1 3 22 77
1 2 18 9
1 2 74 34
1 2 12 35
1 4 32 16
1 2 36 11
1 2 67 12
1 2 58 8
1 2 42 29
1 2 75 16
1 2 4 15
1 2 16 25
1 2 29 26
1 2 63 19
1 2 59 48
1 2 61 42
1 2 3 21
1 2 85 6
1 2 63 77
1 2 94 72
1 2 81 10
1 2 20 9
1 2 74 64
1 2 8 36
1 2 57 36
1 2 34 46
1 2 7 29
1 2 87 64
1 2 17 72
1 2 4 40
1 2 78 73
1 2 81 48
1 2 88 63
1 2 63 14
1 2 12 65
1 2 16 100
1 2 77 65
1 2 56 75
1 2 48 50
1 2 77 12
1 4 52 22
1 2 45 91
1 2 51 88
1 2 10 68
1 2 50 16
1 2 22 40
1 2 41 48
1 2 84 28
1 2 54 38
1 2 88 32
1 2 74 99
1 2 40 69
1 2 30 37
1 2 64 36
1 2 30 65
1 2 12 20
1 2 63 10
1 2 84 10
1 2 86 80
1 3 16 70
1 2 93 5
1 2 28 6
1 2 32 70
1 2 50 69
1 2 48 69
1 2 94 49
1 2 10 12
2 4 65 45
2 2 15 17
2 12 23 33
2 4 19 45
2 2 40 47
2 4 65 33
2 4 73 48
2 2 65 15
2 2 40 87
1 2 70 88
2 2 72 22
2 2 60 39
2 3 86 88
2 2 31 77
1 2 39 77
1 2 46 78
1 2 54 80
1 2 70 78
1 2 47 79
2 2 56 10
2 4 68 9
2 3 43 58
2 4 61 8
2 2 76 78
2 2 19 26
2 6 64 7
2 8 30 24
2 2 29 14
2 6 51 10
2 5 64 57
2 8 41 16
2 2 46 33
2 2 87 2
2 2 16 19
2 4 70 34
2 5 11 97
1 2 12 96
1 2 61 97
1 2 36 99
2 5 53 91
2 2 9 51
2 2 11 10
2 2 33 46
2 2 25 88
2 2 6 30
2 2 21 7
2 2 77 43
2 2 70 45
2 2 75 36
2 4 34 54
1 2 55 53
2 2 57 93
2 2 53 12
2 2 39 20
2 4 38 19
2 6 32 40
2 2 24 10
2 2 67 3
2 4 89 30
2 6 44 31
2 4 12 37
2 10 75 3
2 6 71 42
2 2 32 10
2 2 13 33
2 6 11 24
2 2 4 45
2 4 25 72
2 2 55 3
2 2 9 41
2 3 77 70
2 4 72 24
2 2 68 35
2 6 19 6
2 2 62 76
2 2 27 46
2 2 11 54
1 2 65 55
2 2 22 58
1 2 67 56
2 2 14 14
2 2 51 81
2 2 62 90
1 2 92 90
2 4 6 89
2 2 5 57
1 2 14 59
1 2 29 59
2 2 80 23
2 2 82 8
2 4 85 50
2 2 25 12
2 4 56 54
2 2 65 89
2 4 1 39
2 3 31 82
1 2 54 82
2 7 15 50
2 2 47 91
1 3 83 90
2 2 50 3
2 2 83 44
2 4 29 9
2 2 53 8
2 2 21 49
2 4 3 40
2 2 27 79
2 4 61 27
2 4 13 23
2 2 44 24
2 2 27 1
2 2 10 18
2 2 33 99
1 2 50 99
2 2 1 90
1 2 85 89
2 6 66 54
2 2 70 33
2 2 37 28
2 6 23 15
2 6 80 30
2 2 44 88
1 2 50 88
1 2 59 90
2 4 1 75
2 4 44 73
2 2 27 85
2 2 48 24
2 2 57 98
2 2 11 35
2 2 15 90
2 2 62 81
2 3 28 50
1 2 28 52
2 8 25 45
2 2 53 79
2 4 78 5
2 4 59 42
2 2 61 50
2 6 71 38
2 10 42 40
2 2 48 1
2 2 56 26
2 2 60 93
2 3 70 59
2 2 45 16
2 2 74 50
2 2 70 40
2 2 74 46
2 4 35 67
1 2 47 66
1 2 48 65
1 2 63 64
2 2 48 34
2 2 73 44
2 3 21 54
1 2 35 53
2 2 4 49
2 2 66 37
2 2 7 35
2 2 7 4
2 2 10 12
2 2 79 28
2 2 30 44
2 4 26 28
2 2 33 56
2 2 26 37
2 2 6 80
2 6 82 15
2 2 25 82
2 2 75 1
2 2 20 18
2 4 72 12
2 2 15 32
2 2 53 10
2 2 50 39
2 4 68 18
2 2 43 55
2 2 5 20
2 2 62 47
2 2 39 8
2 2 83 39
2 2 22 29
2 2 43 34
2 2 56 27
2 2 65 2
2 6 69 29
2 2 58 44
2 2 37 28
2 6 48 31
2 3 17 60
1 2 71 60
1 2 38 61
2 2 66 10
2 2 71 7
2 2 3 10
2 2 10 16
2 2 38 35
2 4 45 66
2 2 80 28
2 2 18 16
2 4 89 11
2 2 37 15
2 2 74 29
2 5 43 51
1 2 81 51
2 2 23 71
1 2 73 70
1 2 80 71
2 2 24 31
2 2 30 55
2 4 65 13
2 4 3 22
2 2 56 45
2 2 52 14
2 2 8 30
2 2 56 23
2 2 1 84
1 2 6 84
1 2 8 82
1 2 7 86
2 2 21 26
2 2 57 34
2 2 62 17
2 2 59 55
2 2 48 40
2 2 23 77
1 2 77 76
2 2 46 45
2 2 55 1
2 2 86 96
2 2 73 25
2 2 60 11
2 2 11 17
2 2 70 34
2 7 7 80
1 2 12 78
1 2 86 80
2 2 83 32
2 2 41 19
2 6 42 45
2 2 49 17
2 2 69 71
2 2 72 89
2 6 15 38
2 2 15 4
2 3 24 66
1 2 84 65
2 2 83 71
2 2 45 33
2 3 40 84
1 2 67 85
2 3 68 95
2 4 78 2
2 2 40 78
2 3 12 63
2 2 8 48
2 8 2 17
2 2 46 16
2 2 25 6
2 4 72 34
2 2 44 60
1 2 54 61
2 2 66 35
2 2 67 9
2 2 34 44
2 2 13 48
2 2 83 47
2 2 20 48
2 2 3 79
2 2 69 65
2 2 21 17
2 2 37 10
2 6 3 47
2 2 8 45
2 6 44 28
2 2 73 21
2 2 67 19
2 2 12 68
2 2 8 60
1 2 79 61
2 2 20 40
2 2 35 56
1 2 90 56
2 2 18 23
2 2 66 75
2 4 76 88
2 2 48 68
2 2 57 15
2 2 79 28
2 2 48 97
2 2 52 46
2 2 1 35
2 2 42 21
2 3 45 81
2 2 32 15
2 2 88 92
2 2 35 9
2 2 11 8
2 2 34 30
2 3 12 78
2 2 64 16
2 6 62 39
2 2 18 7
2 2 54 47
2 3 44 55
2 2 88 95
2 2 28 43
2 2 65 30
2 2 61 63
2 2 47 40
2 2 42 37
2 2 19 88
2 2 8 79
2 4 29 20
2 2 24 50
2 2 73 38
2 2 31 69
2 4 66 21
2 2 8 14
2 6 21 41
2 2 53 96
1 2 55 96
2 4 3 2
2 2 57 28
2 2 65 84
2 2 9 100
2 2 50 47
2 2 47 44
2 2 80 60
2 2 8 21
2 2 10 91
2 2 15 63
2 2 77 27
2 2 8 39
2 2 19 31
2 4 65 17
2 2 50 29
2 4 9 45
2 2 89 57
2 2 23 38
2 2 74 56
2 2 2 43
2 2 19 37
2 2 23 35
2 2 63 56
2 2 26 2
2 2 28 24
2 2 17 43
2 2 76 69
2 3 61 79
2 2 28 73
2 2 38 43
2 2 56 62
2 2 47 88
1 2 69 88
2 2 89 67
2 2 51 30
2 2 14 48
2 4 24 20
2 2 32 21
2 2 43 38
2 2 78 41
2 2 55 72
2 2 52 78
2 2 62 36
2 2 42 45
2 2 28 51
2 2 34 38
2 2 14 6
2 2 30 71
2 2 45 42
2 2 45 28
2 2 82 98
2 3 45 51
1 2 69 51
2 2 18 68
2 2 6 7
2 2 56 69
2 2 75 60
2 2 86 64
2 2 77 70
2 2 16 40
2 2 13 92
2 2 61 33
2 2 62 100
2 2 4 29
2 2 16 90
1 2 16 92
1 2 47 93
1 2 30 92
1 2 44 94
2 2 91 93
2 2 77 87
2 2 46 71
2 2 40 49
2 2 77 91
2 2 69 57
2 3 10 68
2 2 64 66
2 2 67 78
2 2 55 57
2 2 50 6
2 2 29 89
2 2 54 39
2 2 32 89
1 2 39 90
2 2 5 13
2 2 44 86
2 2 62 58
2 2 35 90
2 2 57 89
2 2 42 48
2 2 59 91
3 8 29 16
3 2 21 1
3 3 70 98
2 2 73 98
3 2 1 9
3 6 25 88
2 2 89 86
2 2 44 89
3 3 50 77
2 3 62 76
3 14 16 4
3 10 20 18
3 8 31 47
3 2 12 49
3 2 13 83
1 2 36 84
3 4 11 79
2 2 15 78
1 2 23 77
2 2 22 80
3 2 23 27
3 2 42 17
3 4 47 38
3 5 15 87
1 2 42 87
3 4 19 2
3 4 31 49
3 2 77 42
3 2 56 14
3 2 78 22
3 10 22 81
1 2 85 81
3 3 31 65
2 2 37 63
2 2 62 65
2 2 59 63
3 2 5 18
3 2 38 89
3 4 25 30
3 2 6 14
3 2 29 18
3 8 62 13
3 4 51 39
3 3 1 60
3 3 43 90
3 2 63 33
3 2 3 1
3 6 10 47
3 4 75 54
3 4 16 48
3 2 70 32
3 2 71 32
3 2 53 33
3 2 42 19
3 3 32 60
2 2 65 61
3 4 21 42
3 2 11 7
3 2 57 26
3 2 72 24
3 2 48 89
3 3 57 80
3 3 50 87
3 8 6 82
1 2 70 85
2 2 85 83
2 2 71 85
3 3 75 86
3 4 57 48
3 2 76 84
3 3 6 66
3 2 54 28
3 4 52 3
3 2 4 15
3 2 47 47
3 2 20 18
3 2 20 45
3 2 29 86
2 2 44 86
2 2 59 86
2 2 30 85
3 2 1 34
3 2 29 47
3 2 35 3
3 6 24 46
3 2 57 99
3 8 41 74
1 2 44 73
3 2 1 31
3 2 30 26
3 2 28 7
3 4 16 42
3 4 32 39
3 3 34 66
3 2 7 69
3 2 58 26
3 2 27 50
3 6 34 94
3 2 39 56
3 2 61 90
3 2 63 79
3 2 63 86
3 2 32 41
3 2 59 28
3 2 31 52
2 2 64 52
3 2 36 79
3 4 7 43
3 14 50 22
3 3 59 53
2 2 76 52
3 3 71 72
3 2 72 1
3 2 37 36
3 2 52 39
3 2 40 21
3 3 53 65
3 2 17 14
3 2 84 25
3 4 46 81
3 4 15 36
3 2 18 93
2 2 71 93
3 8 26 25
3 4 35 25
3 2 20 16
3 6 42 28
3 2 39 10
3 2 9 41
3 2 31 94
3 2 52 96
3 4 29 6
3 4 70 93
3 2 16 61
2 2 80 60
3 4 59 42
3 4 11 24
3 2 32 7
3 4 15 33
3 6 14 40
3 2 44 42
3 2 3 55
1 2 39 56
1 2 48 55
2 2 65 55
2 2 47 55
1 2 59 53
3 6 2 47
3 2 55 6
3 6 9 46
3 3 17 89
3 2 37 14
3 3 63 51
3 2 46 43
3 4 50 58
3 4 63 20
3 2 21 62
3 6 36 31
3 4 48 95
3 2 64 29
3 3 15 96
2 2 30 95
2 2 38 96
2 2 32 96
3 2 67 8
3 2 7 36
3 2 41 50
3 2 14 18
3 2 74 4
3 2 34 43
3 2 12 69
3 2 13 93
3 2 31 40
3 4 24 11
3 5 36 67
3 2 33 16
3 2 16 80
3 6 8 32
3 2 41 36
3 3 40 72
3 2 53 17
3 2 67 84
3 2 60 31
3 2 58 24
3 4 10 16
3 2 39 16
3 2 35 86
3 2 82 62
3 2 77 61
3 4 36 44
3 2 29 25
3 2 25 54
3 2 56 38
3 2 23 39
3 4 51 78
3 6 45 6
3 2 37 3
3 2 54 41
3 2 3 21
3 2 39 75
2 2 71 74
3 2 73 37
3 4 35 41
3 2 40 2
3 4 44 30
3 2 50 25
3 4 7 38
3 2 33 57
2 2 71 58
3 6 11 4
3 3 79 100
3 2 77 71
3 2 25 33
3 2 61 76
3 2 74 74
3 4 68 12
3 2 6 22
3 3 51 82
3 2 23 8
3 2 59 9
3 2 68 34
3 2 53 22
3 2 5 59
2 2 51 58
3 2 17 63
3 2 46 44
3 3 39 64
3 2 15 27
3 2 26 74
2 2 63 73
3 2 72 63
3 6 27 68
3 2 30 39
3 3 76 52
3 2 8 9
3 2 31 18
3 2 52 95
2 2 74 96
1 2 82 98
3 2 36 49
3 2 20 36
3 2 8 6
3 2 76 49
3 2 53 4
3 2 37 50
3 2 38 30
3 4 26 36
3 2 33 16
3 4 22 33
3 2 40 64
1 2 69 63
3 2 58 11
3 2 41 16
3 4 48 98
2 2 48 100
3 2 12 29
3 2 21 92
2 2 24 94
2 2 28 94
3 6 54 11
3 2 53 18
3 4 56 18
3 2 55 80
3 3 1 50
3 2 19 23
3 2 1 22
3 3 56 61
3 2 37 73
2 2 80 71
3 2 30 89
3 3 75 67
3 2 42 10
3 3 56 94
3 2 53 24
3 2 28 98
3 2 76 97
3 2 17 35
3 2 47 4
3 2 53 30
3 2 78 87
3 2 7 11
3 2 31 71
1 2 40 71
2 2 63 70
3 2 40 79
2 2 50 81
3 2 58 7
3 2 51 13
3 2 14 8
3 2 32 3
3 2 33 37
3 2 47 21
3 2 27 32
3 2 24 64
1 2 23 65
1 2 62 66
3 2 32 13
3 2 40 9
3 2 47 7
3 2 14 90
3 2 38 90
3 2 11 27
3 2 68 3
3 2 7 19
3 3 66 63
3 2 35 1
3 2 59 88
3 2 64 92
3 2 66 37
3 2 78 98
3 2 40 71
3 2 74 86
3 2 49 30
3 2 24 6
3 2 56 47
3 2 35 62
3 2 15 23
3 2 71 96
3 2 23 77
3 2 57 22
3 2 32 68
3 2 69 95
3 4 12 11
3 2 40 32
3 2 54 41
3 2 58 63
3 2 52 8
3 4 56 3
3 2 53 32
3 2 66 97
3 4 5 89
3 2 43 6
3 2 18 9
3 2 22 87
3 3 60 50
3 2 61 28
3 2 42 97
3 4 1 41
3 2 70 93
3 2 43 8
3 2 30 76
3 4 54 20
3 2 49 49
3 2 61 54
3 2 22 31
3 2 53 90
3 2 8 14
3 2 53 85
3 2 36 32
3 2 52 60
3 2 38 48
3 2 71 81
3 2 65 44
3 2 1 85
1 2 13 84
2 2 54 84
3 2 32 14
3 2 36 28
3 2 61 83
3 2 19 85
2 2 23 85
1 2 22 84
3 2 62 37
3 2 1 12
3 2 41 7
3 2 18 17
3 2 42 100
3 2 59 97
3 2 41 25
3 3 66 58
3 2 75 85
3 2 61 96
3 2 20 60
2 2 21 59
2 2 26 60
3 2 31 49
3 2 26 48
3 2 61 44
3 2 39 18
3 4 42 35
3 2 44 60
3 2 61 70
3 2 38 69
3 2 40 41
3 2 45 50
3 2 68 51
3 2 77 82
4 2 31 51
2 2 45 53
4 2 11 21
4 4 22 31
4 3 52 89
1 2 53 88
4 4 8 16
4 7 47 66
4 4 24 19
4 2 64 75
1 2 63 75
4 8 54 37
4 4 35 49
4 2 9 69
2 2 40 70
3 3 57 68
4 4 11 52
1 2 55 52
3 2 51 52
4 10 29 6
4 2 50 11
4 2 54 80
1 2 54 80
4 14 28 20
4 14 47 36
4 14 31 29
4 3 21 85
4 7 38 83
2 2 63 82
1 2 62 82
4 2 10 28
4 4 16 3
4 3 51 64
4 14 48 14
4 4 4 2
4 4 21 1
4 4 55 8
4 2 47 66
2 2 46 67
4 2 24 43
4 2 17 49
4 10 10 40
4 6 18 96
1 2 19 95
1 2 18 98
4 6 56 4
4 2 17 28
4 2 57 12
4 3 41 55
3 2 62 53
3 2 66 55
3 2 72 57
4 2 4 99
4 10 20 13
4 8 13 34
4 4 61 32
4 10 57 23
4 2 1 12
4 10 20 44
4 2 67 66
4 2 36 95
1 2 64 96
4 6 2 49
4 4 76 59
4 11 19 68
3 2 63 65
4 6 47 50
4 2 7 4
4 6 28 48
4 2 69 1
4 4 15 13
4 3 67 80
2 2 67 80
4 6 57 43
4 2 60 69
4 2 50 54
4 2 55 30
4 2 22 18
4 4 25 15
4 3 14 53
1 2 30 53
2 2 37 53
4 2 44 18
4 2 71 76
4 6 20 41
4 4 4 88
4 4 33 18
4 2 12 16
4 2 9 44
4 2 59 8
4 2 6 5
4 4 10 15
4 2 44 27
4 2 14 43
4 2 12 14
4 6 21 37
4 6 27 32
4 3 6 98
4 2 14 28
4 2 32 35
4 4 23 52
2 2 39 51
4 10 8 45
4 6 7 19
4 2 32 15
4 2 19 25
4 2 50 62
4 4 16 6
4 3 71 97
4 2 80 82
4 3 10 57
3 2 10 58
3 2 73 57
4 2 28 41
4 2 14 89
2 2 27 88
3 2 45 88
4 4 20 8
4 3 29 96
4 2 31 3
4 2 1 82
3 2 21 82
4 3 60 81
4 2 77 25
4 2 1 21
4 2 4 82
3 2 26 82
2 2 30 81
4 2 45 89
4 2 34 58
2 2 69 58
4 4 41 53
3 2 41 54
4 4 29 40
4 2 57 76
2 2 62 75
3 2 65 74
4 4 60 84
4 4 40 13
4 2 20 33
4 2 53 49
4 2 5 9
4 2 41 72
3 2 75 72
4 2 2 1
4 2 54 13
4 2 32 38
4 4 41 33
4 2 5 33
4 4 34 48
4 2 11 12
4 2 22 88
3 2 32 86
3 2 37 86
4 2 11 79
3 2 55 79
4 2 30 17
4 4 51 23
4 2 31 53
4 3 67 69
4 2 38 57
4 2 51 48
4 2 5 22
4 5 67 92
4 2 16 2
4 2 47 35
4 2 12 46
4 4 14 17
4 2 27 33
4 6 32 16
4 3 24 55
3 2 37 57
4 6 21 20
4 2 32 19
4 2 73 64
4 4 49 78
4 2 46 92
4 4 22 72
2 2 36 70
3 2 48 69
4 2 48 8
4 2 54 64
4 2 25 21
4 2 43 89
4 2 26 25
4 2 32 62
4 4 36 81
4 4 36 48
4 2 65 98
4 2 9 17
4 5 24 74
1 2 29 73
3 2 45 76
4 2 70 91
4 2 14 40
4 2 12 59
4 2 16 35
4 2 27 8
4 2 24 23
4 2 12 29
4 4 49 24
4 3 61 77
4 2 12 6
4 2 35 27
4 2 34 41
4 2 36 2
4 3 66 95
4 2 24 90
4 3 8 84
4 3 60 67
2 2 65 66
4 2 5 35
4 2 27 71
4 2 63 20
4 2 51 42
4 4 39 30
4 2 4 12
4 4 25 28
4 3 5 93
2 2 5 94
3 2 17 95
4 2 62 92
4 2 27 23
4 2 46 25
4 2 20 92
4 2 62 97
4 2 58 26
4 2 36 28
4 5 19 53
1 2 21 55
1 2 18 54
4 4 27 10
4 3 34 75
3 2 80 73
4 2 30 57
4 3 10 73
2 3 43 74
1 2 43 74
4 2 18 73
4 3 4 73
1 2 53 72
4 2 28 28
4 3 39 94
4 4 57 34
4 2 66 58
4 2 4 23
4 4 46 46
4 2 47 12
4 2 13 29
4 4 61 58
4 2 38 10
4 2 38 2
4 2 3 59
3 2 16 61
3 2 19 60
4 4 39 5
4 6 42 24
4 2 36 18
4 2 47 92
4 2 26 93
4 4 55 70
4 2 17 10
4 2 16 35
4 4 21 3
4 2 65 87
4 2 18 4
4 3 16 52
4 2 42 9
4 2 36 43
4 6 62 1
4 2 47 95
4 2 11 18
4 2 1 38
4 4 7 56
2 2 7 54
4 4 32 46
4 2 26 49
4 3 23 99
2 2 36 99
4 2 67 64
4 3 47 99
4 3 54 96
4 2 42 15
4 2 36 14
4 2 44 56
3 2 57 56
1 2 57 58
4 2 9 2
4 2 47 25
4 4 58 25
4 6 34 8
4 2 28 1
4 4 14 19
4 2 36 32
4 2 48 54
4 2 5 87
4 2 33 24
4 2 44 53
4 2 49 31
4 3 6 84
4 2 16 92
3 2 20 94
4 2 49 82
4 2 36 58
4 2 39 49
4 2 27 37
4 4 61 42
4 4 9 91
4 4 44 14
4 2 1 7
4 2 26 95
4 3 15 70
3 2 55 69
4 3 30 51
4 4 44 29
4 3 55 88
3 2 55 88
4 2 41 79
4 2 31 44
4 2 4 49
4 2 51 25
4 6 32 33
4 4 7 72
4 2 35 32
4 3 13 50
3 2 61 51
4 2 39 69
4 2 11 27
4 2 56 62
4 2 28 100
3 2 58 99
4 2 62 74
4 3 42 76
2 2 41 74
4 2 38 21
4 2 10 5
4 6 39 18
4 2 41 9
4 2 49 17
4 2 56 31
4 4 17 47
4 3 9 72
2 2 15 73
3 2 16 72
4 6 46 42
4 4 66 72
4 2 39 26
4 2 38 83
4 2 25 38
4 2 19 7
4 2 11 39
4 3 29 95
4 2 43 18
4 2 18 32
4 6 16 23
4 3 53 89
4 2 2 73
4 2 62 66
4 2 26 55
4 2 16 49
4 2 22 66
4 2 21 78
4 2 52 54
4 2 32 49
4 2 4 36
4 2 6 24
4 8 42 2
4 4 23 48
4 4 53 4
4 2 60 26
4 2 52 74
4 2 30 68
4 2 18 27
4 2 18 36
4 2 1 34
4 2 33 4
4 2 4 45
4 6 25 15
4 2 16 17
4 2 18 40
4 2 38 58
4 4 3 27
4 6 38 43
4 2 20 45
4 2 58 63
4 2 2 65
4 2 1 17
4 2 52 67
4 5 29 77
1 2 27 76
1 2 50 76
3 2 31 78
4 2 20 64
4 4 35 6
4 2 27 62
4 2 63 64
2 2 69 63
4 2 52 82
4 2 49 34
4 2 57 77
4 6 17 29
4 2 7 35
4 2 14 55
2 2 13 54
3 2 49 55
4 2 36 56
4 2 35 86
4 2 4 10
4 2 41 4
4 2 51 55
4 2 58 20
4 2 5 34
4 2 61 26
4 2 34 50
4 2 41 53
4 2 10 49
4 2 67 66
4 2 58 51
4 2 31 7
4 2 8 13
4 2 7 55
1 2 9 54
4 2 9 23
4 2 26 58
4 2 60 11
4 2 34 95
4 2 55 7
4 3 19 59
4 2 9 34
4 2 20 13
4 2 35 10
4 2 51 87
4 2 66 59
4 2 31 75
4 3 40 98
2 2 42 97
4 2 15 37
4 2 22 12
4 2 24 31
4 2 42 17
4 2 31 27
4 2 31 31
4 2 34 17
4 2 64 83
4 2 22 94
4 2 16 8
4 2 47 60
4 2 48 85
4 2 56 3
4 2 29 85
4 2 33 36
5 5 39 92
5 2 46 9
5 2 32 20
5 8 2 32
5 8 11 78
3 2 23 77
3 2 9 76
2 2 23 75
4 2 17 78
4 2 46 80
3 2 47 80
5 2 38 20
5 14 11 24
5 2 60 97
5 3 25 81
5 8 22 28
5 2 56 95
5 4 5 52
3 2 9 53
5 9 40 74
3 2 41 72
4 2 57 70
5 2 20 90
4 2 20 90
5 4 14 46
5 2 7 21
5 4 23 32
5 4 32 1
5 4 13 77
3 2 17 76
5 10 28 43
5 4 46 27
5 2 36 28
5 5 26 95
1 2 26 95
5 4 36 39
5 3 45 92
5 4 48 25
5 7 37 50
5 8 17 22
5 2 37 23
5 7 23 64
3 2 32 67
4 2 40 68
5 4 41 35
5 2 39 38
5 2 20 14
5 10 26 22
5 4 41 48
5 2 22 16
5 2 18 5
5 3 56 60
4 2 56 61
4 2 65 60
5 2 13 64
4 2 15 64
3 2 47 65
4 2 48 66
5 2 11 38
5 3 4 68
1 2 21 67
2 2 41 70
2 2 4 68
5 2 63 87
5 2 28 46
5 2 22 91
5 2 44 89
2 2 43 89
4 2 46 90
5 3 36 76
5 4 39 32
5 2 10 68
2 2 24 68
4 2 16 67
5 10 8 9
5 6 15 48
5 2 47 20
5 2 21 19
5 3 5 76
4 2 4 77
4 2 35 78
5 6 25 1
5 4 44 15
5 2 33 30
5 4 35 95
1 2 54 97
1 2 35 96
4 2 41 97
3 2 41 96
2 2 46 96
5 4 13 37
5 14 26 14
5 3 1 61
2 2 8 61
3 2 9 61
2 2 51 61
3 2 46 61
5 4 33 53
5 2 15 34
5 2 6 53
5 3 46 69
1 2 55 70
5 2 5 37
5 2 5 5
5 2 5 13
5 4 50 22
5 4 31 65
4 2 37 68
5 12 45 5
5 3 58 93
5 12 13 11
5 2 34 49
5 2 45 99
5 6 9 20
5 2 48 2
5 4 11 44
5 8 19 52
5 4 31 81
5 6 48 41
5 4 20 39
5 4 34 91
5 3 47 77
5 8 12 49
5 2 9 3
5 3 50 88
5 2 61 11
5 10 5 48
5 4 41 80
5 2 44 80
5 4 4 22
5 2 10 65
3 2 60 65
5 8 24 48
5 4 16 30
5 2 13 62
2 2 27 61
1 2 47 62
4 2 38 61
3 2 54 61
3 2 40 62
5 4 28 59
5 4 4 3
5 2 6 62
3 2 47 63
3 2 6 62
5 2 20 4
5 2 33 97
5 2 46 57
5 2 4 84
1 2 9 85
4 2 11 87
4 3 39 83
5 2 29 18
5 2 19 33
5 2 7 40
5 2 5 18
5 8 29 29
5 10 20 9
5 2 7 65
3 2 50 65
5 2 34 30
5 2 45 10
5 2 18 31
5 3 49 52
5 2 45 65
5 6 38 11
5 2 46 44
5 2 49 79
5 2 31 44
5 3 51 61
5 6 4 45
5 4 40 15
5 4 58 57
5 3 11 96
5 4 34 34
5 6 50 66
5 2 49 71
5 2 6 26
5 2 20 36
5 3 56 67
5 2 31 45
5 2 43 59
5 2 18 7
5 2 7 11
5 2 5 66
3 2 11 68
4 2 5 65
5 4 26 25
5 5 44 89
5 3 24 53
5 4 37 70
5 4 52 70
5 4 7 29
5 3 20 83
3 2 25 83
5 3 37 59
5 6 29 11
5 6 1 43
5 2 34 47
5 6 28 91
5 2 16 58
5 2 20 12
5 2 2 7
5 2 44 31
5 2 37 1
5 2 33 31
5 3 64 86
5 5 39 79
5 2 30 7
5 2 19 97
5 6 16 44
5 2 6 16
5 2 38 56
5 2 9 41
5 2 28 60
4 2 32 59
2 2 32 61
5 3 26 54
5 2 18 2
5 4 3 40
5 2 45 93
5 4 52 74
5 2 33 39
5 2 27 41
5 3 20 72
1 2 36 74
5 4 50 75
4 2 50 75
5 2 49 27
5 2 48 99
5 2 37 35
5 2 15 87
5 2 13 89
2 2 13 88
4 2 14 88
3 2 26 89
5 2 43 67
3 2 47 68
4 2 46 67
5 6 11 25
5 4 24 8
5 2 45 7
5 3 37 61
5 3 42 77
5 2 61 82
5 2 47 96
5 4 23 39
5 2 42 22
5 10 10 34
5 6 15 3
5 2 8 6
5 2 30 16
5 2 38 30
5 2 4 43
5 2 11 42
5 2 39 93
1 2 40 95
2 2 60 95
4 2 45 93
5 5 43 57
5 2 42 27
5 2 21 24
5 3 30 54
5 4 17 15
5 2 2 10
5 2 4 19
5 2 13 84
5 4 40 2
5 2 23 71
1 2 22 70
4 2 29 69
5 4 26 16
5 2 31 57
5 2 40 37
5 3 39 64
5 2 35 8
5 2 31 6
5 6 26 14
5 4 2 24
5 2 14 19
5 2 21 33
5 2 20 90
5 2 43 91
5 4 42 87
5 2 37 4
5 2 51 99
5 2 6 76
2 2 61 74
2 2 28 75
4 2 41 74
5 4 32 17
5 2 30 24
5 2 35 50
5 2 40 83
4 2 38 83
5 2 36 26
5 4 28 76
5 2 15 11
5 2 36 22
5 2 27 36
5 2 40 9
5 2 52 55
5 2 56 51
5 2 32 44
5 6 5 45
5 2 18 28
5 4 20 42
5 2 36 73
2 2 38 73
5 2 50 85
5 2 16 80
5 2 9 1
5 2 43 89
5 3 3 79
2 2 17 80
4 2 9 79
5 2 11 8
5 2 45 22
5 2 35 60
5 2 24 6
5 2 3 6
5 4 22 4
5 2 54 91
5 2 17 78
5 2 57 72
5 2 35 32
5 2 44 96
5 2 34 57
5 2 1 18
5 2 21 68
5 4 36 42
5 4 48 77
5 2 23 12
5 4 37 5
5 2 22 25
5 4 43 34
5 2 20 82
1 2 39 83
4 2 47 82
4 2 22 83
2 2 47 83
5 2 8 17
5 2 20 1
5 2 24 3
5 2 31 19
5 2 26 3
5 2 46 51
5 3 11 53
5 4 27 3
5 4 33 6
5 2 11 24
5 2 28 83
5 2 10 9
5 2 25 23
5 3 63 100
5 2 52 81
5 2 32 37
5 2 17 49
5 2 4 24
5 3 51 60
5 2 8 14
5 2 37 11
5 2 40 73
5 2 26 62
4 2 26 62
4 2 47 63
5 2 13 34
5 2 22 29
5 2 22 83
5 2 16 18
5 2 31 49
5 2 31 13
5 2 13 21
5 2 38 59
5 2 1 36
5 3 14 100
2 2 43 100
3 2 43 99
4 2 31 99
4 3 18 98
5 3 40 97
6 4 47 81
6 4 2 78
4 2 15 78
2 2 39 79
3 2 16 78
4 2 5 79
5 2 34 77
6 8 32 32
6 4 34 42
6 4 18 62
5 2 48 63
6 16 13 32
6 22 8 6
6 12 12 8
6 11 27 91
4 2 36 91
6 6 17 47
6 2 34 73
6 12 20 2
6 2 29 51
6 2 60 58
6 2 38 43
6 4 44 94
5 2 53 95
5 2 45 94
6 10 9 39
6 2 41 27
6 6 31 5
6 4 27 4
6 8 28 32
6 2 9 82
1 2 19 81
3 2 49 84
5 2 42 83
6 4 15 39
6 2 2 8
6 2 44 85
6 6 19 39
6 2 27 65
3 2 34 65
5 2 41 64
6 14 14 47
6 2 13 24
6 8 24 36
6 2 4 48
6 4 31 54
6 2 29 83
6 2 34 77
6 3 38 92
5 2 57 92
5 2 38 91
6 2 48 26
6 4 25 83
3 2 26 82
6 2 11 22
6 5 5 84
6 20 15 15
6 2 16 44
6 3 34 92
5 2 43 91
5 2 34 91
6 10 4 25
6 3 16 95
4 2 42 93
5 2 34 96
5 3 14 94
3 2 23 93
6 2 50 97
6 4 13 12
6 5 15 73
3 2 25 72
5 2 31 72
3 2 37 73
4 2 36 72
6 3 1 91
5 2 18 90
6 3 39 52
6 6 26 36
6 3 31 89
6 2 22 79
1 2 30 80
6 4 25 60
6 2 17 36
6 2 59 71
6 14 8 32
6 6 31 22
6 9 13 77
1 2 11 76
4 3 14 76
5 2 18 79
2 2 18 78
6 2 35 42
6 2 18 20
6 4 16 33
6 10 33 34
6 2 2 47
6 8 3 30
6 34 22 43
6 2 21 27
6 4 14 47
6 6 20 68
3 2 45 67
6 9 11 63
5 2 47 66
6 2 47 86
6 2 26 90
6 4 27 51
6 2 30 25
6 10 25 7
6 4 24 45
6 12 24 18
6 4 31 9
6 4 29 74
6 2 18 88
4 2 19 89
3 2 44 87
3 2 18 88
6 2 9 99
3 2 48 99
5 2 54 98
5 2 42 98
5 2 45 98
6 4 18 28
6 10 38 71
6 4 51 63
6 6 6 20
6 2 7 19
6 4 19 12
6 2 13 17
6 2 42 92
6 2 15 32
6 2 5 1
6 4 23 51
6 7 12 91
2 2 11 93
3 2 39 92
3 2 17 91
6 3 49 81
6 3 4 99
2 2 17 100
4 2 50 99
6 5 8 95
3 2 9 94
4 2 26 96
6 6 6 47
6 3 37 73
6 3 14 87
1 2 33 87
6 3 23 76
3 2 25 78
5 2 27 76
6 6 14 5
6 7 39 72
6 3 9 84
4 2 11 83
5 2 21 85
6 4 41 62
5 2 55 63
5 3 43 62
6 2 4 67
2 2 11 67
5 2 12 67
3 2 15 66
2 2 33 64
4 2 19 65
5 2 22 63
6 8 15 24
6 2 6 16
6 8 1 44
6 2 20 47
6 6 14 3
6 4 14 57
3 2 14 58
4 2 23 56
3 2 35 56
5 2 44 56
6 2 40 99
6 2 18 22
6 2 12 40
6 8 8 49
6 8 20 9
6 2 24 26
6 4 32 38
6 4 34 87
1 2 41 87
6 5 37 61
6 2 26 54
6 3 26 76
1 2 33 75
6 2 29 9
6 2 16 79
6 2 26 41
6 2 7 4
6 2 26 18
6 2 13 21
6 2 31 57
6 4 9 44
6 4 4 98
1 3 39 99
5 2 18 99
3 2 18 97
5 2 34 96
6 2 5 38
6 2 25 62
6 4 16 49
6 2 8 54
3 2 13 54
6 2 32 68
6 3 38 65
6 2 11 8
6 6 4 8
6 2 18 88
6 4 2 16
6 2 23 96
6 2 9 20
6 4 26 98
6 2 11 95
4 2 10 95
6 2 24 30
6 2 17 34
6 4 48 72
5 2 53 71
6 2 45 57
6 2 11 86
1 2 25 87
5 2 32 85
5 2 37 87
4 2 51 86
6 4 1 11
6 6 10 24
6 2 3 25
6 2 10 5
6 4 36 41
6 2 21 43
6 10 38 89
6 4 13 42
6 2 40 37
6 6 40 99
5 2 43 97
6 6 33 26
6 10 26 11
6 2 21 28
6 2 9 76
6 4 29 55
6 2 11 10
6 4 11 28
6 4 42 67
6 2 12 65
6 2 19 18
6 6 4 6
6 2 12 16
6 2 38 81
6 2 3 22
6 2 29 59
6 2 31 79
6 4 32 13
6 2 38 55
6 3 2 76
6 2 29 50
6 2 5 62
6 2 3 13
6 2 17 29
6 2 12 99
6 2 4 3
6 4 26 91
6 2 27 75
6 4 23 87
6 2 11 43
6 2 52 59
6 2 47 94
6 6 24 28
6 2 20 59
6 4 33 95
6 7 35 67
6 2 12 84
1 2 12 84
6 4 29 2
6 2 9 25
6 3 7 62
6 2 13 98
6 5 48 59
6 6 18 77
6 4 13 93
5 2 33 95
6 2 47 63
6 3 12 72
6 2 33 52
6 4 19 87
5 2 21 89
4 2 39 88
1 2 38 87
6 4 21 1
6 2 28 44
6 3 34 82
6 4 32 64
6 2 14 13
6 2 5 15
6 3 23 81
6 3 10 70
1 3 9 70
4 2 17 71
5 2 34 70
6 4 24 66
6 2 4 17
6 4 30 34
6 2 38 61
6 2 3 74
6 5 28 97
6 3 29 64
2 2 40 63
6 2 8 40
6 2 39 84
1 2 46 84
5 2 45 84
6 2 5 25
6 2 22 49
6 2 37 62
6 4 13 20
6 2 2 38
6 2 32 79
6 3 43 63
6 2 10 53
6 2 24 93
1 2 32 93
6 2 8 51
5 2 28 52
6 2 15 41
6 4 20 74
4 2 23 73
6 2 23 62
6 2 19 57
2 2 25 57
6 2 31 97
6 2 29 60
6 3 21 81
6 3 11 98
2 2 34 97
2 2 19 98
6 2 39 64
6 2 35 67
6 2 9 32
6 2 15 37
6 4 7 42
6 2 15 66
1 2 14 66
5 2 18 67
6 4 19 85
6 3 19 68
6 2 33 85
6 2 33 26
6 2 22 9
6 2 17 82
6 2 16 65
6 2 39 56
6 2 15 64
6 2 4 37
6 4 14 83
6 2 33 63
6 4 18 53
5 2 20 52
4 2 24 53
6 2 35 55
6 2 35 10
6 2 22 14
6 2 14 58
4 2 30 58
6 2 36 59
6 2 17 50
6 2 7 12
6 2 15 23
6 2 16 30
6 2 7 1
6 2 25 79
6 2 17 11
6 2 40 60
6 2 24 13
6 2 22 42
6 2 23 66
6 2 1 55
3 2 6 54
7 134 8 14
7 56 7 48
3 2 8 50
6 2 14 52
7 128 13 34
7 2 29 57
1 2 29 55
7 4 36 91
1 2 36 92
7 78 9 1
7 2 9 69
1 2 12 69
4 2 20 69
6 2 42 71
7 2 27 84
4 2 27 84
6 2 39 82
6 2 43 85
7 7 30 87
6 2 30 89
7 9 32 81
4 2 32 80
7 11 15 77
4 2 16 79
5 2 14 77
6 2 28 77
7 2 24 68
4 2 32 69
7 5 28 58
3 2 34 58
7 5 36 84
6 2 34 86
7 18 22 25
7 9 26 94
1 2 24 89
2 2 27 93
7 3 12 75
7 5 20 91
3 2 19 90
4 2 19 90
2 2 22 89
7 24 11 21
7 2 24 11
7 11 15 99
5 2 34 98
6 2 29 97
6 2 22 95
7 4 15 1
7 8 25 82
7 22 17 11
7 5 27 90
7 8 8 24
7 3 33 74
7 14 12 44
7 2 1 93
4 2 1 92
4 2 6 94
5 2 14 95
4 2 23 96
5 2 4 93
4 2 9 92
5 2 19 93
6 2 8 95
5 2 9 96
6 2 12 96
7 4 3 49
7 2 6 78
7 4 39 92
7 2 24 79
6 2 33 79
7 58 17 39
7 15 28 66
2 2 29 65
1 2 28 65
5 2 33 67
1 2 32 67
7 3 4 54
2 2 6 52
6 2 33 51
6 2 9 52
6 2 30 55
7 9 7 66
7 7 12 61
7 3 31 51
7 3 30 97
7 2 15 57
7 7 29 62
7 2 25 25
7 2 6 80
6 2 7 80
4 2 6 80
6 2 11 79
5 2 17 80
5 2 11 80
6 2 20 81
7 4 18 40
7 3 4 68
2 2 4 67
3 2 5 68
7 5 13 94
6 2 23 93
7 2 52 55
7 2 16 4
7 2 2 87
5 2 14 87
6 2 21 86
7 34 8 28
7 3 7 58
1 2 7 57
2 2 25 58
7 3 30 74
7 4 17 7
7 4 13 83
7 2 12 7
7 2 4 78
3 2 6 77
7 3 1 89
7 2 34 54
7 14 22 72
6 2 21 71
2 2 21 72
7 3 16 74
7 2 15 77
7 4 2 52
1 2 1 53
5 2 1 51
6 2 2 52
4 2 1 53
6 2 19 54
7 4 27 96
7 4 3 90
5 3 8 91
7 10 1 42
7 12 16 89
7 7 17 65
7 3 20 91
7 5 41 56
7 2 13 10
7 4 9 21
7 8 22 26
7 11 35 59
7 4 3 58
3 3 5 57
4 2 33 57
4 2 7 59
3 2 19 60
5 2 8 56
5 2 19 56
6 2 8 55
1 2 8 53
7 2 45 70
7 2 26 19
7 2 27 19
7 4 14 58
7 4 3 52
3 2 5 53
7 2 6 34
7 2 7 93
7 6 15 22
7 5 14 57
7 2 26 71
7 3 42 70
7 2 27 66
7 3 22 87
2 2 24 86
7 2 11 1
7 2 7 89
3 2 6 90
7 6 18 36
7 2 6 84
3 2 6 84
4 2 16 82
5 2 23 82
5 2 6 85
3 2 5 85
2 2 13 85
4 2 12 85
7 2 15 42
7 3 20 85
7 3 23 86
7 3 10 54
6 2 37 56
7 2 29 61
7 2 20 74
7 6 14 83
3 2 25 82
7 4 12 53
7 2 4 61
4 2 15 61
5 2 7 62
7 2 11 65
7 2 15 71
7 3 6 54
3 2 16 56
7 4 5 9
7 2 8 38
7 4 8 85
4 2 6 84
7 12 12 25
7 2 20 61
7 2 22 19
7 3 24 82
7 3 8 59
1 2 8 59
7 4 9 18
7 2 22 72
4 2 21 73
7 3 9 72
3 2 18 72
5 2 9 73
4 2 25 73
7 5 14 52
7 5 19 50
1 2 23 50
7 6 1 6
7 2 5 46
7 2 11 98
4 2 25 98
7 2 34 79
7 2 33 70
1 2 33 70
7 5 3 85
2 2 6 83
5 2 8 83
6 2 5 83
6 2 2 82
3 2 4 84
6 2 11 81
7 4 9 47
7 2 7 45
7 2 2 19
7 2 28 71
7 4 16 19
7 2 13 72
1 2 14 72
1 2 15 73
7 2 9 2
7 3 13 61
7 4 23 60
5 2 26 59
3 2 30 57
7 4 9 80
3 2 8 81
1 2 7 81
5 2 6 81
7 3 15 55
1 2 23 54
7 2 12 44
7 2 3 60
7 3 10 74
4 2 10 74
2 2 8 74
7 2 3 52
7 2 22 25
7 2 21 55
7 2 33 55
7 2 3 38
7 2 23 11
7 2 35 70
7 2 25 60
7 4 11 34
7 4 23 96
7 2 9 74
1 2 11 73
7 2 27 57
7 2 11 80
1 2 10 81
7 2 23 54
7 2 10 95
4 2 10 95
6 2 10 94
7 2 15 26
7 2 9 88
2 2 21 90
7 2 14 93
7 2 19 43
7 2 13 84
7 2 9 69
4 2 22 69
7 2 10 42
7 5 19 58
7 3 4 82
2 2 8 82
7 2 16 51
7 2 21 77
7 2 24 85
7 2 32 62
7 2 28 97
7 2 11 95
7 2 27 92
7 2 17 57
7 2 11 90
7 2 29 70
7 2 4 59
1 2 10 58
6 2 21 60
7 2 28 55
8 575 7 19
1 2 11 2
7 2 11 1
8 12 11 5
1 2 9 2
3 2 7 3
6 2 9 2
8 4 15 29
8 12 27 14
5 2 25 14
7 2 25 14
8 9 28 44
6 2 26 44
8 23 16 8
1 2 16 10
1 2 17 10
2 2 19 9
3 2 18 7
1 2 18 7
8 2 27 27
8 18 11 40
1 2 11 46
2 2 9 47
5 2 10 44
4 2 17 43
6 2 11 40
7 2 22 42
7 2 10 43
8 52 19 18
1 2 18 19
4 2 18 17
5 2 15 20
5 2 22 22
6 3 17 19
7 3 15 22
7 2 18 15
7 2 15 24
7 2 16 19
5 2 16 18
7 2 21 17
7 2 15 18
3 2 17 17
2 2 18 18
8 12 23 47
6 2 21 47
8 25 15 35
1 2 12 38
3 2 23 36
7 3 12 37
7 2 13 34
8 22 15 46
6 2 19 42
6 2 11 45
7 3 10 45
3 2 10 46
7 2 20 48
8 16 18 13
7 2 19 15
8 5 24 37
8 7 18 7
2 2 17 7
8 3 16 6
6 2 15 6
8 15 19 18
7 3 18 19
8 19 15 42
2 2 13 42
6 2 14 38
8 3 16 26
8 7 15 22
1 2 16 21
3 2 14 21
4 3 14 21
7 2 14 22
6 2 13 22
8 13 11 33
2 2 8 28
6 2 13 33
7 2 15 32
5 2 14 31
7 3 11 32
5 2 10 31
8 3 8 46
8 3 27 13
7 2 27 13
5 2 27 13
8 5 15 49
7 3 15 49
3 2 15 50
8 5 9 50
4 4 7 48
3 2 7 48
4 2 9 49
8 19 12 9
3 2 11 14
3 2 16 8
6 2 15 9
6 2 12 13
4 2 19 13
7 2 10 12
5 3 11 11
2 2 10 11
3 2 10 12
8 12 16 35
5 2 14 38
8 6 5 37
5 2 9 38
8 6 2 14
2 2 4 13
3 3 3 15
1 2 3 16
5 2 6 14
6 2 15 13
6 2 2 15
1 2 8 14
7 2 2 13
8 2 10 8
5 2 14 8
8 2 7 22
5 2 8 21
2 2 11 23
3 2 12 21
4 2 14 20
7 2 10 21
8 7 5 24
1 2 7 25
2 2 7 25
3 2 4 25
5 2 8 26
5 2 5 26
1 2 5 26
3 2 7 24
5 2 9 25
2 2 9 25
5 2 10 27
7 2 7 28
6 2 7 27
7 2 14 26
3 2 13 25
6 2 13 26
8 5 10 43
8 27 4 33
1 2 3 34
6 2 2 35
4 2 2 35
2 2 1 35
6 2 5 31
7 2 5 35
1 2 4 36
6 2 7 37
7 2 7 36
5 2 7 36
8 12 8 21
3 2 8 21
3 2 9 17
8 14 10 17
2 3 9 18
7 2 8 20
8 2 10 25
3 2 10 25
4 2 10 26
7 2 9 26
8 12 5 1
4 2 13 6
4 2 4 2
5 2 5 1
7 2 6 8
6 2 8 7
7 2 12 6
8 4 13 27
1 2 12 27
7 2 12 28
7 2 21 30
8 8 10 49
5 2 6 49
6 2 5 48
6 2 10 49
7 2 4 48
8 3 2 20
5 2 5 19
6 2 3 20
1 2 2 21
2 2 3 20
6 2 1 21
4 2 2 21
8 3 6 34
8 14 4 28
3 2 5 27
5 2 7 26
5 2 4 30
6 2 3 28
1 2 6 30
4 2 8 29
2 2 8 30
8 3 2 20
3 2 3 18
1 2 8 17
5 2 2 20
1 3 1 20
7 2 8 17
1 2 7 16
8 8 7 12
4 3 4 12
8 4 6 10
8 2 4 1
6 2 3 2
7 2 5 2
8 2 2 4
8 5 13 48
8 14 6 29
1 2 7 31
6 2 8 29
8 5 9 14
4 2 6 14
8 9 5 2
8 2 1 45
2 2 1 46
7 2 8 44
8 5 14 6
8 6 5 47
8 3 15 49
2 2 15 49
1 2 13 49
8 6 6 23
4 2 4 23
6 2 4 24
8 6 8 37
4 2 7 36
8 2 5 31
6 2 6 30
8 2 12 38
7 2 12 38
8 2 8 8
8 4 3 8
1 2 3 10
2 2 3 8
5 2 4 7
2 2 4 7
6 2 3 7
3 2 3 6
7 2 3 7
5 3 2 6
8 3 1 8
4 2 1 7
1 2 1 6
4 2 6 5
5 2 5 6
8 2 7 49
5 2 6 48
7 2 6 49
8 4 8 5
6 2 8 5
8 2 2 11
4 2 2 12
2 2 1 11
6 2 2 10
5 2 1 9
1 2 1 9
8 2 12 42
8 4 3 7
2 2 7 6
8 3 9 29
8 2 6 43
1 3 7 44
2 2 6 43
6 4 6 42
5 2 11 41
7 2 6 43
7 3 11 41
7 2 7 40
8 2 6 40
2 2 6 41
8 2 3 15
4 2 2 15
5 2 5 15
8 2 2 15
8 3 15 46
