1292439
2918
7 2 24 37
7 2 30 38
7 2 76 84
7 8 100 31
7 3 4 57
7 2 46 37
7 2 32 22
7 2 82 18
7 2 32 19
7 2 14 3
7 3 40 91
7 2 74 31
7 2 30 29
7 4 36 58
7 4 84 40
7 2 43 95
7 4 70 25
7 2 96 75
7 6 76 10
7 2 14 34
7 2 9 79
7 4 6 9
7 2 54 58
7 2 14 48
7 2 28 33
7 2 88 31
7 2 26 39
7 3 31 74
7 3 20 59
7 2 38 6
7 2 34 9
7 2 42 34
7 2 46 27
7 2 52 30
7 2 88 52
7 6 60 17
7 10 4 28
7 2 97 93
7 4 100 23
7 2 52 29
7 2 23 75
7 2 36 24
7 2 96 48
7 3 86 80
7 2 14 31
7 2 52 47
7 2 94 42
7 2 38 31
7 2 98 77
7 2 44 18
7 2 18 7
7 2 60 14
7 4 14 42
7 2 34 13
7 2 63 66
7 3 49 78
7 2 48 3
7 2 58 26
7 2 50 4
7 2 86 90
7 2 91 91
7 4 68 8
7 2 8 38
7 2 79 71
7 3 7 61
7 2 64 37
7 4 38 45
7 2 84 17
7 2 80 11
7 2 67 88
7 2 80 7
7 2 26 42
7 2 42 44
7 6 50 26
7 2 28 3
7 2 90 47
7 4 20 1
7 2 12 6
7 2 46 33
7 3 18 50
7 2 90 95
7 3 56 65
7 2 79 99
7 4 7 92
7 2 72 65
7 2 100 43
7 2 42 36
7 2 79 55
7 2 16 2
7 2 24 41
7 2 24 51
7 2 38 13
7 2 38 18
7 3 71 60
7 4 92 49
7 2 8 68
7 2 36 14
7 2 11 64
7 2 70 36
7 2 8 25
7 2 40 37
7 2 90 25
7 2 80 1
7 2 16 43
7 2 94 24
7 2 22 14
7 2 56 46
7 2 4 44
7 2 22 19
7 3 30 50
7 2 88 20
7 2 64 1
7 2 86 24
7 2 4 33
7 2 36 39
7 2 10 37
7 5 30 62
7 2 44 1
7 2 76 59
7 2 62 31
7 2 32 31
7 2 2 37
7 2 54 45
7 2 24 63
7 3 38 80
7 4 94 14
7 3 73 59
7 2 86 96
7 2 94 36
7 2 51 61
7 2 62 7
7 2 64 32
7 4 28 21
7 2 72 40
7 2 24 1
7 2 16 5
7 2 34 92
7 2 4 39
7 4 44 24
7 2 64 74
7 2 73 80
7 4 88 43
7 2 6 22
7 2 60 45
7 2 44 48
7 2 34 3
7 2 48 16
7 6 60 5
7 2 74 74
7 4 60 38
7 2 50 43
7 2 72 45
7 4 20 18
7 2 13 85
7 2 32 4
7 2 50 23
7 2 32 11
7 2 64 27
7 2 92 26
7 2 20 50
7 2 68 15
7 2 86 9
7 3 79 91
7 2 78 15
7 3 58 84
7 2 54 37
7 3 4 50
7 3 97 56
7 3 23 55
7 2 22 50
7 2 83 61
7 2 16 36
7 2 85 52
7 2 12 30
7 2 86 1
7 2 56 82
7 2 20 47
7 2 64 5
7 4 84 37
7 2 80 26
7 2 18 9
7 2 18 91
7 8 32 27
7 2 26 50
7 2 15 66
7 2 61 85
7 2 20 41
7 2 60 5
7 2 88 2
7 2 92 19
7 2 75 66
7 2 84 16
7 2 66 1
7 3 30 98
7 2 48 18
7 3 64 67
7 2 44 27
7 2 62 14
7 6 4 85
7 2 50 2
7 2 10 31
7 4 34 21
7 2 22 2
7 2 11 59
7 3 42 62
7 2 33 58
7 2 70 9
7 2 70 2
7 2 36 74
7 4 98 35
7 2 34 59
7 2 54 39
7 4 24 10
7 2 38 48
7 4 82 15
7 2 4 90
7 2 49 83
7 4 16 22
7 4 86 22
7 2 25 58
7 2 3 88
7 2 90 16
7 2 26 18
7 2 6 64
7 2 25 93
7 2 30 1
7 2 44 88
7 3 9 66
7 2 4 5
7 2 80 81
7 4 18 12
7 2 58 43
7 2 79 93
7 2 34 19
7 2 58 28
7 4 92 45
7 2 60 25
7 2 79 85
7 2 20 16
7 2 30 50
7 3 31 71
7 2 26 100
7 3 19 69
7 2 34 17
7 2 68 88
7 4 3 53
7 2 32 1
7 2 20 11
7 6 40 26
7 3 16 55
7 6 26 14
7 2 74 20
7 2 38 33
7 2 84 11
7 2 95 69
7 2 60 29
7 2 68 21
7 2 66 17
7 2 1 94
7 2 82 41
7 2 96 44
7 2 90 16
7 3 16 81
7 6 10 49
7 2 40 73
7 2 24 37
7 2 26 30
7 2 40 7
7 2 30 41
7 2 40 55
7 2 63 67
7 2 68 44
7 2 7 55
7 2 48 37
7 2 72 31
7 6 46 35
7 2 46 35
7 2 2 20
7 4 84 3
7 2 34 89
7 2 22 25
7 2 56 32
7 2 72 23
7 4 68 35
7 3 64 87
7 2 47 72
7 2 44 95
7 4 28 2
7 2 24 12
7 2 60 30
7 2 70 47
7 2 20 7
7 2 4 30
7 2 10 8
7 2 22 21
7 2 6 16
7 2 50 80
7 2 72 19
7 8 54 6
7 2 6 49
7 4 76 23
7 2 40 52
7 2 66 30
7 2 18 86
7 4 60 26
7 2 38 6
7 2 68 16
7 6 8 27
7 4 4 27
7 7 50 49
7 2 92 20
7 2 45 62
7 2 73 69
7 3 47 84
7 2 48 88
7 2 12 68
7 4 52 38
7 3 33 75
7 2 52 35
7 2 91 54
7 2 58 32
7 2 54 57
7 2 38 22
7 2 64 44
7 2 14 9
7 2 27 81
7 2 85 94
7 2 78 57
7 2 79 93
7 2 46 12
7 2 2 40
7 2 64 41
7 2 79 83
7 6 32 2
7 2 82 54
7 2 32 7
7 2 49 74
7 2 26 47
7 2 50 34
7 2 84 28
7 6 4 13
7 2 54 33
7 2 20 69
7 4 20 23
7 2 91 75
7 2 52 41
7 2 40 12
7 2 66 15
7 2 42 43
7 3 71 86
7 2 83 69
7 2 57 71
7 10 90 40
7 2 30 35
7 2 92 4
7 2 42 30
7 2 78 14
7 4 14 15
7 2 16 27
7 2 55 80
7 2 32 98
7 2 68 37
7 2 46 35
7 2 36 2
7 5 67 82
7 2 46 60
7 2 66 68
7 2 82 6
7 2 79 60
7 4 80 7
7 2 56 34
7 2 45 85
7 2 56 21
7 2 43 79
7 2 88 17
7 2 49 99
7 2 49 85
7 2 78 45
7 2 72 21
7 10 8 34
7 2 93 78
7 2 27 96
7 12 46 10
7 2 80 56
7 2 69 81
7 2 74 20
7 2 56 9
7 2 8 14
7 2 91 61
7 2 81 75
7 2 12 13
7 2 50 71
7 2 76 43
7 2 70 27
7 2 30 16
7 2 50 4
7 2 23 99
7 2 33 99
7 2 68 98
8 2 84 82
8 4 9 87
8 6 46 9
8 2 88 8
8 2 60 15
8 4 38 30
8 2 80 7
8 2 82 3
8 2 66 12
8 2 28 5
8 4 50 35
8 2 50 4
8 6 74 44
8 2 74 7
8 2 78 19
8 4 48 11
8 2 8 56
7 2 51 55
8 3 17 63
8 2 88 21
8 2 24 30
8 2 28 34
8 2 12 17
8 2 14 44
8 2 2 23
8 3 81 52
8 2 4 44
8 3 55 58
7 2 62 57
8 6 56 42
8 2 24 82
8 5 45 97
7 2 93 97
8 2 38 28
8 2 68 26
8 4 68 1
8 2 26 4
8 2 14 22
8 3 75 96
8 3 44 85
7 2 84 84
8 2 8 21
8 2 12 49
8 3 65 85
8 2 38 7
8 2 78 49
8 2 31 91
8 2 42 20
8 2 42 95
8 2 52 55
8 2 50 4
8 2 54 27
8 2 78 8
8 4 58 46
8 2 84 5
8 2 20 80
8 6 66 40
8 2 36 32
8 2 62 15
8 2 80 47
8 2 62 2
8 2 28 26
8 2 67 93
7 2 66 92
8 5 57 81
8 4 58 1
8 4 84 23
8 2 18 35
8 2 70 23
8 2 84 45
8 2 12 11
8 2 22 43
8 2 4 31
8 2 60 94
8 6 32 26
8 2 78 39
8 2 76 30
8 4 74 1
8 2 28 42
8 4 14 11
8 3 77 90
8 4 18 55
8 2 28 91
8 2 70 29
8 2 74 68
8 2 72 10
8 2 52 49
8 2 24 14
8 2 66 2
8 2 36 98
7 2 36 97
8 5 59 69
8 2 53 91
7 2 59 92
8 2 76 9
8 2 88 13
8 2 12 13
8 2 48 13
8 2 8 59
7 2 26 60
8 2 10 73
7 2 64 74
8 2 10 52
7 2 12 52
8 2 42 27
8 2 38 80
8 2 2 45
8 2 22 71
7 2 63 70
8 2 24 44
8 3 78 84
8 2 26 28
8 6 8 41
8 4 42 37
8 2 32 20
8 6 24 19
8 2 87 94
8 2 10 46
8 3 65 98
8 4 46 31
8 2 70 85
8 3 39 70
8 2 32 48
8 2 2 2
8 4 30 34
8 4 4 64
8 2 42 37
8 2 24 34
8 3 60 50
8 2 60 27
8 2 46 24
8 4 84 18
8 3 92 65
8 2 86 63
8 4 66 26
8 2 38 38
8 2 6 32
8 2 40 26
8 4 64 20
8 3 56 65
8 2 20 17
8 2 86 83
8 2 31 59
8 4 10 20
8 2 60 37
8 2 26 91
7 2 31 92
7 2 55 93
8 2 56 32
8 6 46 44
8 2 18 47
8 2 42 2
8 2 58 38
8 2 6 1
8 2 84 24
8 2 44 20
8 3 22 61
8 2 13 100
8 2 6 18
8 2 44 41
8 2 66 32
8 2 60 61
8 4 82 25
8 2 48 37
8 2 31 100
8 2 76 25
8 2 68 8
8 2 38 100
8 2 24 48
8 2 70 15
8 3 42 84
8 2 32 68
8 2 68 5
8 2 50 19
8 2 26 43
8 2 42 44
8 2 64 87
7 2 88 87
8 2 46 34
8 4 42 18
8 4 52 4
8 2 26 38
8 2 39 92
7 2 79 91
8 2 10 26
8 2 34 39
8 8 60 56
8 2 22 36
8 4 74 10
8 2 32 43
8 2 64 24
8 2 37 68
8 2 58 44
8 2 31 87
8 2 74 42
8 2 83 73
8 2 32 34
8 2 18 45
8 2 46 72
7 2 67 72
8 2 70 20
8 2 18 40
8 8 70 11
8 2 78 13
8 2 10 28
8 2 89 70
8 3 44 91
8 2 91 53
8 2 28 41
8 2 28 11
8 2 34 34
8 3 20 70
8 2 90 65
8 2 28 22
8 2 52 18
8 2 76 54
8 2 58 35
8 2 37 79
8 2 60 11
8 2 74 14
8 3 79 85
8 4 4 26
8 2 32 37
8 3 82 68
8 2 62 86
8 6 32 10
8 2 48 5
8 2 26 45
8 2 84 12
8 2 88 52
8 2 42 4
8 2 48 15
8 2 52 48
8 2 36 44
8 2 58 13
8 2 39 63
8 2 76 17
8 8 22 8
8 2 48 42
8 2 48 49
8 2 80 48
8 4 12 1
8 2 70 43
8 2 44 23
8 2 38 73
8 2 21 51
7 2 64 52
8 4 5 56
8 2 64 72
8 2 62 34
8 2 30 50
8 2 14 35
8 2 20 4
8 2 52 84
8 4 38 39
8 3 18 98
8 2 64 47
8 4 6 11
8 2 62 12
8 2 14 11
8 2 41 99
8 2 68 10
8 2 26 14
8 2 66 20
8 4 10 7
8 2 41 59
8 2 16 71
7 2 86 70
8 4 52 22
8 2 42 38
8 2 42 1
8 2 20 29
8 2 56 28
8 2 51 79
8 2 16 22
8 4 58 89
8 2 64 22
8 2 22 32
8 2 18 15
8 3 8 73
8 2 58 85
8 2 82 39
8 2 56 76
8 2 14 29
8 2 48 31
8 4 78 19
8 4 71 73
8 2 67 99
8 2 83 78
8 2 50 25
8 2 74 28
8 3 2 69
7 2 13 70
8 2 2 28
8 2 78 39
8 2 30 38
8 3 46 79
8 2 80 87
8 4 60 25
8 2 84 75
8 3 12 72
8 4 10 32
8 2 38 42
8 2 58 23
8 2 18 21
8 2 56 5
8 2 30 36
8 2 78 98
8 2 58 7
8 2 45 61
8 4 53 98
8 2 10 73
8 4 54 23
8 3 63 96
8 2 10 41
8 2 2 4
8 2 68 30
8 2 12 40
8 2 22 22
8 3 23 64
8 2 22 7
8 2 62 36
8 2 72 93
8 2 50 37
8 3 78 94
8 2 70 49
8 2 2 19
8 2 34 10
8 4 52 69
8 2 12 38
8 2 75 92
8 2 70 21
8 2 86 33
8 2 70 99
8 4 24 39
8 2 29 66
8 2 64 84
8 2 42 63
8 2 71 71
8 2 9 87
8 3 25 69
8 6 38 13
8 4 12 36
8 2 42 6
8 2 58 19
8 2 38 71
8 2 35 93
8 2 75 74
8 2 10 10
8 2 81 94
8 2 52 20
8 2 12 69
8 2 72 64
8 2 55 94
8 2 18 73
8 6 32 6
8 4 31 63
7 2 50 62
7 2 66 61
7 2 79 62
8 2 53 68
8 2 34 61
8 10 12 26
1 2 68 50
1 3 18 52
1 2 60 10
1 2 68 28
1 2 38 29
1 2 22 40
1 2 32 31
1 3 22 77
1 2 74 46
1 2 13 79
7 2 87 78
8 2 35 78
8 2 20 79
8 2 65 78
8 2 12 78
1 4 68 18
1 2 70 33
1 4 69 56
1 2 64 38
1 2 4 48
1 5 7 68
8 2 34 71
1 2 67 79
1 3 44 74
1 2 15 76
1 4 20 36
1 4 74 5
1 2 52 16
1 3 33 70
7 2 68 71
7 2 32 71
1 2 38 33
1 2 10 10
1 3 60 50
1 3 30 96
8 2 31 96
1 2 22 91
7 2 24 91
1 2 49 72
1 2 56 34
1 2 11 99
1 3 52 87
7 2 52 88
8 4 65 87
8 2 82 89
1 3 10 53
1 2 26 37
1 2 18 46
1 2 60 12
1 2 10 26
1 2 23 51
1 2 44 7
1 3 38 77
7 2 52 75
1 3 35 58
8 2 67 57
8 2 80 56
8 2 76 58
1 4 22 36
1 2 38 21
1 2 58 9
1 4 30 34
1 2 12 65
7 2 40 65
8 2 26 64
7 2 28 63
7 2 31 62
8 2 30 64
1 3 39 92
1 2 14 25
1 6 10 16
1 2 24 54
8 2 32 54
1 3 35 70
8 2 75 70
8 2 69 69
1 2 59 92
1 2 84 46
1 2 30 38
1 2 22 42
1 4 56 43
1 2 8 15
1 5 78 59
1 2 48 84
8 2 47 84
1 2 82 47
1 2 22 82
1 4 36 12
1 2 22 13
1 2 66 12
1 4 16 9
1 2 2 40
1 4 36 7
1 2 26 6
1 2 11 85
8 2 82 86
8 2 52 84
1 2 78 29
1 2 76 6
1 2 58 16
1 2 27 59
1 2 77 79
1 2 12 21
1 3 57 52
1 2 81 94
1 4 36 48
1 2 8 47
1 2 54 2
1 4 10 35
1 4 4 30
1 3 66 76
8 3 85 76
1 4 28 43
1 2 78 76
1 2 68 17
1 2 26 29
1 4 36 9
1 2 55 97
1 2 8 12
1 2 38 13
1 12 68 45
1 2 58 38
1 2 22 27
1 4 52 49
1 2 28 98
1 2 82 55
1 3 77 63
1 2 4 37
1 2 38 57
1 3 69 65
1 2 35 61
1 4 46 27
1 2 28 16
1 3 20 80
1 3 79 96
8 2 79 97
1 2 30 13
1 2 19 90
1 2 38 45
1 4 44 16
1 2 48 1
1 2 4 26
1 2 10 79
8 2 12 80
8 2 75 81
8 2 29 78
1 4 6 17
1 3 41 86
8 2 46 86
1 2 48 36
1 2 66 38
1 2 6 23
1 3 65 70
1 2 32 58
7 2 42 58
7 2 65 57
7 2 46 58
1 2 14 50
1 2 76 49
1 3 29 92
8 2 60 93
1 2 13 55
8 2 39 54
1 3 34 83
1 2 66 36
1 2 35 91
1 2 60 13
1 2 6 14
1 2 41 93
1 2 73 63
1 2 38 38
1 2 60 75
1 2 54 26
1 2 67 73
1 2 60 29
1 2 22 46
1 2 40 38
1 5 12 69
1 2 17 59
1 6 6 34
1 6 60 19
1 2 60 87
1 2 10 1
1 2 4 41
1 2 18 18
1 2 31 53
1 2 4 5
1 2 10 20
1 6 34 22
1 2 20 21
1 2 41 77
1 2 39 52
8 2 45 51
1 2 72 32
1 4 16 4
1 2 40 47
1 6 4 15
1 2 66 49
1 2 50 36
1 2 36 12
1 4 39 97
1 2 56 12
1 4 42 54
1 2 41 80
1 2 72 51
1 2 38 31
1 2 54 4
1 2 34 24
1 2 30 29
1 2 42 13
1 2 2 8
1 4 40 50
1 2 50 14
1 2 62 14
1 2 86 77
1 4 48 26
1 2 18 11
1 2 23 70
8 2 43 71
1 2 34 43
1 2 28 41
1 2 72 3
1 3 27 65
8 2 46 64
1 2 4 39
1 2 31 98
1 2 38 6
1 2 81 94
1 2 72 48
1 4 62 20
1 2 44 14
1 3 60 59
1 2 24 86
8 2 35 85
1 2 56 21
1 2 62 99
1 3 84 66
1 2 28 3
1 2 56 31
1 2 32 46
1 2 42 31
1 2 71 61
1 2 26 47
1 4 30 35
1 2 54 10
1 2 28 25
1 2 22 11
1 2 6 65
1 4 22 19
1 2 9 76
7 2 45 75
8 2 72 76
1 2 22 2
1 2 12 20
1 2 69 70
1 2 73 78
1 2 54 45
1 2 20 15
1 2 50 11
1 2 28 16
1 4 26 4
1 4 52 46
1 4 34 14
1 2 22 62
1 2 6 63
7 2 9 62
8 2 14 61
7 2 66 62
1 2 71 76
1 2 46 37
1 2 19 54
1 2 57 85
1 3 19 72
8 2 19 73
1 2 72 42
1 2 58 8
1 2 32 38
1 2 48 48
1 2 48 51
1 2 30 8
1 2 46 41
1 2 37 84
1 4 61 86
1 2 42 37
1 2 8 19
1 2 34 55
8 2 34 56
8 2 36 57
8 2 64 57
1 2 34 36
1 2 30 43
1 2 72 40
1 4 8 40
1 3 28 50
7 2 50 51
7 2 33 51
1 2 78 3
1 3 60 82
1 2 80 24
1 2 58 45
1 2 67 57
1 2 44 10
1 6 10 29
1 2 64 28
1 2 8 42
1 2 26 36
1 2 34 45
1 2 43 65
1 2 36 37
1 2 66 76
1 2 72 81
1 2 16 26
1 6 50 21
1 2 56 51
1 3 28 55
1 6 40 1
1 3 3 91
1 2 35 88
1 3 59 96
1 2 12 12
1 2 54 71
1 2 61 77
1 2 53 95
1 2 17 78
1 2 5 72
7 2 10 73
1 4 12 36
1 2 40 2
1 2 11 74
1 2 75 82
1 2 30 26
1 3 64 55
8 2 72 55
1 3 12 91
7 2 37 89
7 2 11 89
1 4 52 99
1 2 18 43
1 4 13 98
1 2 24 46
1 3 46 87
1 2 28 5
1 4 26 22
1 2 38 13
1 2 85 89
1 2 66 32
1 2 1 96
7 2 9 97
7 2 58 96
8 2 44 95
8 2 1 95
1 6 34 27
1 3 36 63
1 2 10 7
1 4 36 40
1 2 28 31
1 2 36 27
1 2 66 73
1 2 68 16
1 2 46 42
1 2 62 16
1 2 47 95
1 2 42 29
1 2 50 83
1 4 24 30
1 2 10 48
1 2 34 7
1 2 22 17
1 2 15 98
1 2 64 98
1 3 68 96
1 2 42 6
1 4 12 23
1 2 65 70
1 2 63 75
1 2 6 83
1 2 2 13
1 2 81 81
1 2 12 10
1 5 31 73
8 2 71 73
1 4 33 52
8 2 57 52
1 4 62 21
1 2 42 4
1 2 8 82
1 2 36 16
1 2 56 65
1 2 24 71
1 2 56 94
1 2 73 53
1 2 60 52
1 2 48 75
1 2 62 31
1 3 39 79
1 4 16 44
1 2 38 70
1 2 16 33
1 2 57 72
1 2 24 11
1 2 52 79
1 2 30 29
1 6 4 19
1 2 51 55
1 6 40 21
1 6 26 19
1 8 54 6
1 3 68 74
1 8 6 8
5 3 77 62
5 6 58 32
5 2 71 96
5 2 64 92
5 3 56 86
5 3 35 60
8 2 54 59
1 2 58 60
5 2 14 88
5 2 44 25
5 2 20 31
5 2 54 87
5 2 16 42
5 2 46 24
5 2 78 81
5 2 8 41
5 2 24 80
5 4 22 45
5 2 71 66
5 2 38 50
5 2 12 11
5 6 22 2
5 2 33 55
5 8 26 1
5 2 58 12
5 2 38 18
5 2 36 27
5 2 40 19
5 2 41 56
1 2 61 57
5 2 38 10
5 2 71 87
5 2 51 81
7 2 55 81
1 2 66 81
5 2 62 25
5 2 19 67
1 2 58 68
8 2 68 67
5 6 18 14
5 6 26 11
5 2 50 19
5 2 75 67
5 4 16 22
5 2 33 64
5 2 10 3
5 3 4 61
8 2 23 60
1 2 34 60
5 2 50 36
5 2 14 37
5 2 48 7
5 2 34 41
5 2 54 9
5 2 10 32
5 2 72 74
5 4 20 22
5 6 72 39
5 3 66 67
5 2 18 8
5 2 68 8
5 4 60 41
5 2 16 25
5 2 27 73
7 2 26 72
5 2 20 38
5 2 54 7
5 2 54 57
5 2 26 38
5 3 54 83
5 3 51 57
1 2 50 57
5 2 34 8
5 2 44 44
5 3 2 69
8 2 11 69
7 2 53 68
1 2 9 70
1 2 43 68
5 6 60 16
5 2 64 34
5 2 68 77
5 2 63 72
5 2 16 34
5 8 28 48
5 2 36 43
5 2 36 13
5 4 4 3
5 2 20 49
5 2 6 13
5 6 30 42
5 2 35 95
7 2 46 94
5 4 61 76
5 2 80 66
5 4 16 30
5 6 10 20
5 4 74 89
5 2 20 7
5 3 23 97
7 2 38 96
1 2 56 96
5 2 46 2
5 2 34 7
5 4 8 64
7 2 36 65
7 2 56 64
1 2 36 65
1 2 65 64
5 2 68 83
5 2 48 20
5 6 58 40
5 4 6 75
8 2 40 76
1 2 11 77
1 2 35 78
1 2 41 78
5 2 42 30
5 2 38 8
5 2 38 20
5 2 33 62
5 2 32 22
5 3 33 96
5 2 2 10
5 2 30 12
5 2 12 19
5 2 38 29
5 2 44 17
5 2 64 44
5 3 11 95
5 5 48 50
5 2 13 62
1 2 38 62
5 2 56 23
5 2 76 77
5 2 48 10
5 2 32 32
5 2 14 99
1 2 30 99
5 2 68 24
5 4 48 33
5 2 12 36
5 2 11 65
1 2 56 64
5 6 22 34
5 3 34 89
1 2 34 91
5 4 2 24
5 2 4 16
5 2 38 4
5 2 47 71
5 3 26 52
8 3 49 51
5 2 63 61
5 6 42 1
5 2 2 52
5 2 14 76
1 2 65 75
5 2 22 47
5 2 52 91
5 2 50 3
5 2 36 39
5 4 36 65
5 2 8 22
5 3 42 73
5 2 22 12
5 4 6 50
5 2 8 49
5 2 2 36
5 2 56 5
5 2 50 44
5 2 12 26
5 2 8 30
5 6 26 81
8 2 29 81
1 2 26 84
5 4 64 95
5 2 62 54
5 2 60 32
5 2 48 35
5 3 4 54
1 2 3 54
5 4 10 13
5 2 34 37
5 2 16 100
5 2 66 62
5 4 43 63
8 2 63 63
5 2 27 64
1 2 43 63
5 7 10 74
7 2 51 75
8 2 10 76
7 2 66 77
1 2 20 76
8 2 50 77
1 2 25 73
5 2 70 57
5 2 43 67
5 4 43 96
5 10 56 15
5 2 38 74
5 2 42 91
1 2 65 91
7 2 65 90
5 4 28 44
5 5 45 90
8 2 47 88
1 2 53 88
5 2 24 90
5 2 8 11
5 2 60 74
5 2 42 61
5 2 59 93
5 2 2 84
5 2 32 29
5 2 40 19
5 2 65 92
5 2 26 41
5 2 67 79
5 2 28 26
5 6 30 4
5 6 30 1
5 2 47 92
5 2 44 31
5 2 30 9
5 2 6 5
5 4 24 42
5 2 40 21
5 2 54 30
5 3 54 98
5 2 61 100
5 2 9 95
5 2 48 38
5 2 12 80
5 2 78 89
5 3 41 76
1 2 58 75
5 2 46 79
5 6 26 9
5 2 39 56
5 2 32 20
5 2 50 9
5 2 22 65
7 2 25 66
5 2 42 49
5 2 18 17
5 4 48 5
5 3 29 95
5 6 6 45
5 2 46 14
5 2 52 45
5 3 20 82
5 2 50 46
5 4 42 71
5 2 16 48
5 4 4 6
5 3 31 70
8 2 32 69
5 3 18 52
5 2 10 1
5 2 63 77
5 2 70 79
5 2 52 17
5 2 40 11
5 2 38 5
5 4 56 35
5 4 34 15
5 2 39 80
5 2 20 53
5 2 28 46
5 2 34 6
5 2 59 86
5 2 42 53
8 2 41 53
5 4 56 52
5 4 32 14
5 2 48 13
5 2 32 82
5 2 8 6
5 2 19 79
5 3 48 68
5 2 49 79
5 2 6 29
5 2 74 93
5 8 8 43
5 4 34 22
5 2 44 98
5 2 26 30
5 2 38 12
5 6 6 39
5 2 30 52
5 2 51 64
8 2 51 63
5 2 4 37
5 2 44 3
5 2 56 49
5 4 26 11
5 2 48 39
5 2 39 51
5 8 50 22
5 4 20 24
5 4 28 20
5 2 61 70
5 2 8 43
5 2 46 6
5 2 10 28
5 10 12 9
5 4 12 48
5 10 54 5
5 2 28 37
5 2 68 33
5 4 42 42
5 2 64 28
5 2 62 69
5 2 66 77
5 2 10 18
5 3 5 79
1 2 6 79
5 2 32 53
1 2 43 54
5 2 50 86
5 2 34 26
5 2 16 10
5 2 18 36
5 8 4 31
5 2 27 90
1 2 37 89
1 2 42 88
5 2 12 21
5 2 49 59
5 2 59 91
5 2 15 68
5 4 38 15
5 8 53 73
5 2 13 72
1 2 40 73
5 3 29 74
5 2 14 21
5 2 38 64
5 2 41 73
5 2 38 24
5 2 14 11
5 4 26 34
5 3 37 87
5 2 30 19
5 2 55 54
5 2 32 3
5 3 61 97
5 2 47 65
5 2 28 36
5 2 16 78
5 2 6 61
7 2 8 60
7 2 39 60
5 2 64 47
5 6 22 14
5 6 46 48
5 2 46 97
5 4 32 59
5 6 40 27
5 8 32 25
5 2 16 13
5 8 46 29
5 2 22 33
5 2 67 77
5 2 14 28
5 2 28 18
5 2 56 99
5 3 66 85
5 2 16 3
5 4 66 94
5 2 2 18
5 2 36 11
5 3 39 58
5 2 8 32
5 2 31 80
5 2 6 10
5 2 16 27
5 2 56 4
5 2 30 46
5 4 18 64
8 2 28 64
5 3 44 74
8 2 44 75
5 2 62 63
5 3 41 59
5 4 12 44
5 2 46 28
5 2 52 60
5 14 8 25
5 8 56 48
6 2 22 30
6 3 20 58
8 2 42 56
8 2 20 58
8 2 25 57
5 2 58 55
6 3 9 62
6 4 10 50
5 2 41 51
6 5 32 98
6 2 58 32
6 2 38 48
6 2 2 44
6 2 16 41
6 2 2 30
6 2 22 2
6 2 27 81
5 2 48 81
1 2 48 82
8 2 64 81
6 3 14 84
7 2 19 83
5 2 64 82
5 2 33 84
5 2 25 82
6 2 59 83
6 3 20 82
6 2 42 50
6 2 12 30
6 2 8 8
6 2 44 3
6 4 58 90
6 2 26 25
6 4 10 47
6 10 48 13
6 8 36 45
6 2 22 18
6 3 39 75
6 2 5 74
6 2 10 20
6 2 46 58
5 2 49 57
6 2 24 12
6 2 5 90
7 2 30 91
8 2 73 89
1 2 70 89
5 2 47 90
5 2 31 91
6 8 60 47
6 2 30 32
6 2 48 17
6 2 28 65
6 8 16 32
6 2 8 64
6 2 2 13
6 2 29 51
6 2 14 44
6 2 30 19
6 3 15 57
1 2 21 58
1 2 49 56
6 2 54 3
6 2 44 64
6 2 8 17
6 2 20 29
6 6 54 6
6 5 7 96
8 2 14 96
7 2 14 97
5 2 53 94
6 3 16 94
7 2 40 94
8 2 25 93
1 2 41 93
5 2 16 94
5 2 21 93
6 2 30 3
6 4 52 39
6 2 50 41
6 2 27 88
7 2 26 88
5 2 58 89
5 2 65 89
6 4 38 29
6 2 32 90
6 3 14 96
5 2 13 96
6 2 18 44
6 8 48 42
6 4 4 8
6 2 14 42
6 3 51 63
6 3 28 77
6 4 4 28
6 2 28 11
6 8 42 9
6 2 46 89
6 2 28 45
6 3 17 62
6 2 42 87
6 2 29 58
7 2 46 59
8 2 29 57
6 2 42 23
6 2 12 34
6 8 6 25
6 4 4 11
6 2 36 41
6 2 6 7
6 4 12 22
6 4 14 19
6 2 36 12
6 2 26 23
6 5 42 67
7 2 40 66
6 3 50 85
6 2 11 52
6 2 51 57
6 2 44 8
6 2 16 34
6 2 36 47
6 2 35 65
6 2 58 94
6 2 18 58
5 2 18 59
6 2 34 1
6 6 6 42
6 2 49 97
6 2 42 51
6 2 20 4
6 2 10 4
6 2 38 18
6 4 29 85
5 2 60 84
6 2 34 4
6 3 22 73
8 2 47 73
1 2 25 72
6 2 8 21
6 4 32 32
6 5 15 65
8 2 34 66
6 2 25 74
6 2 28 64
6 2 48 52
6 3 45 86
6 6 26 16
6 2 44 18
6 2 42 41
6 6 24 22
6 2 16 25
6 4 51 68
6 2 44 32
6 2 28 14
6 2 14 40
6 4 26 9
6 3 39 77
6 5 13 71
6 6 20 12
6 2 8 24
6 2 3 98
8 2 13 99
8 2 61 99
5 2 36 98
6 8 34 26
6 3 26 62
6 4 16 11
6 4 34 87
6 2 55 76
6 2 34 98
5 3 46 97
6 2 20 47
6 2 47 89
6 2 36 37
6 3 20 87
1 2 51 87
6 2 31 60
5 2 40 60
6 2 12 12
6 2 33 90
6 6 66 89
6 2 52 70
6 2 34 17
6 3 7 99
1 2 37 99
6 2 10 28
6 2 6 38
6 2 38 5
6 2 39 87
6 2 40 7
6 2 24 50
6 2 28 74
6 2 6 15
6 3 49 92
6 4 4 37
6 2 38 28
6 2 53 55
6 4 2 15
6 2 46 69
6 2 46 42
6 2 49 62
1 2 50 63
6 3 44 59
6 3 45 59
6 4 49 95
6 2 36 21
6 2 26 33
6 8 24 42
6 2 12 42
6 6 12 62
8 2 11 65
1 2 25 66
1 2 37 61
5 2 61 60
6 3 10 90
6 2 60 59
6 2 36 75
5 2 47 75
6 2 29 53
6 2 30 30
6 6 16 46
6 3 55 94
6 2 43 83
6 2 40 36
6 2 36 2
6 2 38 55
6 2 56 61
6 2 22 26
6 2 8 16
6 2 30 8
6 3 65 81
6 2 22 12
6 4 14 91
6 2 26 40
6 2 6 25
6 6 37 92
8 2 39 92
1 2 50 92
6 2 56 49
6 2 36 4
6 3 2 92
8 2 6 92
5 2 18 91
1 2 18 92
5 2 52 92
6 2 46 38
6 3 21 65
6 16 6 3
6 5 32 79
8 2 30 80
6 2 34 43
6 2 18 43
6 5 37 93
7 2 64 93
8 2 62 93
6 6 14 21
6 2 23 58
6 2 32 9
6 2 24 39
6 3 57 66
6 2 22 48
6 2 40 61
6 2 12 24
6 2 10 76
5 2 21 77
6 2 32 3
6 2 52 39
6 2 11 98
8 2 21 99
5 2 44 99
6 2 28 34
6 2 44 47
6 2 18 41
6 2 26 67
5 2 58 66
6 2 50 60
6 2 42 23
6 4 12 15
6 4 48 72
6 2 32 49
6 2 30 53
7 2 32 53
7 2 46 52
1 2 60 53
5 2 38 53
6 2 1 54
7 2 3 53
8 2 21 55
5 2 3 53
6 2 26 26
6 2 30 45
6 2 48 49
6 2 34 32
6 3 31 76
6 4 18 26
6 6 20 49
6 2 52 8
6 2 10 26
6 3 37 71
7 2 39 70
6 2 60 33
6 2 8 38
6 2 7 53
7 2 44 52
6 2 14 77
6 2 6 20
6 3 8 70
5 2 53 69
5 2 24 69
6 2 6 3
6 2 6 85
7 2 23 85
1 2 6 85
6 2 32 24
6 2 4 98
8 2 5 99
6 7 45 71
6 8 30 17
6 2 40 74
6 2 58 82
6 4 27 63
8 2 31 61
8 2 56 60
1 2 43 60
6 3 21 95
5 2 36 95
6 2 28 23
6 2 44 41
6 2 11 92
6 2 29 96
6 5 58 53
6 2 32 16
6 4 50 45
6 2 6 37
6 6 22 34
6 2 38 91
6 5 3 76
7 2 2 77
7 2 13 78
5 2 28 78
1 2 60 79
5 2 34 75
6 2 10 10
6 2 30 34
6 2 34 94
6 3 25 92
8 2 44 92
6 3 41 71
6 6 16 38
6 4 13 80
6 2 40 49
6 12 18 7
6 3 41 76
6 2 50 47
6 2 40 40
6 4 40 34
6 2 37 65
6 2 44 24
6 2 32 61
6 2 26 46
6 2 22 7
6 2 25 52
6 5 40 65
6 2 38 24
6 2 55 84
6 3 45 53
5 2 45 54
6 2 35 68
6 2 41 68
6 2 22 91
1 2 30 92
6 2 28 63
6 2 27 86
5 2 43 85
6 2 44 45
6 2 46 58
6 3 17 84
6 2 30 25
6 2 11 98
6 2 30 51
6 5 50 99
6 6 34 39
6 3 24 83
6 2 36 19
6 2 2 20
6 2 55 78
6 5 46 63
6 4 42 28
6 3 21 80
6 10 12 1
6 2 26 24
6 2 28 85
6 3 36 57
6 4 16 42
6 2 50 85
6 2 32 90
6 2 24 48
6 4 22 1
6 2 59 93
6 2 43 55
6 8 40 46
6 6 22 20
6 2 26 7
6 2 40 99
6 4 26 43
6 8 36 35
6 12 26 5
6 2 30 5
6 6 24 36
6 2 8 6
6 3 30 83
6 6 18 3
6 3 48 79
5 2 51 78
6 2 35 73
6 3 17 94
6 2 45 79
6 2 44 33
6 2 16 50
6 10 42 31
6 2 31 87
5 2 31 88
6 2 38 87
5 2 43 88
6 2 55 94
6 2 28 59
6 16 10 31
6 2 26 79
6 2 46 35
3 3 58 87
3 5 22 60
1 2 24 60
3 2 1 85
8 2 1 86
1 2 3 87
1 2 24 87
5 3 7 84
5 2 21 87
1 2 29 88
6 2 41 86
3 2 44 47
3 12 20 36
3 4 40 28
3 2 22 28
3 3 15 64
6 2 40 63
6 2 16 62
3 8 26 68
6 2 29 69
8 2 56 68
5 2 55 68
6 2 32 67
6 2 25 69
3 18 28 37
3 2 20 11
3 6 4 15
3 2 48 24
3 2 2 3
3 3 39 77
3 2 18 41
3 2 10 36
3 2 6 22
3 2 22 94
3 2 28 10
3 2 8 89
1 2 24 89
3 2 4 27
3 2 10 71
6 2 47 71
3 3 40 57
3 2 28 44
3 3 21 79
3 3 58 75
3 4 4 46
3 4 34 96
8 2 35 96
6 2 35 97
6 2 45 97
3 2 11 79
8 2 36 79
1 2 28 79
6 2 30 79
3 2 18 43
3 2 33 75
3 2 18 9
3 2 45 95
3 4 22 41
3 4 30 38
3 6 17 80
6 2 47 81
5 2 47 81
3 2 32 38
3 8 16 25
3 2 30 29
3 2 46 18
3 3 2 50
6 2 31 51
3 3 44 72
6 2 48 71
3 3 26 76
3 2 44 84
3 2 6 7
3 2 16 42
3 4 9 59
1 2 11 58
1 2 9 59
8 2 43 59
6 2 19 57
6 3 29 59
6 2 32 59
6 2 55 56
3 3 43 86
8 2 46 85
3 2 32 7
3 2 11 76
3 2 4 8
3 2 16 31
3 6 8 30
3 2 12 6
3 2 44 49
3 4 39 89
3 2 38 40
3 2 32 50
3 4 10 39
3 2 4 14
3 2 28 49
3 2 48 78
3 2 10 12
3 6 24 33
3 2 40 62
3 7 48 84
3 7 12 87
7 2 21 86
6 2 17 84
7 2 21 83
7 2 41 82
8 2 45 82
3 2 2 6
3 7 29 65
3 8 24 20
3 2 40 44
3 2 40 51
3 2 8 24
3 4 36 44
3 7 28 97
6 2 29 98
3 2 6 62
5 2 7 62
3 3 21 70
3 2 60 54
3 2 26 13
3 2 38 24
3 2 2 55
7 2 46 55
6 2 15 54
5 2 55 55
6 2 17 53
3 2 12 50
3 2 42 18
3 2 34 39
3 16 18 23
3 2 22 10
3 2 44 68
1 2 44 68
3 5 33 88
3 10 22 4
3 2 40 62
3 2 22 17
3 2 4 29
3 2 33 86
3 4 32 21
3 3 43 51
3 4 12 96
1 2 43 95
3 2 32 28
3 3 19 64
5 2 21 65
3 2 32 50
3 2 27 54
7 2 31 55
3 4 17 65
3 3 42 94
3 2 10 18
3 2 30 35
3 2 10 7
3 4 6 36
3 2 32 3
3 8 18 26
3 2 20 44
3 2 20 35
3 5 16 50
3 3 14 58
3 9 37 81
3 4 16 22
3 2 28 25
3 2 46 52
3 3 10 62
3 2 14 29
3 2 25 68
3 6 8 8
3 2 4 18
3 2 28 65
3 4 14 33
3 2 38 24
3 2 32 19
3 10 32 12
3 2 32 34
3 2 27 88
3 2 14 41
3 2 32 10
3 2 19 98
3 2 40 74
3 2 45 97
3 2 22 13
3 5 35 90
7 2 37 92
3 2 23 79
3 3 7 66
8 2 47 66
1 2 47 66
1 2 5 66
8 2 7 65
3 2 10 36
3 2 34 19
3 2 14 14
3 2 4 46
3 2 26 21
3 2 16 1
3 13 20 49
3 2 47 88
3 2 26 1
3 2 23 60
6 2 41 59
3 2 11 61
3 10 16 18
3 4 38 16
3 12 12 47
3 2 14 16
3 4 30 16
3 2 25 82
6 2 42 81
6 2 25 82
3 10 24 23
3 4 6 33
3 2 22 16
3 4 22 3
3 2 20 18
3 2 35 59
3 2 22 33
3 3 20 85
3 2 32 4
3 4 28 93
3 2 2 9
3 2 36 47
3 2 30 49
3 3 1 59
7 2 10 58
8 2 10 58
3 2 2 34
3 6 20 47
3 2 49 81
3 4 30 75
3 4 6 74
1 2 9 73
3 4 24 45
3 4 24 94
7 2 22 94
1 2 25 95
5 2 39 92
3 8 29 60
3 2 40 62
3 2 36 99
3 4 14 79
3 4 2 31
3 2 36 66
3 2 34 92
3 2 30 85
6 2 29 85
3 8 30 70
6 2 28 71
8 2 29 70
3 4 38 53
3 3 24 59
3 2 8 49
3 4 30 89
3 2 36 33
3 8 10 26
3 2 18 56
6 2 20 55
3 3 3 69
8 3 16 69
1 2 25 68
5 2 15 70
3 2 21 80
3 2 12 30
3 4 16 13
3 3 16 89
8 2 16 89
3 3 50 51
3 12 28 32
3 2 24 69
3 6 10 14
3 2 30 6
3 5 19 64
5 2 37 63
3 2 30 77
3 2 6 25
3 2 22 9
3 2 18 89
8 2 24 89
8 2 17 89
6 2 17 90
3 5 19 90
3 4 40 79
3 3 13 77
6 2 40 77
3 2 8 19
3 3 47 56
3 4 43 98
3 2 41 63
3 2 28 64
3 2 24 16
3 2 34 69
3 2 8 32
3 2 32 8
3 2 29 53
6 2 44 52
3 2 12 45
3 2 6 38
3 4 26 7
3 4 6 1
3 4 7 68
1 2 21 68
3 4 14 32
3 2 9 58
3 4 5 58
3 2 38 99
3 6 18 16
3 2 35 53
3 4 16 11
3 2 22 43
3 2 4 21
3 2 31 56
3 2 20 41
3 2 2 22
3 3 56 100
3 2 32 6
3 3 31 60
3 3 17 86
8 2 17 86
3 4 32 48
3 3 20 91
3 2 38 81
3 2 19 78
7 2 19 79
3 2 36 68
3 4 14 18
3 16 10 4
3 2 16 60
8 2 16 61
3 2 12 25
3 2 20 82
3 4 16 93
7 2 18 92
5 2 16 91
3 2 6 16
3 2 36 93
3 2 36 29
3 5 40 97
3 2 18 14
3 2 15 99
3 2 8 5
3 2 39 55
3 2 31 91
3 2 18 76
3 6 25 77
3 2 45 93
3 3 31 94
8 2 39 94
3 4 14 2
3 2 32 58
3 2 14 67
3 4 13 82
7 2 15 81
1 2 13 82
7 2 43 82
3 4 32 61
3 2 34 74
3 5 48 55
6 2 49 56
3 9 7 83
8 2 47 82
6 2 9 80
8 2 13 79
5 2 12 81
3 4 16 30
3 2 28 87
3 2 33 67
3 2 35 57
3 2 48 54
3 8 14 46
3 2 38 83
3 10 8 11
3 2 21 88
3 2 8 3
3 10 28 41
3 12 16 6
3 2 18 8
3 2 40 68
3 4 16 7
3 2 18 6
3 22 10 42
2 3 29 53
2 2 36 73
3 2 36 72
2 4 16 28
2 2 10 14
2 2 9 78
3 2 20 79
2 12 18 3
2 12 18 41
2 6 7 90
7 2 9 93
8 2 13 93
6 2 6 92
6 2 37 94
3 3 8 89
5 2 8 91
3 3 9 94
3 2 34 93
1 2 37 94
2 2 16 37
2 13 8 80
8 2 3 77
5 2 18 77
6 2 4 76
7 2 18 75
6 2 21 76
3 2 27 76
2 2 13 93
2 2 22 79
2 5 19 65
1 2 17 66
2 2 18 49
2 4 42 78
3 2 39 78
2 5 29 67
3 2 28 66
2 2 8 100
2 2 30 17
2 2 50 56
2 2 28 8
2 24 36 45
2 10 26 13
2 16 18 24
2 2 4 63
6 2 4 63
3 2 20 62
3 3 4 64
1 2 13 64
3 2 22 65
2 2 20 35
2 2 1 83
7 2 9 82
8 2 4 82
6 2 26 82
6 3 4 83
8 2 5 84
3 2 21 85
3 2 40 83
2 2 4 87
2 4 16 24
2 11 42 88
2 3 35 93
2 18 8 23
2 16 43 57
3 2 41 51
2 2 24 69
2 2 33 97
2 2 4 54
7 2 18 54
1 2 14 54
8 2 18 55
1 2 22 53
7 2 37 52
1 2 29 52
5 2 42 56
3 2 25 56
3 2 8 54
6 2 9 55
1 2 14 56
3 2 14 54
3 2 28 55
2 3 32 87
2 2 8 35
2 2 29 58
2 4 27 75
2 16 27 59
3 2 22 62
3 2 22 57
2 2 2 4
2 18 14 48
2 2 30 100
2 4 10 3
2 2 17 55
7 2 18 56
2 5 11 59
1 2 27 59
2 2 20 37
2 6 28 21
2 12 24 19
2 3 10 85
1 2 9 84
3 2 12 83
2 2 3 58
5 3 5 57
2 2 28 55
2 2 4 33
2 2 21 62
2 2 39 78
2 4 25 93
2 3 37 74
3 2 39 74
2 9 32 51
6 2 31 51
2 6 15 69
8 2 18 67
1 3 13 67
7 2 14 69
5 2 24 68
3 2 19 70
3 2 25 71
3 2 15 66
2 2 11 57
5 2 14 56
2 2 26 82
5 2 38 81
6 2 38 81
2 2 21 66
2 2 39 75
3 2 38 75
2 4 11 79
2 16 18 15
2 2 20 86
2 2 22 78
2 3 36 83
3 2 37 82
2 6 32 10
2 3 29 91
2 4 22 15
2 2 16 50
2 2 25 60
2 34 18 34
2 3 23 99
3 3 32 98
6 2 32 98
2 2 41 96
2 4 35 63
2 6 16 19
2 9 34 71
2 3 8 75
6 2 8 75
1 2 26 74
1 2 8 76
3 2 21 73
3 2 17 73
6 2 17 73
2 6 16 23
2 6 20 76
2 8 10 19
2 14 8 7
2 2 18 1
2 2 25 54
2 2 2 61
2 2 4 64
8 2 17 63
2 2 15 79
2 2 16 41
2 3 24 69
2 4 12 63
2 4 22 44
2 2 23 75
2 24 12 9
2 2 12 78
2 4 10 54
6 2 15 54
2 12 4 30
2 2 12 48
2 2 1 96
1 2 17 95
3 2 26 94
2 3 11 82
1 2 10 81
3 2 32 81
2 2 14 94
3 2 32 95
2 2 16 36
2 4 24 15
2 5 30 54
8 2 30 55
3 2 30 53
6 2 32 54
2 4 6 60
1 2 4 60
7 2 12 61
8 2 7 61
1 2 18 59
2 14 20 5
2 5 23 53
5 2 29 51
3 2 21 52
2 4 22 48
2 2 6 89
5 2 10 88
7 2 13 89
7 2 24 88
3 2 19 88
2 3 12 60
5 2 13 60
2 3 5 53
7 2 10 55
2 30 18 45
2 2 12 87
3 2 22 86
2 4 19 81
2 16 18 30
2 2 17 85
2 2 4 56
2 2 29 100
2 2 34 71
2 2 26 69
2 3 32 95
2 2 12 6
2 2 6 45
2 2 2 6
2 2 6 1
2 2 37 70
2 8 22 50
2 2 20 19
2 2 8 28
2 26 30 28
2 5 38 96
3 2 37 95
2 2 2 8
2 5 17 73
6 2 15 73
2 5 27 96
2 2 7 66
8 2 7 67
8 2 10 66
1 2 7 67
2 2 24 12
2 2 26 85
1 2 26 86
2 8 4 49
2 2 42 90
2 6 2 43
2 2 26 80
2 2 18 16
2 3 26 90
2 2 6 26
2 2 6 29
2 5 33 98
2 2 11 54
2 2 24 81
2 4 4 2
2 4 8 79
8 2 12 79
3 2 12 80
2 4 30 68
2 4 25 96
5 2 29 95
2 2 19 78
8 2 31 77
5 2 19 78
2 16 26 35
2 2 12 1
2 2 16 23
2 8 20 69
8 2 24 68
3 2 19 68
2 3 31 82
2 2 18 2
2 2 32 52
1 2 32 52
2 4 32 17
2 2 22 17
2 2 23 52
2 4 22 2
2 2 8 46
2 6 17 95
5 2 15 96
6 2 15 97
2 2 17 71
2 34 10 16
2 3 18 98
3 2 24 99
2 4 13 84
1 2 14 83
7 2 14 83
6 2 17 82
6 2 30 83
2 2 16 34
2 3 8 97
6 2 7 97
1 2 7 96
2 2 22 83
2 2 4 21
2 2 5 68
2 2 14 35
2 2 6 63
1 2 5 63
2 4 14 30
2 2 9 90
2 2 6 50
2 2 24 100
1 2 23 100
2 4 12 81
2 2 6 17
2 24 38 39
2 4 24 33
2 4 2 22
2 2 23 74
2 2 18 43
2 6 14 75
2 2 14 28
2 2 29 99
2 2 5 96
6 2 15 95
2 5 14 59
2 7 19 55
2 2 29 56
2 2 19 74
2 2 19 84
7 2 24 85
2 2 2 90
2 3 24 85
5 2 24 86
2 2 9 66
2 4 3 75
8 2 19 74
5 2 4 75
7 2 5 74
2 5 24 92
2 2 7 90
7 2 15 91
1 2 7 91
8 2 24 92
2 26 23 88
5 2 15 92
5 2 11 91
2 26 18 10
2 2 2 10
2 2 17 61
2 3 10 87
5 2 10 87
2 3 21 63
2 2 8 33
2 2 8 91
2 2 14 88
2 2 9 51
2 2 22 29
2 2 25 51
2 2 25 85
2 20 26 40
2 5 8 68
2 4 16 73
2 2 16 67
2 6 4 47
2 54 12 37
4 3 19 64
8 2 18 64
4 8 28 98
4 4 29 70
3 2 28 71
4 2 27 74
4 11 6 91
8 2 4 89
3 2 4 92
6 2 4 92
5 2 4 93
8 2 7 93
5 2 12 93
3 2 10 93
3 2 5 90
2 2 4 93
2 2 6 94
2 3 10 91
4 2 1 82
2 2 5 83
8 2 5 82
8 2 8 84
5 2 16 84
4 4 11 55
1 2 12 53
8 2 13 52
2 2 22 54
4 5 25 56
4 2 28 95
4 2 31 51
4 3 6 98
8 2 4 98
4 3 4 98
8 2 8 97
6 2 4 98
5 2 22 99
6 2 21 99
3 3 5 97
8 2 15 99
4 3 30 82
4 3 3 59
8 2 3 60
2 2 22 58
2 2 7 59
2 2 14 60
4 8 5 85
1 2 3 84
3 2 5 85
4 2 22 90
4 8 6 85
5 2 9 82
5 2 4 82
5 2 4 85
6 2 3 83
3 2 4 86
3 2 13 86
4 4 25 87
4 2 19 62
4 2 1 93
4 3 16 62
4 4 27 56
1 2 25 57
4 2 37 72
4 4 27 53
2 2 25 53
4 2 2 73
7 2 9 72
3 2 14 72
2 2 23 71
4 12 20 59
6 2 15 56
5 2 15 57
6 2 18 59
4 2 14 99
4 2 18 57
3 2 18 57
2 2 17 57
4 3 18 55
4 2 33 70
4 2 2 88
4 3 25 67
4 5 6 69
8 2 14 70
4 8 23 82
1 2 22 82
4 15 19 87
7 2 14 89
1 2 15 90
3 2 16 88
4 5 6 99
5 2 5 99
8 2 14 98
2 2 5 99
1 2 9 98
2 2 14 97
4 5 6 69
2 2 6 69
7 2 6 68
1 2 6 70
6 2 6 68
4 2 9 99
5 2 9 99
4 4 4 86
6 2 5 88
1 2 5 88
8 2 4 88
4 2 2 65
5 2 8 64
6 2 2 64
6 2 4 66
5 3 4 67
2 2 12 63
2 2 23 66
4 2 22 71
2 2 22 70
4 19 7 57
1 2 14 56
2 2 7 54
1 2 14 53
5 2 8 53
2 2 4 58
2 2 11 57
4 2 2 76
2 2 19 77
5 2 19 78
7 2 18 78
4 6 26 66
4 3 3 64
1 2 12 63
5 2 10 63
3 2 14 62
3 2 3 64
2 2 17 63
4 2 2 64
3 2 1 64
4 4 24 51
4 2 2 90
1 2 4 90
4 2 18 62
4 4 20 71
4 1125 26 96
7 2 6 33
7 2 6 48
7 2 10 21
7 2 5 19
7 2 5 12
7 2 5 35
8 2 14 27
8 2 5 37
8 2 11 45
8 2 4 24
8 2 4 11
8 2 1 1
7 2 7 2
7 2 8 2
8 2 5 12
1 2 5 38
1 3 9 45
1 2 9 28
1 2 11 27
1 2 5 36
1 4 12 30
5 3 10 20
5 2 6 25
5 2 10 47
5 2 9 22
5 2 6 1
6 2 4 29
6 2 4 25
6 2 9 44
7 2 9 45
6 2 4 18
3 4 5 23
3 2 9 5
3 3 10 45
2 4 6 15
6 2 6 16
2 2 6 2
2 2 6 43
7 2 6 44
2 2 4 11
2 2 6 44
2 3 6 30
2 3 4 35
