30580
2342
2 14 25 33
2 14 57 39
7 12 49 9
4 12 23 12
8 12 15 26
4 12 73 33
4 10 45 5
7 14 53 4
8 10 45 4
5 10 13 8
3 10 31 17
8 10 25 19
3 10 43 23
7 10 43 24
7 10 1 26
2 12 57 27
7 10 5 34
2 10 13 37
7 10 79 40
5 10 3 43
1 10 79 45
6 14 81 45
3 10 37 47
7 8 33 1
7 8 35 1
6 8 5 3
1 8 61 6
5 8 75 5
6 8 37 7
5 10 37 8
2 8 29 14
7 10 31 16
8 10 85 17
2 8 43 15
4 10 71 14
2 8 1 17
1 8 1 15
5 8 75 14
2 10 79 15
7 8 67 15
6 8 35 16
7 12 69 16
5 8 71 14
4 8 37 19
1 8 53 21
3 8 51 21
7 8 15 22
3 8 55 21
3 8 61 20
2 8 25 23
7 8 25 26
5 8 53 28
7 8 53 28
5 8 65 29
6 8 17 30
1 8 31 29
4 10 35 27
7 8 33 26
4 8 79 24
6 8 67 30
6 8 25 32
1 8 5 34
4 8 5 33
7 8 55 37
2 10 67 38
3 8 57 38
4 8 17 39
2 8 65 38
5 8 67 38
8 8 53 40
3 8 13 45
4 10 47 47
2 7 13 50
4 8 67 48
7 8 9 49
2 8 47 50
4 8 63 48
5 10 65 47
1 7 47 50
2 7 78 53
8 7 65 56
2 11 65 54
6 7 21 64
4 7 22 65
8 7 60 67
6 7 34 84
3 6 23 1
5 8 31 1
7 6 19 1
4 10 77 1
3 8 31 1
5 8 41 3
6 8 41 3
7 6 31 1
4 10 27 1
6 8 31 3
2 8 65 4
8 8 31 5
5 8 49 3
5 6 27 1
7 6 61 2
5 6 1 3
4 6 7 2
6 10 7 1
4 6 11 2
3 8 17 3
1 8 25 4
2 8 17 5
7 8 33 4
1 8 43 5
5 6 7 3
1 6 9 3
2 8 11 2
6 6 13 1
4 6 15 1
8 6 35 1
7 6 9 2
3 8 5 3
1 6 19 1
2 6 29 9
8 8 39 9
2 10 41 9
2 6 55 8
3 10 59 8
8 6 73 7
7 6 19 10
8 6 25 9
4 8 37 8
8 8 45 10
3 6 37 7
4 6 25 8
6 6 37 7
7 6 43 7
3 6 55 6
6 6 57 6
8 6 17 10
1 6 31 9
5 10 49 9
6 8 45 8
1 8 37 10
3 8 71 13
6 6 47 7
5 6 53 6
3 6 21 10
6 6 71 12
7 6 3 13
5 8 23 13
7 6 23 11
4 6 39 12
1 8 63 12
5 8 47 13
8 10 63 11
4 6 47 12
2 6 67 11
8 6 31 13
1 10 41 12
2 10 45 12
4 8 51 12
4 8 45 14
6 6 45 13
7 8 45 14
7 6 7 14
7 10 15 13
1 6 19 11
4 6 25 15
5 6 27 14
4 6 51 18
4 6 67 17
1 6 69 18
1 6 31 19
3 10 67 18
2 8 35 19
4 6 69 17
8 6 59 19
8 6 51 22
2 6 11 23
6 10 45 22
4 6 45 21
5 6 45 22
6 6 3 24
5 8 5 24
6 8 33 23
6 8 59 26
7 8 75 23
2 8 67 29
5 6 33 24
8 8 37 23
4 6 47 24
6 6 45 23
8 6 65 25
2 6 19 26
7 6 7 27
1 8 5 29
4 10 21 27
4 10 27 29
4 8 9 27
8 6 23 26
7 6 45 25
3 6 51 28
1 6 21 29
4 8 41 28
5 6 13 30
3 6 31 30
2 8 35 30
6 6 49 31
7 6 51 31
2 8 75 32
5 6 1 32
5 8 49 31
2 8 59 33
7 6 69 31
3 6 3 32
3 8 23 31
7 8 31 33
6 8 61 32
1 8 29 33
6 8 47 33
8 6 41 30
6 6 29 32
4 6 47 31
3 6 39 32
4 6 7 33
8 8 21 34
8 6 9 35
6 6 37 34
6 6 53 35
7 8 55 35
5 8 53 35
7 6 7 36
4 8 43 38
4 6 51 35
1 6 51 36
6 6 7 37
8 12 37 37
1 6 11 36
7 6 25 35
7 6 31 34
7 6 65 36
1 6 55 37
8 6 17 38
8 6 45 36
7 6 37 37
8 6 37 36
6 6 43 38
3 6 33 39
7 6 53 39
1 8 63 41
4 10 63 42
2 6 55 38
1 6 9 40
5 8 43 41
2 6 25 40
8 6 3 41
3 8 17 40
4 8 79 42
6 6 45 38
3 6 43 38
7 6 11 41
6 8 41 41
2 10 45 41
8 6 43 41
7 8 63 42
2 8 67 44
1 8 65 45
6 6 3 42
8 8 69 43
4 6 19 41
4 6 35 39
6 6 57 41
8 6 27 42
3 6 29 41
4 6 47 43
2 6 29 44
6 8 49 43
2 8 47 44
3 6 51 43
6 6 65 44
1 6 37 45
6 8 63 47
4 6 11 46
8 6 39 44
6 8 37 44
7 10 37 45
8 6 41 43
2 6 1 47
6 8 13 46
1 6 13 45
2 6 15 45
5 8 39 43
5 8 15 44
4 8 41 46
8 6 13 44
7 6 47 43
2 6 43 46
6 8 41 47
5 7 59 48
3 6 53 47
2 6 51 47
1 8 49 48
2 6 19 48
8 6 43 47
8 6 45 47
5 6 29 48
5 6 41 48
7 6 41 46
4 6 39 48
6 6 25 49
7 10 47 49
3 6 25 49
3 6 29 68
7 6 2 84
3 6 34 93
6 7 70 94
4 8 79 94
6 6 20 94
5 5 43 49
5 5 5 50
4 7 23 49
7 5 13 50
4 5 13 51
7 5 15 50
1 6 19 50
1 6 33 48
8 7 31 49
3 6 33 47
1 6 39 52
6 5 33 49
4 5 27 54
1 5 41 57
8 5 63 58
4 5 79 57
7 5 74 59
7 5 28 61
6 6 81 60
8 6 34 62
1 5 86 58
4 5 28 68
6 7 62 67
7 6 59 67
6 5 2 76
6 6 47 74
7 5 49 72
3 5 28 79
1 5 23 80
3 5 23 80
3 6 52 79
5 5 28 81
4 6 46 81
7 7 44 82
8 8 66 84
8 6 50 79
7 5 65 81
3 5 54 84
3 5 89 84
3 5 16 86
6 6 35 86
2 6 89 86
8 5 40 84
7 6 63 85
4 5 77 87
6 5 8 95
4 5 19 96
4 6 36 94
8 6 56 93
5 4 11 1
2 4 13 1
6 4 17 1
1 4 15 1
2 4 39 1
2 4 3 2
2 6 15 2
4 6 11 2
5 4 19 1
8 4 25 1
8 4 1 2
6 4 11 2
6 4 13 3
3 4 11 3
1 4 11 2
8 4 13 1
7 4 11 1
2 4 11 1
4 4 11 3
4 6 19 4
6 6 31 4
3 6 25 6
3 6 43 6
8 4 7 4
8 4 13 4
3 6 13 4
7 6 11 4
4 4 27 4
5 4 31 4
6 4 1 5
4 4 5 4
8 4 25 5
3 4 15 6
1 4 25 5
4 6 35 6
2 4 31 6
1 6 33 6
7 4 31 6
8 4 7 7
4 6 47 7
7 4 11 7
5 6 23 6
2 6 23 5
3 6 21 6
6 4 13 6
7 4 17 5
4 6 17 5
4 4 11 6
2 6 9 6
6 4 9 5
7 4 23 7
1 4 5 8
7 6 5 8
4 6 35 8
2 6 37 8
1 6 11 9
6 4 3 8
2 4 19 7
3 4 7 8
2 4 19 8
8 6 23 7
3 4 19 7
1 4 5 9
5 4 17 8
6 4 21 8
7 4 5 9
7 4 15 9
5 4 21 9
6 4 1 11
5 6 27 11
7 6 35 11
8 6 35 11
8 4 7 10
4 4 15 10
5 4 11 11
8 4 9 11
1 4 9 11
8 6 27 10
6 6 27 12
3 6 29 13
4 4 9 10
3 4 13 9
2 6 11 10
6 6 9 10
1 4 13 8
7 4 11 9
6 4 11 8
4 4 9 8
1 4 9 7
3 4 7 11
4 4 7 11
3 4 39 12
1 4 37 12
7 4 37 14
6 4 1 15
3 4 7 14
8 4 23 14
2 4 31 14
6 4 13 15
3 8 27 16
3 6 13 14
2 6 13 15
4 6 57 17
8 6 37 18
7 6 37 17
8 6 45 18
1 8 43 19
6 8 47 18
2 6 49 17
5 6 45 19
3 4 21 13
7 4 13 14
8 6 13 13
5 4 15 13
4 6 13 13
7 10 13 12
8 4 15 15
2 4 9 16
1 4 21 16
3 8 37 16
1 4 27 16
3 4 41 16
1 4 45 16
7 4 43 16
2 4 11 17
6 6 25 17
1 6 23 18
4 6 23 17
5 6 33 16
2 4 31 16
1 4 29 16
6 4 29 16
4 4 17 17
6 4 19 16
7 4 13 18
5 4 19 17
3 4 25 16
2 4 17 17
7 6 19 16
1 4 17 16
5 4 15 19
4 6 19 19
7 6 17 18
2 6 15 18
5 8 17 18
1 8 39 20
1 6 13 20
4 6 13 19
6 8 13 19
5 6 23 20
3 4 17 18
4 4 17 17
6 4 15 18
2 4 13 19
8 6 11 20
6 4 9 20
2 6 7 20
4 6 25 20
2 6 41 21
4 6 39 22
7 8 47 22
5 10 43 22
8 4 7 20
7 6 23 20
5 6 9 21
7 6 15 19
1 6 7 23
2 6 35 23
4 8 33 24
8 6 33 23
5 4 13 19
7 4 7 21
1 4 17 21
1 4 29 21
2 4 3 22
3 4 5 21
6 4 9 21
1 4 15 20
8 4 13 20
5 4 13 20
6 4 15 21
8 4 15 21
8 4 19 21
5 4 15 22
4 4 3 23
3 6 29 24
5 4 9 22
4 6 13 23
7 6 17 22
3 6 19 22
5 6 11 24
5 8 17 24
2 6 15 24
4 4 11 21
7 8 11 20
2 4 9 21
3 4 5 23
4 4 5 22
3 4 5 23
4 4 7 23
8 4 23 23
5 4 1 24
2 4 3 23
6 6 1 24
8 6 9 22
7 4 7 24
1 6 11 24
3 6 39 25
1 6 43 26
3 4 5 24
7 4 5 23
3 4 19 25
4 6 21 25
8 4 21 25
4 4 1 26
1 4 3 25
8 6 1 26
6 4 23 25
5 6 23 25
8 4 23 25
5 4 1 26
1 4 15 26
7 4 17 25
4 6 17 25
1 4 17 26
3 4 3 27
7 6 1 27
6 4 15 26
4 4 3 27
6 6 3 27
7 6 13 29
6 6 15 29
3 6 29 31
7 4 9 26
6 4 7 26
1 4 7 27
5 4 11 27
8 6 9 27
8 4 1 28
2 6 21 28
2 4 29 28
6 4 33 28
2 4 11 29
3 4 11 28
2 4 9 28
1 4 13 28
2 4 15 27
6 4 15 28
4 4 9 29
8 6 15 29
1 4 13 29
7 4 9 30
4 6 33 31
2 4 35 30
6 4 7 31
2 8 7 30
5 8 5 31
8 6 15 31
1 6 11 31
7 6 11 30
7 6 23 32
2 6 21 34
5 6 19 34
8 4 7 29
3 6 5 29
5 6 5 28
8 4 15 27
6 4 5 30
3 6 13 30
7 4 11 30
4 4 15 30
4 4 13 32
4 6 25 32
2 4 15 31
3 4 19 32
2 6 21 33
5 4 15 33
8 6 13 34
5 4 21 32
1 4 19 32
4 4 33 33
5 4 9 34
8 6 11 34
3 6 31 35
1 4 9 33
4 4 15 32
3 4 7 33
2 4 1 35
3 4 9 35
3 4 11 34
4 4 9 35
1 6 9 35
5 6 7 36
2 8 35 36
1 8 33 36
4 6 13 35
3 6 11 36
1 6 11 36
4 6 23 36
6 6 37 39
7 4 7 35
8 4 9 35
7 4 9 35
3 4 15 36
6 8 15 36
7 4 7 37
8 4 9 37
5 4 15 36
3 4 23 37
2 4 1 38
6 4 3 37
2 6 11 37
5 6 7 38
5 6 9 40
3 8 9 39
8 6 11 37
4 4 3 36
7 6 7 37
6 4 9 36
4 4 7 38
6 6 15 39
4 4 17 38
7 4 1 39
2 6 3 39
3 6 1 41
5 6 17 41
1 4 1 39
8 4 11 38
5 4 11 39
8 4 11 39
8 4 1 40
2 4 5 39
2 4 7 40
1 6 9 40
4 4 11 40
6 4 9 41
2 6 25 41
2 6 17 42
3 4 7 41
5 8 19 41
7 4 5 41
7 6 9 40
6 6 11 41
5 4 9 39
3 4 5 41
4 4 5 40
3 4 3 42
6 4 3 41
8 6 15 42
1 6 13 43
4 8 13 43
1 4 1 42
7 4 19 43
3 4 19 43
2 4 7 44
2 6 21 44
3 6 15 45
5 6 17 47
5 4 11 44
2 6 11 43
1 4 15 42
1 4 9 43
7 4 9 43
6 4 9 43
3 6 11 44
1 4 13 44
4 6 13 45
7 12 11 45
4 4 5 45
2 6 3 45
7 4 3 44
3 4 1 46
5 4 1 46
4 6 17 46
6 6 17 46
2 6 15 47
8 6 15 46
1 4 15 46
1 4 1 47
4 6 1 48
7 5 3 49
4 5 3 49
6 5 7 50
2 5 33 50
3 4 1 46
8 4 1 45
8 4 3 44
4 4 7 43
3 4 7 43
6 4 11 42
5 4 5 44
2 4 1 48
4 4 7 49
7 4 2 52
4 5 13 51
2 4 49 54
1 4 76 54
1 4 72 55
7 4 34 58
7 4 75 56
4 4 44 57
3 4 81 55
6 4 78 56
5 4 39 58
7 6 51 58
3 4 51 56
6 4 49 61
6 4 25 62
4 5 67 62
8 4 3 63
5 5 20 63
1 6 78 62
6 4 40 62
2 4 48 60
2 4 47 63
4 5 69 64
2 4 33 66
3 5 34 65
3 5 60 64
4 4 58 66
6 6 57 65
8 5 79 64
4 4 44 67
8 4 33 68
4 4 26 71
1 5 82 72
4 5 82 75
6 4 74 70
1 4 74 70
8 6 80 71
5 6 77 73
5 4 65 71
2 4 25 72
3 4 36 70
8 4 38 70
2 4 82 70
3 4 37 72
6 8 56 71
2 4 49 72
5 5 60 72
2 4 52 72
1 4 74 70
6 4 32 73
4 6 73 74
3 4 41 73
1 5 69 75
7 4 33 74
1 4 41 73
2 4 1 75
1 4 44 73
4 4 24 74
4 5 32 74
7 4 54 73
5 4 9 75
1 5 9 76
4 6 33 77
3 5 43 76
2 4 31 73
8 4 37 72
5 4 63 71
1 4 33 76
6 4 41 76
5 6 66 77
1 5 73 77
8 4 67 75
4 5 67 76
1 4 14 78
6 4 30 77
7 5 39 78
3 4 18 78
7 4 31 79
3 4 60 80
7 4 60 80
6 4 70 80
2 4 38 81
4 5 36 81
4 5 61 81
7 4 47 80
7 5 50 82
1 4 60 80
3 4 15 82
3 4 7 83
1 5 27 82
6 4 53 84
4 4 23 88
6 5 72 90
2 4 33 85
6 4 73 84
8 4 58 88
2 7 63 88
3 4 19 89
6 4 54 89
5 7 71 88
7 5 75 89
6 5 82 89
3 4 69 88
5 4 80 88
7 4 40 90
7 4 6 91
6 6 43 90
2 4 54 90
7 4 75 91
3 4 48 94
3 4 68 95
2 4 48 96
8 4 18 97
2 6 38 96
8 5 59 98
1 4 24 95
8 4 64 95
5 4 16 99
8 4 40 99
6 4 49 97
1 4 57 99
3 5 79 99
8 4 66 98
3 3 1 50
3 5 11 49
3 4 13 49
4 4 13 49
1 4 13 48
7 4 13 47
2 3 5 50
2 3 13 50
3 4 11 50
1 3 13 50
4 3 56 51
6 3 44 52
5 4 48 53
7 4 71 54
2 3 45 51
8 4 82 53
7 3 67 52
5 3 66 52
3 3 70 52
1 3 70 52
5 3 3 53
6 4 12 52
6 6 68 54
4 3 19 51
5 3 22 51
5 4 39 51
4 3 16 52
5 4 16 51
6 4 35 53
6 4 45 56
3 3 40 51
4 4 66 53
8 3 60 51
8 3 39 52
1 3 48 52
3 4 54 51
1 3 8 53
7 4 28 51
2 4 29 53
3 4 66 54
5 4 65 55
1 3 36 53
6 3 55 51
7 3 50 52
1 3 51 51
3 3 43 53
6 3 46 52
8 3 46 51
3 4 45 51
2 3 50 53
7 3 6 54
2 5 7 52
4 4 7 55
8 5 5 56
4 4 49 54
5 4 46 54
8 5 47 54
5 4 43 56
6 3 28 51
4 3 35 53
2 3 13 54
1 5 12 53
4 3 28 52
2 5 30 52
4 3 30 54
7 3 40 53
8 3 15 55
7 5 14 55
6 4 22 57
7 4 31 58
6 3 45 54
1 3 22 55
7 4 23 54
4 3 38 53
3 3 41 54
4 3 41 55
8 3 19 56
8 3 39 54
5 4 49 55
2 3 20 56
4 4 31 56
3 4 55 58
8 3 26 56
7 3 4 57
7 5 20 58
3 4 33 60
6 4 65 62
6 3 14 57
7 4 39 56
7 3 48 55
2 4 47 56
2 3 34 57
1 3 47 55
5 3 45 57
3 3 5 58
4 3 16 57
4 3 22 56
1 3 24 54
6 3 29 55
2 3 37 53
8 3 34 57
2 4 33 58
5 4 41 59
2 3 36 56
3 3 1 59
3 4 24 60
1 3 48 59
7 3 47 59
7 3 5 60
4 3 12 59
2 4 45 57
1 3 22 58
3 3 39 58
2 3 14 60
8 4 18 61
3 3 14 60
6 3 28 59
6 3 35 58
5 3 44 60
7 3 64 60
5 3 1 61
3 5 43 60
6 5 41 59
8 3 44 57
7 3 8 59
5 3 13 58
6 3 19 56
3 3 24 54
7 4 37 55
3 3 30 56
4 3 31 56
1 4 31 54
1 3 22 59
7 4 36 61
6 3 33 59
8 3 19 60
8 4 36 61
3 4 55 61
2 3 45 60
3 3 46 61
4 3 39 62
4 5 46 61
5 3 52 62
7 3 2 63
8 5 53 63
7 4 28 61
8 4 19 64
4 4 69 64
2 4 20 65
5 4 27 63
5 4 20 66
3 4 63 65
1 3 37 61
1 3 45 59
3 4 47 59
5 3 36 60
6 3 42 60
8 3 15 62
7 3 43 60
4 3 33 61
7 3 39 60
3 3 33 61
2 3 34 61
1 5 40 60
6 3 46 59
2 3 25 62
8 3 32 62
7 3 46 61
5 3 45 61
6 3 43 62
3 3 42 62
2 3 11 63
6 4 10 62
3 4 26 64
4 4 47 66
5 6 61 64
6 4 64 65
1 4 63 66
8 4 57 68
3 3 41 60
5 3 9 64
8 4 17 63
1 4 10 65
4 3 13 62
1 3 30 60
4 3 43 59
5 3 11 62
4 3 15 61
5 3 20 61
8 3 24 61
8 3 40 59
3 3 13 63
5 3 28 61
6 5 27 60
7 3 13 63
5 4 31 64
3 3 16 64
2 4 46 65
1 3 19 64
5 4 39 63
1 3 32 64
1 4 33 63
7 3 9 65
8 4 16 64
3 3 20 64
7 4 27 63
4 3 17 66
8 3 17 66
7 3 34 65
7 3 17 66
2 4 15 67
6 5 30 66
2 4 32 68
5 3 41 67
7 3 42 67
8 4 41 67
5 3 4 68
1 4 32 68
3 4 40 68
1 5 39 68
4 3 22 68
3 4 28 67
8 4 23 68
3 4 47 67
4 3 30 66
4 3 35 67
8 3 1 69
3 3 15 67
4 4 63 69
1 3 5 68
8 4 16 69
2 5 41 66
8 4 39 68
1 4 31 71
1 5 58 73
6 5 61 71
4 4 64 70
6 5 63 71
5 3 44 65
4 3 41 66
2 3 9 67
6 3 16 66
6 4 17 65
2 4 30 63
1 3 38 63
1 3 31 64
2 3 22 66
6 4 24 64
7 4 39 66
4 3 32 67
2 3 34 65
7 3 32 68
7 3 16 69
2 4 30 69
1 4 15 70
8 4 22 70
6 3 8 70
1 3 29 69
3 4 57 70
1 3 7 70
5 4 21 70
7 4 53 70
8 4 53 69
2 4 51 71
1 3 12 69
7 4 31 69
7 4 50 69
5 3 18 67
3 3 23 65
2 3 25 67
6 4 25 68
8 3 25 67
6 3 31 65
8 4 37 63
4 4 35 64
4 3 14 71
7 4 34 72
5 3 32 69
8 3 27 70
7 3 22 71
5 4 31 72
4 3 21 71
7 3 24 71
4 3 37 70
5 3 43 69
1 3 35 71
8 3 38 69
4 3 8 72
8 7 10 71
8 3 20 72
2 4 36 72
6 3 20 72
4 4 54 74
4 3 6 73
1 3 15 72
6 3 4 74
2 3 27 73
5 4 27 72
4 3 30 73
3 4 31 74
5 4 51 75
2 4 50 75
5 3 3 75
6 3 31 74
4 4 30 74
3 5 48 75
7 3 39 74
5 3 50 74
5 3 28 75
6 3 16 76
7 4 29 74
2 3 29 73
5 3 30 73
7 3 23 74
8 3 31 72
3 3 33 72
4 3 26 74
2 3 41 74
1 3 15 76
2 4 25 76
3 4 27 77
2 5 26 79
8 5 27 78
3 3 23 75
8 3 26 75
1 3 29 75
3 3 14 76
5 4 22 76
5 4 44 76
5 3 27 76
6 4 27 74
3 3 31 77
1 6 34 76
1 4 67 79
1 3 31 77
8 5 33 79
6 4 30 79
5 4 34 80
6 3 33 76
2 3 33 77
2 3 35 77
1 3 34 76
8 3 32 77
7 3 34 75
2 3 11 78
1 4 11 78
5 3 12 77
2 3 15 75
4 4 22 73
1 3 28 72
6 3 29 71
7 3 14 75
8 3 32 73
1 3 19 75
3 3 19 74
3 3 22 73
8 3 28 72
4 3 27 78
8 3 33 76
3 4 52 78
7 5 57 78
3 3 27 77
1 3 36 78
5 3 4 79
2 8 4 78
4 4 31 78
5 4 41 79
7 3 11 77
8 3 7 78
3 4 16 77
8 4 11 79
6 4 46 81
1 4 45 82
4 3 7 78
3 3 8 76
5 3 8 75
7 3 10 73
6 4 10 75
8 4 17 74
2 3 6 78
5 4 14 78
2 4 16 80
5 3 18 78
2 3 19 77
5 3 25 77
6 3 11 79
8 4 11 78
7 4 20 80
7 4 11 81
6 4 20 79
2 4 22 81
8 3 20 81
4 4 44 82
3 3 28 79
2 4 28 80
5 3 21 80
6 4 34 80
8 3 26 79
5 3 22 80
5 4 27 81
6 5 27 81
6 4 36 81
3 3 25 81
7 3 42 82
1 3 6 83
4 5 7 82
4 4 56 82
3 3 31 81
1 4 38 82
1 4 57 84
5 4 56 85
8 3 31 81
6 3 19 82
5 4 34 83
8 4 72 85
6 3 15 83
7 4 16 84
4 4 25 83
8 3 37 82
3 3 50 83
2 3 21 84
2 4 40 84
6 5 46 83
8 4 51 84
8 3 31 83
2 3 31 82
3 3 50 83
4 3 44 84
7 4 47 84
8 3 54 84
3 4 54 85
3 3 35 85
1 6 55 86
4 3 38 85
7 4 53 85
8 3 40 84
5 3 44 86
3 3 51 86
8 3 11 87
2 4 45 85
6 4 56 87
2 4 66 88
4 4 69 88
8 3 27 86
1 5 34 86
5 3 48 84
5 3 49 84
3 3 27 85
4 3 51 86
6 3 16 87
1 3 23 86
7 3 24 85
2 3 41 86
7 3 29 88
5 4 31 89
1 4 41 89
8 4 66 89
7 3 47 87
4 3 52 87
1 3 51 87
7 4 50 87
8 4 53 87
3 3 53 87
3 3 39 88
4 3 53 88
2 3 55 88
3 3 7 89
1 4 23 89
8 4 22 88
6 4 52 91
2 4 82 92
3 3 30 88
2 3 43 87
5 3 44 86
8 4 43 86
7 3 21 89
6 4 21 90
5 4 45 88
2 4 58 90
5 4 47 91
4 5 49 91
5 4 52 91
5 3 32 87
6 3 31 87
1 3 36 86
6 3 35 86
7 3 31 88
1 3 38 87
2 3 42 89
1 3 1 91
2 5 9 90
5 4 37 89
3 5 36 89
4 4 7 91
1 4 54 90
3 3 19 89
2 4 19 88
1 3 31 87
5 3 35 85
7 3 31 88
4 3 35 87
7 3 3 90
4 4 4 88
1 4 7 90
1 5 29 91
2 5 48 91
8 4 27 91
7 7 26 91
6 3 1 91
1 4 38 92
6 3 24 90
8 3 35 89
2 3 23 90
1 3 37 89
6 4 36 89
6 3 7 92
8 4 54 92
7 3 10 92
5 3 50 92
7 3 50 92
4 3 4 93
7 4 40 93
6 3 8 92
4 5 41 92
8 4 30 92
4 3 21 90
5 3 34 89
3 3 19 91
5 3 21 90
3 3 11 92
7 3 29 90
3 3 34 92
8 4 42 92
5 4 41 92
1 3 74 94
5 3 9 95
7 5 35 93
3 4 14 95
3 4 41 96
3 3 56 93
3 3 8 94
2 3 38 93
5 4 38 94
1 4 38 94
5 4 54 95
5 4 59 96
7 3 18 96
3 4 58 95
1 4 34 96
8 5 35 97
8 4 32 95
4 4 32 94
5 4 32 96
1 4 47 95
3 5 60 97
7 4 32 98
1 4 40 97
4 5 54 98
1 4 49 96
5 4 62 97
8 3 50 93
5 3 26 94
7 3 48 94
5 3 19 96
7 4 27 97
5 4 65 98
1 3 47 95
5 3 53 93
5 3 46 94
6 3 46 94
4 3 36 96
2 4 45 94
5 3 47 96
2 3 47 95
6 3 32 97
3 4 62 98
3 3 34 97
6 4 43 97
2 3 40 96
7 3 42 97
4 3 6 98
1 6 15 97
1 4 9 98
4 4 23 98
6 4 27 96
6 3 7 98
4 4 29 98
6 4 58 99
2 3 9 99
6 4 14 97
2 3 25 96
5 3 30 97
2 3 39 98
8 3 11 99
4 3 10 98
8 3 21 97
6 3 21 95
8 3 44 94
7 4 45 93
7 3 54 93
7 3 24 95
2 4 27 96
7 4 38 95
2 3 47 93
4 3 22 95
3 3 39 93
3 3 24 94
8 3 44 93
4 3 21 97
5 3 21 96
2 3 20 95
4 4 36 96
5 3 20 94
6 3 23 96
8 3 25 95
6 3 9 98
5 3 13 97
4 2 1 1
8 4 3 1
1 6 3 1
7 4 3 2
5 4 3 2
6 4 1 3
3 2 1 1
8 4 1 1
7 2 1 1
5 2 1 1
6 2 1 1
7 2 1 1
8 2 1 1
4 2 1 1
2 4 1 1
4 4 7 1
3 2 1 1
7 2 1 1
8 4 1 1
3 4 7 1
5 6 5 2
8 4 5 1
2 2 1 1
7 4 1 1
1 4 1 1
4 2 1 1
3 2 1 1
1 2 1 1
6 4 1 1
5 2 1 1
3 2 1 1
7 2 1 1
8 2 1 1
5 2 1 1
6 2 1 1
3 2 1 1
4 2 1 1
2 4 3 1
6 4 3 1
8 4 3 1
5 4 1 1
4 4 3 2
8 2 1 1
7 2 1 1
5 2 1 1
1 2 1 1
3 2 1 1
1 2 1 1
5 4 1 1
3 2 1 1
2 2 1 1
4 2 1 1
2 2 1 1
1 4 7 1
5 4 5 2
7 2 1 1
2 2 1 1
8 4 1 1
3 4 1 1
2 4 5 2
8 4 3 2
7 2 1 1
4 4 1 1
6 4 3 2
7 2 1 1
5 2 1 1
3 2 1 1
2 2 1 1
5 4 3 1
4 4 3 1
1 4 1 2
6 2 1 1
7 2 1 1
1 2 1 1
6 2 1 1
5 4 3 1
8 4 1 2
4 4 11 1
1 4 11 2
4 2 1 1
6 2 1 1
5 2 1 1
4 2 1 1
8 2 1 1
3 2 1 1
2 2 1 1
1 4 1 1
4 4 5 2
4 4 9 3
5 4 13 3
2 2 1 1
5 2 1 1
3 2 1 1
6 2 1 1
8 2 1 1
2 2 1 1
7 2 1 1
1 4 3 1
6 4 5 1
8 6 3 2
3 4 3 1
4 4 1 2
1 6 3 1
1 6 5 2
5 4 1 1
4 4 3 2
6 4 3 3
3 2 1 1
3 4 3 1
5 2 1 1
8 2 1 1
2 2 1 1
7 2 1 1
8 2 1 1
4 4 1 1
1 2 1 1
2 2 1 1
1 2 1 1
4 2 1 1
3 2 1 1
7 2 1 1
8 4 1 1
1 4 1 2
6 2 1 1
2 2 1 1
4 2 1 1
6 2 1 1
5 4 1 1
4 4 3 1
2 2 1 1
7 2 1 1
6 2 1 1
3 2 1 1
4 2 1 1
2 4 7 1
7 2 1 1
3 2 1 1
5 2 1 1
4 2 1 1
2 2 1 1
8 2 1 1
1 2 1 1
3 2 1 1
2 2 1 1
8 2 1 1
7 2 1 1
1 2 1 1
7 2 1 1
5 4 1 1
6 2 1 1
4 2 1 1
8 2 1 1
3 2 1 1
4 2 1 1
3 2 1 1
5 2 1 1
3 2 1 1
1 2 1 1
2 4 1 1
1 4 1 1
2 4 9 1
7 4 5 2
5 4 7 1
8 2 1 1
7 4 1 1
2 2 1 1
4 2 1 1
8 4 3 1
6 2 1 1
3 2 1 1
4 2 1 1
1 2 1 1
5 2 1 1
7 2 1 1
1 2 1 1
2 2 1 1
8 2 1 1
8 4 3 1
6 4 1 1
4 2 1 1
8 2 1 1
5 2 1 1
8 2 1 1
7 2 1 1
7 4 3 1
6 4 3 1
2 2 1 1
4 4 3 1
2 6 3 1
7 2 1 1
1 2 1 1
3 4 1 1
5 4 3 1
6 4 1 2
2 2 1 1
7 2 1 1
8 2 1 1
1 2 1 1
5 4 7 1
1 4 5 2
4 4 5 2
2 4 7 1
4 2 1 1
2 2 1 1
8 2 1 1
5 2 1 1
3 2 1 1
1 2 1 1
7 2 1 1
3 4 3 1
2 2 1 1
4 2 1 1
6 2 1 1
5 2 1 1
4 4 3 1
1 2 1 1
2 2 1 1
1 2 1 1
4 2 1 1
7 2 1 1
3 2 1 1
7 2 1 1
8 2 1 1
2 2 1 1
1 2 1 1
6 2 1 1
1 2 1 1
7 2 1 1
8 2 1 1
4 2 1 1
3 2 1 1
5 4 3 1
6 2 1 1
3 2 1 1
2 2 1 1
7 2 1 1
8 2 1 1
2 2 1 1
7 2 1 1
6 2 1 1
3 2 1 1
2 2 1 1
7 2 1 1
1 2 1 1
5 2 1 1
6 4 5 1
3 2 1 1
5 2 1 1
6 2 1 1
3 4 7 1
5 4 7 2
8 2 1 1
1 4 1 1
5 4 1 2
8 4 3 2
2 6 1 2
4 2 1 1
6 2 1 1
1 2 1 1
3 2 1 1
7 4 1 1
8 3 5 1
6 4 3 1
3 4 5 1
8 3 7 2
1 2 1 1
2 4 1 1
7 2 7 1
6 2 9 1
7 2 9 1
1 3 23 2
1 3 32 1
6 2 23 1
3 2 24 1
5 3 25 1
7 3 29 1
5 2 30 1
5 2 1 2
4 3 4 1
8 2 1 1
1 3 6 1
5 2 2 1
2 2 6 1
8 2 22 1
1 2 19 2
2 3 21 2
8 3 22 4
3 2 5 3
6 3 15 3
1 4 14 4
4 3 16 3
7 2 17 2
8 3 21 3
5 2 6 3
3 3 14 4
5 3 28 6
8 3 35 7
4 2 6 2
2 2 7 1
4 2 8 1
3 2 6 2
7 2 7 2
5 3 6 3
5 2 9 1
8 3 8 1
6 2 6 2
3 2 15 3
4 2 14 3
6 2 18 3
6 2 1 4
2 3 4 5
4 3 15 3
3 4 22 4
2 3 31 7
3 2 11 3
1 2 1 4
7 3 19 4
8 3 27 6
3 2 7 3
7 2 8 2
6 2 7 2
7 2 6 2
1 2 11 3
5 2 10 4
3 2 1 5
5 3 13 5
1 3 14 4
2 3 15 5
1 3 17 5
7 3 29 7
7 2 11 5
3 2 12 6
6 2 19 5
5 2 3 7
4 3 6 7
4 3 16 6
3 3 12 7
4 2 17 5
3 2 6 7
1 3 8 7
4 3 26 8
4 3 35 9
8 2 13 7
4 3 16 8
2 3 16 9
1 3 23 7
7 3 22 9
4 3 25 11
3 2 16 6
5 2 28 7
2 2 2 8
8 3 14 7
1 2 15 6
8 2 4 7
5 2 5 6
5 3 13 6
7 2 7 5
6 2 7 4
2 2 6 4
8 2 6 3
5 2 8 3
1 2 6 4
7 2 11 5
2 2 11 7
7 2 4 8
1 3 13 8
5 3 22 9
1 3 19 10
2 2 5 7
6 3 5 6
8 3 4 8
8 2 5 5
4 2 5 4
2 2 4 4
6 2 11 7
7 2 8 8
4 3 7 8
4 2 3 9
8 3 18 10
1 2 3 9
1 3 5 8
6 2 4 8
3 2 3 9
3 3 16 9
2 3 16 9
6 3 15 9
8 2 4 9
2 3 4 9
3 2 4 9
5 2 3 9
6 2 2 9
8 2 2 9
7 2 2 9
5 2 1 9
4 2 6 10
3 3 6 9
7 2 10 10
2 2 20 10
2 2 1 11
4 3 19 10
1 3 14 11
5 3 17 10
6 4 18 10
5 3 25 13
2 3 24 13
8 2 6 10
5 2 17 10
3 2 5 11
2 3 15 10
7 3 18 12
6 3 21 13
2 2 7 10
4 3 10 11
8 3 9 10
5 2 8 10
3 2 6 11
6 2 6 12
5 3 12 13
3 3 31 15
1 3 31 15
6 2 7 12
2 3 11 12
7 2 6 12
6 2 2 13
1 3 3 12
5 2 4 12
7 2 5 13
1 2 4 13
8 2 3 13
3 3 11 13
1 3 14 14
8 3 13 13
1 3 18 15
7 3 17 15
8 3 19 14
2 2 5 13
7 2 6 12
1 2 5 13
6 3 6 13
3 3 4 14
5 3 21 14
3 3 18 15
2 2 14 13
4 2 4 14
8 2 14 14
4 2 15 14
4 2 2 15
4 3 9 14
7 2 10 13
8 3 8 14
1 2 9 13
5 2 7 14
2 2 8 13
3 2 8 13
4 2 9 15
7 3 10 15
7 2 11 15
3 2 6 16
5 3 9 15
1 2 10 16
8 3 16 17
3 3 31 19
8 3 39 19
3 2 9 17
5 3 22 17
6 3 21 17
3 3 21 17
8 2 8 17
4 3 20 17
5 3 19 17
3 3 26 18
2 4 27 19
5 3 27 18
1 2 8 16
2 2 3 18
7 3 8 18
7 3 26 20
6 2 4 17
6 3 7 16
7 3 3 18
3 3 3 18
8 3 7 19
2 3 17 19
5 3 17 19
4 4 16 19
4 3 6 20
5 2 3 17
7 2 9 16
8 2 2 17
2 2 4 17
5 2 6 16
2 2 8 16
6 2 5 17
1 2 2 18
4 4 4 17
1 3 3 18
3 4 3 18
4 3 15 19
1 3 20 20
2 3 19 20
8 2 8 18
2 2 2 19
2 3 5 18
5 2 4 18
2 2 3 19
7 3 2 19
7 3 5 19
6 2 4 18
1 5 3 18
4 3 9 19
6 2 2 19
5 3 1 20
6 3 4 20
1 3 5 21
4 3 17 21
4 3 8 23
2 3 11 23
3 2 5 21
8 2 12 21
3 3 12 21
6 3 11 22
3 2 13 21
7 2 14 21
8 2 14 21
4 2 4 22
4 3 13 22
7 2 5 21
1 2 11 20
5 2 10 20
1 2 8 22
3 2 12 21
7 2 12 21
1 3 12 22
7 3 25 24
3 3 23 25
8 2 10 22
3 3 18 23
4 2 2 23
8 3 3 22
5 2 5 22
6 3 4 22
5 2 4 21
3 3 4 20
2 2 4 19
2 2 6 19
5 2 3 20
2 2 3 22
6 2 6 23
8 2 5 24
1 2 6 24
2 2 5 25
6 2 5 25
4 4 13 24
7 4 12 24
4 2 5 25
1 3 9 25
2 2 12 24
7 2 5 25
5 3 5 24
5 3 6 26
6 3 18 26
7 3 16 28
3 3 19 27
3 2 6 23
1 2 6 23
6 2 8 23
7 2 9 25
5 3 7 26
3 2 8 25
2 2 7 25
1 2 3 26
4 2 9 26
8 3 16 27
2 3 15 28
2 3 22 28
6 2 9 26
8 3 21 27
1 2 9 26
8 3 7 27
4 3 10 27
1 3 11 28
3 3 20 29
6 3 19 29
7 2 2 27
4 3 7 28
2 4 6 28
8 3 17 28
5 3 6 29
1 4 14 30
4 3 22 30
4 2 2 26
1 3 8 27
3 2 3 25
8 2 5 24
5 2 7 23
8 2 1 26
4 2 5 26
8 2 3 27
1 2 4 27
2 3 13 28
4 2 3 28
6 3 6 28
8 3 10 28
4 3 9 29
3 2 4 27
7 3 5 28
2 3 5 27
7 3 6 27
5 3 5 27
6 2 3 27
5 2 3 28
6 3 2 28
2 2 4 30
6 2 9 30
6 2 14 30
1 2 13 30
4 3 19 30
4 2 8 31
5 3 18 31
7 3 34 33
6 3 44 33
5 2 10 31
7 3 23 32
8 4 34 33
4 3 32 33
2 2 13 30
5 2 20 30
7 2 15 31
5 3 15 30
4 3 28 32
2 2 3 32
7 3 41 33
3 2 5 31
7 3 12 31
8 3 38 32
2 2 6 30
6 2 6 30
6 3 12 30
1 3 20 32
3 2 9 31
6 2 9 32
5 3 31 32
1 2 8 32
8 3 9 31
1 4 21 32
2 4 25 33
4 3 20 33
3 3 22 32
8 3 20 34
3 2 12 32
1 2 11 32
5 4 18 32
8 2 16 32
6 2 18 32
1 2 17 32
4 2 16 32
2 2 1 33
4 3 8 32
6 3 7 34
7 4 6 33
1 3 5 35
2 3 21 33
3 3 11 35
4 2 1 32
8 2 2 32
6 4 1 33
8 3 5 34
5 3 9 32
7 3 26 35
2 2 8 32
3 2 2 34
5 4 2 33
1 3 3 34
3 3 1 35
3 4 33 36
4 2 2 32
3 2 4 32
6 2 7 34
2 3 17 35
3 3 21 36
5 2 11 33
3 2 11 33
2 2 10 33
1 2 6 34
8 2 8 34
2 2 14 34
4 3 16 35
8 3 28 36
1 2 9 35
6 3 25 36
6 2 9 35
6 2 10 35
1 3 12 34
8 2 1 36
7 3 10 35
5 3 28 37
4 2 2 35
3 2 4 35
4 3 6 35
8 4 10 36
2 3 19 38
8 2 6 34
7 2 7 33
5 2 5 35
3 2 1 36
5 2 1 35
6 2 1 34
2 2 1 33
6 2 8 33
4 2 7 33
4 2 1 35
2 2 5 36
7 2 7 36
2 2 7 36
8 2 5 37
4 2 4 37
1 2 16 37
1 3 21 38
4 2 15 37
7 2 2 38
4 3 7 37
2 3 4 38
8 3 12 37
1 3 13 39
4 3 15 38
4 3 12 39
6 2 7 37
5 3 8 37
2 2 7 38
8 3 18 38
3 2 10 38
3 4 15 38
6 2 12 38
1 3 12 37
7 2 12 37
4 2 10 38
7 2 7 39
8 3 14 40
6 3 20 40
3 3 20 40
5 2 9 38
2 2 13 39
1 2 16 39
5 3 20 40
8 3 21 42
2 2 1 40
6 3 4 39
2 2 5 40
2 2 10 39
5 2 16 41
8 2 4 42
3 2 5 41
4 3 8 42
7 3 14 42
2 3 16 41
4 4 20 41
3 3 38 43
3 2 9 40
2 2 7 41
5 3 7 42
8 3 9 42
6 3 13 41
1 3 8 42
4 3 15 42
4 3 34 43
2 3 8 44
3 4 13 42
1 2 7 40
6 2 7 39
8 2 9 39
5 2 10 41
7 2 16 41
5 2 8 42
6 3 34 43
1 3 33 44
6 2 22 43
4 3 25 43
8 4 31 43
7 2 1 44
1 3 23 45
7 4 23 44
4 2 1 43
3 3 25 43
8 2 16 42
2 2 3 43
4 2 6 42
3 2 12 41
5 2 12 41
1 3 11 42
8 2 8 42
7 3 8 41
4 3 19 43
5 3 18 43
1 4 17 43
6 5 17 44
6 3 19 44
6 2 8 41
2 2 15 43
5 2 7 44
4 3 6 45
3 3 19 45
2 2 11 44
7 2 10 44
3 2 10 43
1 2 8 45
4 3 7 45
6 3 8 45
7 3 9 46
1 3 12 45
5 2 9 45
4 3 10 45
8 3 8 45
5 3 12 46
1 2 1 46
8 2 1 45
2 2 1 46
3 2 6 46
2 2 5 47
2 3 6 47
7 4 15 47
8 4 25 48
3 2 7 46
2 2 7 47
2 3 18 47
8 3 20 48
6 2 3 48
8 3 6 47
4 3 6 46
3 3 13 48
1 3 13 47
7 3 8 49
7 3 30 49
3 2 10 47
2 2 9 47
8 3 8 47
1 2 9 47
6 4 8 47
7 3 15 49
6 2 4 48
1 3 11 49
7 2 4 48
1 2 12 48
4 2 8 49
2 2 20 49
5 2 20 49
