1207532
3161
1 2 95 38
1 2 49 31
1 2 44 58
1 2 23 91
1 2 12 65
1 2 15 25
1 2 11 16
1 2 57 7
1 2 71 41
1 2 5 37
1 2 57 38
1 2 89 32
1 2 5 30
1 2 91 44
1 2 57 1
1 2 57 13
1 2 95 29
1 2 15 55
1 2 77 37
1 2 67 2
1 2 95 36
1 2 35 53
1 2 5 87
1 2 11 48
1 2 81 98
1 2 11 66
1 2 89 20
1 2 85 50
1 2 85 64
1 2 91 42
1 2 67 37
1 2 5 72
1 2 54 69
1 2 33 47
1 2 38 88
1 2 49 21
1 2 95 26
1 2 49 16
1 2 80 65
1 2 79 34
1 2 87 57
1 2 52 78
1 2 39 46
1 2 71 4
1 2 55 51
1 2 52 84
1 2 35 31
1 2 65 42
1 2 5 39
1 2 49 99
1 2 97 24
1 2 35 29
1 2 11 1
1 2 89 12
1 2 65 75
1 2 66 99
1 2 33 16
1 2 29 13
1 2 39 29
1 2 35 71
1 2 83 16
1 2 23 9
1 2 10 99
1 2 69 45
1 2 89 18
1 2 19 33
1 2 79 75
1 2 91 50
1 2 10 79
1 2 43 73
1 2 87 10
1 2 20 90
1 2 69 55
1 2 14 76
1 2 63 29
1 2 83 49
1 2 93 52
1 2 49 16
1 2 49 50
1 2 67 96
1 2 87 16
1 2 42 99
1 2 63 6
1 2 17 71
1 2 88 96
1 2 71 29
1 2 75 31
1 2 30 88
1 2 23 19
1 2 23 50
1 2 91 10
1 2 48 89
1 2 75 12
1 2 9 19
1 2 91 27
1 2 5 10
1 2 87 48
1 2 59 1
1 2 9 14
1 2 73 27
1 2 5 5
1 2 52 91
1 2 45 38
1 2 19 46
1 2 52 68
1 2 9 12
1 2 17 45
1 2 37 11
1 2 17 12
1 2 27 6
1 2 21 44
1 2 51 35
1 2 27 86
1 2 27 46
1 2 9 17
1 2 35 2
1 2 8 76
1 2 63 19
1 2 89 28
1 2 13 10
1 2 7 47
1 2 7 42
1 2 51 1
1 2 59 36
1 2 13 35
1 2 85 28
1 2 83 32
1 2 63 16
1 2 44 55
1 2 41 43
1 2 50 98
1 2 61 55
1 2 80 86
1 2 79 17
1 2 85 26
1 2 37 12
1 2 61 14
1 2 49 52
1 2 43 45
1 2 77 19
1 2 27 40
1 2 65 8
1 2 61 38
1 2 7 29
1 2 31 96
1 2 21 62
1 2 63 13
1 2 79 9
1 2 7 23
1 2 47 54
1 2 7 15
1 2 45 29
1 2 7 26
1 2 7 36
1 2 81 3
1 2 29 37
1 2 65 27
1 2 13 7
1 2 56 98
1 2 77 11
1 2 67 14
1 2 37 23
1 2 89 81
1 2 81 38
1 2 13 79
1 2 7 18
1 2 3 40
1 2 79 33
1 2 47 63
1 2 42 86
1 2 42 91
1 2 39 12
1 2 77 4
1 2 55 31
1 2 6 65
1 2 87 31
1 2 75 92
1 2 63 26
1 2 69 36
1 2 15 21
1 2 67 77
1 2 22 73
1 2 6 63
1 2 23 37
1 2 29 21
1 2 23 42
1 2 39 77
1 2 39 31
1 2 6 68
1 2 23 19
1 2 27 17
1 2 79 14
1 2 3 48
1 2 72 52
1 2 46 87
1 2 34 89
1 2 31 36
1 2 73 21
1 2 25 18
1 2 45 35
1 2 45 12
1 2 59 72
1 2 45 43
1 2 92 65
1 2 53 16
1 2 47 17
1 2 41 13
1 2 82 96
1 2 41 68
1 2 35 16
1 2 15 91
1 2 9 18
1 2 57 20
1 2 91 90
1 2 27 11
1 2 49 28
1 2 82 70
1 2 37 98
1 2 5 17
1 2 81 20
1 2 21 77
1 2 36 59
1 2 15 36
1 2 39 48
1 2 77 79
1 2 25 36
1 2 57 13
1 2 31 3
1 2 93 89
1 2 39 45
1 2 64 63
1 2 93 3
1 2 77 46
1 2 57 7
1 2 41 27
1 2 91 46
1 2 61 2
1 2 65 10
1 2 33 24
1 2 59 48
1 2 89 62
1 2 44 78
1 2 89 77
1 2 42 93
1 2 77 78
1 2 23 46
1 2 84 53
1 2 1 96
1 2 84 73
1 2 69 76
1 2 43 33
1 2 77 13
1 2 19 43
1 2 35 8
1 2 71 87
1 2 41 48
1 2 41 77
1 2 29 65
1 2 41 29
1 2 17 78
1 2 19 9
1 2 77 2
1 2 68 95
1 2 10 68
1 2 95 40
1 2 17 20
1 2 72 77
1 2 71 12
1 2 39 36
1 2 17 26
1 2 39 11
1 2 39 38
1 2 67 36
1 2 31 25
1 2 1 30
1 2 59 27
1 2 77 73
1 2 47 60
1 2 64 82
1 2 71 60
1 2 43 47
1 2 3 21
1 2 33 15
1 2 95 58
1 2 72 59
1 2 29 26
1 2 53 62
1 2 97 5
1 2 1 13
1 2 75 38
1 2 93 47
1 2 13 20
1 2 97 49
1 2 95 94
1 2 29 37
1 2 75 37
1 2 11 78
1 2 87 80
1 2 1 8
1 2 85 79
1 2 48 64
1 2 55 79
1 2 49 65
1 2 90 67
1 3 46 70
1 3 33 83
1 3 25 54
1 3 20 52
1 3 59 100
1 3 16 69
1 2 32 70
1 2 92 70
1 3 12 98
1 2 16 99
1 3 33 55
1 3 11 53
1 2 59 53
1 3 1 91
1 3 34 53
1 2 63 52
1 3 85 63
1 4 3 8
1 4 88 60
1 4 43 22
1 4 41 58
1 4 29 43
1 4 5 19
1 4 17 36
1 4 56 74
1 4 47 9
1 4 29 30
1 4 93 5
1 4 61 19
1 4 59 43
1 4 55 50
1 4 39 34
1 4 83 21
1 4 61 49
1 4 11 23
1 4 47 14
1 4 73 27
1 4 9 34
1 4 9 29
1 4 76 55
1 4 9 9
1 4 73 45
1 4 15 4
1 2 35 5
1 4 31 4
1 4 57 46
1 5 71 56
1 5 21 82
1 2 60 82
1 6 1 15
1 6 59 20
1 6 7 40
1 6 41 40
1 6 31 19
1 6 47 7
1 8 49 21
1 8 65 6
1 8 63 46
5 2 33 73
1 2 67 72
5 2 16 100
5 2 47 20
5 2 77 20
5 2 58 79
5 2 55 15
5 2 87 49
5 2 60 83
5 2 35 27
5 2 63 3
5 2 5 16
5 2 55 18
5 2 55 33
5 2 55 7
5 2 86 75
5 2 21 96
1 2 59 95
1 2 55 95
5 2 47 30
5 2 25 34
5 2 67 1
5 2 81 33
5 2 19 49
5 2 23 49
5 2 51 5
5 2 43 66
5 2 80 78
5 2 81 30
5 2 57 63
5 2 27 21
5 2 27 11
5 2 71 36
5 2 64 78
5 2 41 32
5 2 47 23
5 2 47 43
5 2 51 36
5 2 65 23
5 2 29 12
5 2 75 13
5 2 55 21
5 2 11 30
5 2 59 26
5 2 50 96
5 2 74 97
5 2 69 14
5 2 21 21
5 2 11 49
5 2 17 11
5 2 49 39
5 2 31 12
5 2 85 9
5 2 59 60
5 2 51 19
5 2 85 2
5 2 73 40
5 2 84 98
5 2 9 29
5 2 67 22
5 2 21 17
5 2 60 60
5 2 51 3
5 2 16 68
5 2 77 2
5 2 47 29
5 2 75 38
5 2 75 45
5 2 79 47
5 2 78 68
5 2 21 8
5 2 5 40
5 2 27 25
5 2 84 91
5 2 27 23
5 2 55 29
5 2 11 18
5 2 77 77
5 2 47 6
5 2 58 64
5 2 35 46
5 2 27 3
5 2 65 54
5 2 57 99
5 2 13 43
5 2 55 41
5 2 19 9
5 2 7 65
1 2 41 65
5 2 57 59
5 2 39 18
5 2 60 97
5 2 61 46
5 2 61 50
5 2 57 33
5 2 9 65
5 2 37 90
1 2 62 89
5 2 38 97
5 2 21 26
5 2 76 98
5 2 39 4
5 2 77 5
5 2 66 99
5 2 21 34
5 2 63 3
5 2 67 16
5 2 19 67
5 2 67 40
5 2 21 36
5 2 62 79
5 2 62 70
1 2 73 69
1 2 81 70
5 2 67 83
5 2 57 4
5 2 77 31
5 2 63 37
5 2 65 26
5 2 13 48
5 2 44 60
1 2 56 60
5 2 60 86
5 2 13 1
5 2 45 8
5 2 82 52
5 2 45 24
5 2 13 62
5 2 71 67
5 2 9 6
5 2 65 39
5 2 15 41
5 2 33 96
5 2 72 60
5 2 41 41
5 2 75 9
5 2 9 22
5 2 75 23
5 2 63 31
5 2 13 32
5 2 80 67
5 2 71 44
5 2 38 62
1 2 76 62
5 2 64 87
5 2 41 29
5 2 82 77
5 2 9 3
5 2 83 7
5 2 65 6
5 2 81 25
5 2 37 77
5 2 59 57
5 2 55 2
5 2 77 24
5 2 63 56
5 2 75 48
5 2 77 35
5 2 37 38
5 2 5 31
5 2 65 17
5 2 39 53
5 2 7 26
5 2 61 94
1 2 62 93
5 2 83 11
5 2 59 80
5 2 73 88
5 2 76 86
5 2 29 96
5 2 85 72
5 2 41 16
5 2 68 77
5 2 69 11
5 2 5 37
5 2 31 24
5 2 53 12
5 2 51 17
5 2 35 14
5 2 59 49
5 2 61 10
5 2 7 13
5 2 69 12
5 2 51 37
5 2 85 86
5 2 86 66
5 2 27 47
5 2 49 25
5 2 69 50
5 2 87 66
5 2 7 5
5 2 49 53
5 2 67 7
5 2 81 32
5 2 85 10
5 2 36 95
5 2 26 75
5 2 55 22
5 2 75 6
5 2 35 4
5 2 87 39
5 2 85 34
5 2 85 22
5 2 35 36
5 2 25 48
5 2 51 49
5 2 69 27
5 2 19 42
5 2 47 24
5 2 18 88
1 2 50 87
5 2 57 19
5 2 25 34
5 2 53 20
5 2 77 8
5 2 45 67
5 2 73 28
5 2 23 28
5 2 87 57
1 2 91 56
5 2 31 1
5 2 78 96
5 2 10 95
5 2 47 16
5 2 33 5
5 2 33 24
5 2 37 69
5 2 33 1
5 2 23 22
5 2 57 1
5 2 81 41
5 2 17 25
5 2 28 90
5 2 32 94
1 2 48 93
5 2 32 81
5 2 15 37
5 2 75 42
5 2 83 41
5 2 33 22
5 2 83 35
5 2 65 49
5 2 69 14
5 2 83 62
5 2 30 90
1 2 41 90
5 2 17 13
5 2 23 38
5 2 54 89
5 2 23 97
5 2 23 31
5 2 44 70
1 2 71 70
5 2 42 87
5 2 29 33
5 2 51 13
5 2 53 92
5 2 84 81
5 2 32 52
1 2 80 51
5 2 44 51
5 2 81 89
5 2 71 50
5 2 29 7
5 2 78 85
5 2 37 46
5 2 59 44
5 2 63 92
5 2 85 94
5 2 41 60
5 2 71 64
5 2 35 2
5 2 1 36
5 2 83 92
5 2 71 19
5 2 79 61
5 2 71 27
5 2 27 28
5 2 15 14
5 2 53 59
5 2 49 15
5 2 27 34
5 2 85 28
5 2 71 4
5 2 1 18
5 2 87 35
5 2 87 44
5 2 75 27
5 2 23 13
5 2 15 26
5 2 93 84
5 2 1 10
5 2 65 65
5 2 29 10
5 2 88 89
5 2 7 10
5 2 15 48
5 2 66 71
5 2 9 11
5 2 53 28
5 2 15 32
5 3 51 91
5 3 43 90
5 2 58 91
5 2 60 91
5 2 87 92
5 2 67 90
5 3 47 56
5 2 70 55
5 3 69 100
5 3 71 95
5 2 73 96
1 2 85 97
5 3 84 70
5 3 41 56
5 3 37 59
5 3 58 73
5 2 59 73
5 2 62 74
5 3 76 66
5 3 14 74
1 2 40 73
5 2 63 72
5 2 75 74
5 2 54 73
1 2 55 73
5 2 69 72
5 3 16 77
5 2 22 78
5 3 4 79
1 2 83 79
5 3 76 89
5 3 2 61
1 2 36 61
5 2 84 61
5 2 85 61
5 3 3 69
5 4 73 48
5 4 81 39
5 4 3 6
5 4 81 15
5 4 33 44
5 4 3 46
5 4 5 76
1 2 34 75
5 2 58 76
1 2 71 75
5 3 51 76
1 2 74 75
5 4 73 22
5 4 75 15
5 4 39 8
5 4 39 25
5 4 29 42
5 2 37 43
5 4 31 42
5 4 65 32
5 4 45 11
5 4 43 34
5 4 45 14
5 4 35 14
5 4 4 54
5 2 57 51
5 2 53 51
5 4 24 63
5 2 87 63
5 4 17 44
5 4 1 24
5 2 21 23
5 2 19 24
5 2 5 24
5 2 7 23
5 4 65 16
5 4 11 9
5 4 65 5
5 2 79 4
5 4 7 8
5 4 23 45
5 4 15 30
5 4 1 3
5 4 28 83
1 2 52 83
1 2 77 84
1 2 27 84
5 2 40 81
5 2 36 82
5 4 55 42
5 4 15 3
5 4 59 48
5 4 23 53
1 2 66 51
5 2 53 53
5 4 7 39
5 5 65 73
5 5 8 75
1 2 69 76
1 2 9 77
1 2 20 77
5 2 10 75
5 2 33 75
1 2 55 76
5 5 5 50
1 2 26 51
5 2 70 51
5 6 1 32
5 6 73 5
5 6 41 19
5 6 25 14
5 6 25 48
5 6 7 25
5 6 27 9
5 6 37 11
5 8 55 29
5 8 39 1
5 8 11 20
5 10 3 43
3 2 50 57
3 2 47 66
3 2 47 50
3 2 69 39
3 2 47 29
3 2 13 79
1 2 48 79
3 2 5 18
3 2 47 10
3 2 47 13
3 2 45 64
3 2 5 36
3 2 13 18
3 2 5 14
3 2 19 4
3 2 51 70
5 2 63 69
3 2 23 19
3 2 72 86
3 2 72 84
3 2 35 9
3 2 45 8
3 2 73 28
3 2 33 33
3 2 53 17
3 2 6 81
3 2 5 6
3 2 53 86
3 2 11 49
3 2 51 77
3 2 51 7
3 2 55 3
3 2 39 8
3 2 51 59
3 2 25 18
3 2 51 96
3 2 41 7
3 2 25 3
3 2 31 14
3 2 29 25
3 2 63 24
3 2 71 22
3 2 11 69
3 2 59 4
3 2 65 32
3 2 54 58
3 2 65 10
3 2 31 6
3 2 65 18
3 2 31 18
3 2 24 53
5 2 42 54
3 2 51 33
3 2 61 16
3 2 65 24
3 2 51 10
3 2 51 7
3 2 49 98
3 2 75 73
3 2 51 44
3 2 51 49
3 2 23 79
3 2 23 47
3 2 25 41
3 2 17 6
3 2 49 4
3 2 5 59
3 2 11 36
3 2 61 35
3 2 51 41
3 2 71 50
3 2 11 27
3 2 11 24
3 2 45 36
3 2 65 18
3 2 59 95
5 2 74 94
3 2 29 98
5 2 49 99
5 2 60 98
3 2 57 6
3 2 68 53
3 2 11 11
3 2 11 15
3 2 21 27
3 2 21 48
3 2 21 5
3 2 37 75
1 2 51 74
3 2 55 45
3 2 53 26
3 2 53 59
1 2 65 60
3 2 76 58
3 2 67 47
3 2 66 68
3 2 25 24
3 2 23 25
3 2 17 25
3 2 53 6
3 2 53 21
3 2 69 4
3 2 16 77
5 2 33 78
3 2 59 39
3 2 9 19
3 2 69 34
3 2 9 14
3 2 9 9
3 2 69 44
3 2 23 7
3 2 29 39
3 2 9 46
3 2 17 41
3 2 69 1
3 2 71 44
3 2 41 26
3 2 41 39
3 2 9 3
3 2 77 37
3 2 67 33
3 2 41 31
3 2 56 61
3 2 3 21
3 2 27 24
3 2 9 38
3 2 13 9
3 2 43 47
3 2 53 40
3 2 7 22
3 2 36 70
3 2 35 68
3 2 35 62
3 2 9 44
3 2 31 14
3 2 39 32
3 2 39 30
3 2 55 32
3 2 51 13
3 2 65 38
3 2 35 44
3 2 39 36
3 2 39 27
3 2 15 23
3 2 37 18
3 2 11 29
3 2 37 37
3 2 9 16
3 2 65 24
3 2 55 50
3 2 25 29
3 2 53 22
3 2 65 37
3 2 31 7
3 2 35 56
3 2 23 17
3 2 47 63
5 2 49 64
1 2 63 64
3 2 65 3
3 2 38 72
3 2 38 89
3 2 45 16
3 2 37 66
3 2 25 3
3 2 47 11
3 2 51 7
3 2 47 14
3 2 51 9
3 2 51 4
3 2 66 73
3 2 8 76
1 2 9 75
3 2 51 16
3 2 49 61
3 2 47 78
3 2 21 16
3 2 47 23
3 2 67 28
3 2 73 99
3 2 7 42
3 2 13 27
3 2 33 71
3 2 27 54
3 2 45 43
3 2 63 97
3 2 27 13
3 2 43 18
3 2 45 21
3 2 31 35
3 2 31 45
3 2 67 31
3 2 25 6
3 2 3 43
3 2 53 8
3 2 31 43
3 2 41 14
3 2 67 41
3 2 19 8
3 2 68 90
3 2 67 37
3 2 7 11
3 2 67 61
1 2 70 60
3 2 58 78
3 2 5 84
3 2 53 26
3 2 68 88
3 2 43 28
3 2 43 30
3 2 43 6
3 2 41 64
5 2 73 64
3 2 13 45
3 2 58 99
3 2 33 26
3 2 3 32
3 2 33 32
3 2 57 70
3 2 33 7
3 2 59 8
3 2 67 95
3 2 43 50
3 2 43 2
3 2 66 99
3 2 53 32
3 2 79 57
3 2 29 25
3 2 45 19
3 2 13 12
3 2 69 38
3 2 35 28
3 2 3 15
3 2 17 93
3 2 72 72
3 2 75 97
3 2 17 36
3 2 55 30
3 2 3 1
3 2 25 26
3 2 45 77
3 2 55 28
3 2 19 3
3 2 33 77
3 2 61 50
3 2 2 55
5 2 10 55
1 2 43 55
3 2 33 41
3 2 34 64
1 2 53 63
3 2 57 7
3 2 42 91
3 2 27 17
3 2 69 92
3 2 21 32
3 2 25 32
3 2 51 30
3 2 17 42
3 2 17 1
3 2 77 84
5 2 77 83
3 2 69 65
3 2 39 16
3 2 53 43
3 2 35 31
3 2 59 29
3 2 59 22
3 2 25 45
3 2 35 83
5 2 38 84
5 2 55 84
3 2 59 41
3 2 59 17
3 2 1 85
1 2 5 84
1 2 6 85
1 2 34 86
3 2 69 49
3 2 31 1
3 2 76 51
3 2 25 85
1 2 76 84
5 2 64 86
3 2 76 92
3 2 79 83
3 2 31 76
3 2 39 65
3 2 75 86
3 2 15 40
3 2 80 71
3 2 1 34
3 2 80 54
3 2 55 85
3 2 1 31
3 2 33 25
3 2 27 23
3 2 82 93
3 2 21 31
3 2 55 42
3 2 1 22
3 2 75 55
3 2 7 83
1 3 6 83
1 2 32 83
5 2 50 81
5 2 19 81
1 2 88 80
1 2 23 80
5 2 61 80
5 2 44 80
3 2 31 61
3 2 61 42
3 2 13 56
1 2 71 57
5 2 68 55
3 2 10 83
5 2 24 82
1 2 51 83
3 2 54 80
3 2 79 98
3 2 79 47
3 2 5 84
3 2 59 25
3 2 53 55
5 2 59 56
3 2 1 12
3 2 24 80
5 2 23 80
5 2 81 80
3 2 78 81
3 2 1 9
3 2 23 81
3 2 23 30
3 2 19 85
3 2 38 56
3 2 17 14
3 2 66 55
3 3 66 78
3 3 19 62
3 3 78 67
3 3 65 97
5 2 77 96
3 3 29 64
5 2 34 64
3 2 53 63
3 3 41 69
5 2 43 70
3 2 73 69
3 3 41 97
5 2 50 95
3 3 33 75
3 3 25 88
5 2 37 88
3 2 55 87
3 2 87 87
3 2 38 89
1 2 44 88
1 2 49 87
3 2 45 88
1 2 65 87
3 2 65 89
3 3 27 86
3 2 78 87
3 2 40 87
3 3 7 89
3 2 40 89
3 2 28 90
3 3 39 78
3 2 62 79
3 3 49 65
3 3 73 100
3 3 33 77
3 2 38 76
3 3 1 50
3 2 78 51
3 2 29 50
3 2 31 49
3 2 73 51
3 2 37 48
3 2 35 49
3 3 1 59
5 2 20 58
3 2 23 59
5 2 49 58
3 2 63 59
3 3 5 66
3 3 4 69
1 2 7 70
3 4 5 33
3 4 23 33
3 4 35 3
3 4 21 2
3 4 29 16
4 32 39 12
3 4 7 5
3 2 13 4
3 4 58 80
3 4 47 13
3 4 41 71
3 4 46 80
3 4 15 11
3 4 1 46
3 2 25 46
3 4 5 47
3 4 7 47
3 4 1 41
3 4 55 52
3 4 53 38
3 4 33 11
3 4 9 5
3 4 47 20
3 2 57 19
3 4 13 46
3 4 27 35
3 4 53 20
3 4 23 15
3 4 35 39
3 4 21 36
3 4 19 23
3 4 52 93
5 2 85 92
3 4 16 89
5 2 35 88
3 2 42 89
3 4 15 95
3 2 78 94
3 2 72 94
3 4 11 39
3 4 11 33
3 4 53 12
3 4 51 48
3 4 11 7
3 5 14 87
5 2 74 87
3 6 9 41
3 6 17 18
3 6 19 81
3 2 49 81
3 2 74 82
3 6 33 41
3 6 22 68
3 2 32 68
3 8 30 94
3 12 35 23
3 12 21 47
8 2 83 92
8 2 13 4
8 2 58 92
8 2 56 58
8 2 11 36
8 2 12 100
8 2 13 22
8 2 12 73
8 2 13 2
8 2 13 29
8 2 18 71
8 2 32 92
8 2 64 85
8 2 47 57
8 2 55 21
8 2 63 5
8 2 17 17
8 2 53 22
8 2 11 80
5 2 67 79
5 2 10 80
3 2 29 81
8 2 45 15
8 2 53 5
8 2 59 2
8 2 47 43
8 2 13 32
8 2 42 81
8 2 11 55
5 2 13 56
1 2 16 56
3 2 72 54
8 2 49 47
8 2 62 91
8 2 49 88
8 2 35 86
8 2 63 34
8 2 63 27
8 2 40 76
8 2 43 90
8 2 43 98
8 2 43 56
3 2 65 57
8 2 45 1
8 2 23 90
5 2 27 91
1 2 28 92
8 2 5 28
8 2 21 48
8 2 33 36
8 2 59 30
8 2 35 44
8 2 43 37
8 2 63 30
8 2 43 32
8 2 53 38
8 2 25 14
8 2 11 13
8 2 55 5
8 2 5 44
8 2 11 43
8 2 62 78
8 2 51 11
8 2 35 15
8 2 11 15
8 2 55 13
8 2 51 15
8 2 49 1
8 2 9 20
8 2 11 38
8 2 65 28
8 2 17 26
8 2 35 12
8 2 54 52
8 2 17 35
8 2 29 44
8 2 39 72
8 2 21 20
8 2 51 26
8 2 31 7
8 2 55 12
8 2 37 47
8 2 9 1
8 2 21 32
8 2 19 71
8 2 21 42
8 2 65 33
8 2 29 54
8 2 35 48
8 2 9 44
8 2 49 1
8 2 49 27
8 2 69 85
8 2 47 24
8 2 65 27
8 2 25 40
8 2 49 13
8 2 59 21
8 2 37 28
8 2 61 17
8 2 49 74
8 2 27 28
8 2 29 20
8 2 17 42
8 2 57 90
8 2 43 32
8 2 59 37
8 2 35 26
8 2 11 49
8 2 17 5
8 2 35 72
8 2 17 39
8 2 53 26
8 2 35 15
8 2 49 19
8 2 36 91
8 2 64 94
8 2 13 11
8 2 50 79
8 2 51 7
8 2 35 63
5 2 36 64
3 2 67 65
3 2 67 62
8 2 56 64
8 2 38 95
8 2 47 20
8 2 23 36
8 2 64 52
3 2 67 51
8 2 63 45
8 2 15 19
8 2 39 11
8 2 21 14
8 2 57 27
8 2 15 4
8 2 14 80
1 2 48 79
8 2 57 3
8 2 14 56
3 2 35 55
8 2 15 10
8 2 39 10
8 2 37 18
8 2 15 98
8 2 39 20
8 2 33 41
8 2 33 46
8 2 80 85
8 2 35 57
8 2 66 99
8 2 45 42
8 2 21 74
1 2 31 73
8 2 28 64
8 2 67 35
8 2 27 11
8 2 60 54
8 2 33 1
8 2 53 2
8 2 39 89
8 2 45 29
8 2 9 29
8 2 67 10
8 2 67 39
8 2 55 43
8 2 45 21
8 2 67 2
8 2 59 2
8 2 58 98
8 2 57 1
8 2 33 27
8 2 55 47
8 2 51 23
8 2 17 48
8 2 29 58
5 2 53 59
1 2 31 59
8 2 46 64
8 2 45 83
8 2 53 8
8 2 33 34
8 2 35 64
8 2 7 17
8 2 3 12
8 2 51 93
8 2 57 8
8 2 25 22
8 2 7 21
8 2 29 61
8 2 3 1
8 2 52 61
8 2 15 22
8 2 43 7
8 2 63 25
8 2 65 72
8 2 51 28
8 2 47 48
8 2 53 7
8 2 27 35
8 2 49 35
8 2 41 31
8 2 1 86
3 2 33 85
8 2 50 86
8 2 27 37
8 2 41 34
8 2 64 62
8 2 19 5
8 2 49 37
8 2 12 87
8 2 52 84
8 2 21 38
8 2 26 63
8 2 45 8
8 2 65 84
8 2 25 22
8 2 52 78
8 2 3 18
8 2 71 82
8 2 70 83
8 2 29 34
8 2 69 87
8 2 3 21
8 2 35 4
8 2 51 87
8 2 45 44
8 2 19 43
8 2 25 87
8 2 38 85
8 2 68 93
8 2 27 60
8 2 19 45
8 2 27 96
8 2 19 28
8 2 13 45
8 2 65 55
8 2 19 39
8 2 74 92
8 2 33 84
8 2 27 4
8 2 47 20
8 2 7 87
8 2 31 44
8 2 27 45
8 2 28 80
8 2 29 61
8 2 24 86
1 2 55 87
8 2 43 2
8 2 1 23
8 2 68 97
8 2 21 46
8 2 42 95
5 2 55 96
1 2 41 96
1 2 61 95
3 2 61 95
8 2 58 88
8 2 59 97
8 2 18 56
8 2 33 60
3 2 62 61
8 2 65 86
8 2 71 94
8 2 42 79
8 2 39 84
3 2 53 83
8 2 61 24
8 2 67 82
8 2 45 55
8 2 1 19
8 2 41 20
8 2 49 94
8 2 27 23
8 2 51 58
8 2 9 88
5 2 13 88
8 2 19 30
8 2 21 90
8 2 31 19
8 2 39 61
8 2 7 47
8 2 52 94
8 2 37 24
8 2 70 93
8 2 33 20
8 2 51 37
8 2 37 19
8 2 27 57
8 2 43 56
8 2 53 93
3 2 67 92
8 2 1 4
8 2 1 2
8 2 31 56
8 3 59 68
5 2 74 68
8 2 70 68
8 3 35 70
3 2 62 68
1 2 61 68
8 2 43 70
8 2 70 69
8 2 45 69
8 2 48 68
8 2 66 70
8 3 14 70
5 2 22 70
1 2 21 70
1 2 28 71
8 2 21 71
8 2 28 70
8 2 26 70
5 2 58 69
8 2 45 71
8 2 24 69
8 2 31 72
8 2 61 68
8 2 59 70
8 2 42 71
8 3 9 52
8 2 68 52
8 2 70 51
8 2 20 51
8 3 27 68
8 2 36 67
8 3 44 96
1 2 58 96
3 3 45 95
8 2 49 98
1 2 67 98
3 2 59 98
8 2 61 99
8 2 66 98
8 2 64 94
8 2 53 96
8 3 21 69
5 2 35 67
8 3 26 79
3 2 26 78
8 2 29 80
8 3 35 68
3 2 49 68
8 2 38 69
8 3 6 73
5 2 15 72
5 2 35 74
3 2 49 75
3 2 23 73
5 2 44 74
8 2 56 76
8 2 67 74
1 2 66 74
3 2 66 75
8 2 43 75
8 2 7 73
8 2 62 72
8 3 10 71
8 3 28 92
8 3 18 61
5 2 47 61
3 2 25 60
3 2 42 61
3 2 17 61
8 3 24 67
8 3 51 84
8 2 55 85
8 3 55 50
8 3 1 69
1 2 9 70
3 2 8 68
8 2 56 68
8 3 8 76
8 2 10 78
8 2 15 79
8 2 16 79
5 2 51 78
8 2 42 77
8 3 52 99
8 3 6 57
1 2 6 58
1 2 21 59
3 3 6 58
3 2 11 60
8 2 11 60
3 2 52 61
3 2 69 62
8 2 65 57
8 2 16 61
8 2 44 59
8 2 8 56
8 3 56 60
8 4 59 39
8 4 29 24
8 4 2 64
5 2 11 64
5 3 26 63
8 2 42 63
8 2 11 65
3 2 24 64
8 2 15 66
8 4 31 98
3 2 48 99
8 2 41 99
8 4 23 18
8 4 9 40
8 2 25 41
8 2 39 41
8 4 49 18
8 4 35 4
8 4 26 63
8 4 55 23
8 4 17 11
8 4 41 12
8 4 35 31
8 4 15 43
8 4 55 25
8 4 19 26
8 4 49 49
8 4 5 36
8 2 13 35
8 2 9 36
8 4 52 73
8 4 23 30
8 4 35 11
8 4 1 45
8 4 5 7
8 2 17 7
8 4 41 25
8 4 5 32
8 4 43 19
8 4 11 8
8 4 41 40
8 4 43 44
8 4 21 6
8 2 29 6
8 4 31 5
8 4 1 31
8 5 31 79
8 5 51 58
8 5 36 65
8 5 37 99
8 2 62 99
8 5 54 65
8 6 21 34
8 6 13 27
8 6 11 20
8 6 29 13
8 2 37 14
8 4 31 13
8 6 35 49
8 6 35 37
8 8 1 41
8 8 31 23
8 8 27 38
8 8 27 42
8 10 55 10
8 10 5 26
8 10 21 10
8 12 5 10
6 2 5 29
6 2 39 16
6 2 33 26
6 2 15 31
6 2 7 20
6 2 51 49
6 2 32 51
8 2 43 51
6 2 41 34
6 2 43 49
6 2 6 85
1 2 9 85
3 2 11 84
6 2 43 18
6 2 14 52
6 2 47 32
6 2 23 34
6 2 51 9
6 2 37 53
8 2 42 53
3 2 41 53
6 2 4 74
1 2 9 73
6 2 10 98
1 2 15 97
5 2 30 96
8 2 13 99
5 2 12 99
3 2 37 99
6 2 50 71
6 2 9 38
6 2 19 46
6 2 37 48
6 2 50 94
6 2 49 92
6 2 7 25
6 2 41 47
6 2 17 79
8 2 20 78
1 2 28 79
6 2 21 32
6 2 11 6
6 2 35 5
6 2 42 79
1 2 41 80
6 2 15 26
6 2 17 11
6 2 41 40
6 2 3 98
1 2 45 97
1 2 31 99
8 2 48 96
6 2 13 37
6 2 7 15
6 2 18 95
6 2 56 90
6 2 41 3
6 2 43 33
6 2 49 3
6 2 25 48
6 2 15 20
6 2 25 22
6 2 25 65
6 2 25 46
6 2 51 43
6 2 45 41
6 2 51 45
6 2 53 50
6 2 55 8
6 2 9 8
6 2 51 6
6 2 27 37
6 2 19 21
6 2 23 6
6 2 30 56
3 2 54 55
6 2 25 25
6 2 7 89
8 2 19 88
5 2 20 87
3 2 20 87
8 2 29 86
8 2 16 88
6 2 33 7
6 2 33 36
6 2 31 9
6 2 45 9
6 2 49 85
6 2 43 24
6 2 13 19
6 2 29 43
6 2 17 18
6 2 29 50
6 2 29 41
6 2 40 55
6 2 41 63
3 2 69 62
6 2 33 84
1 2 49 85
6 2 17 64
6 2 47 24
6 2 47 17
6 2 25 64
6 2 3 37
6 2 5 47
2 36 9 43
6 2 35 17
6 2 11 1
6 2 27 43
6 2 37 49
6 2 33 23
6 2 11 28
6 2 28 82
6 2 27 30
6 2 27 26
6 2 12 63
6 2 7 17
6 2 41 73
6 2 35 65
6 2 37 7
6 2 21 25
6 2 21 17
6 2 43 8
6 2 44 61
6 2 44 78
8 2 57 77
6 2 27 9
6 2 11 48
6 2 45 37
6 2 35 12
6 2 35 24
6 2 35 26
6 2 5 21
6 2 45 41
6 2 13 22
6 2 35 41
6 2 57 52
6 2 31 12
6 2 4 98
5 2 41 97
1 2 24 97
6 2 33 14
2 48 29 10
6 2 13 89
1 2 19 90
3 2 25 91
3 2 13 90
8 2 46 92
6 2 31 79
6 2 25 27
6 2 11 3
6 2 35 28
6 2 51 81
6 2 27 4
6 2 23 91
6 2 58 72
6 2 13 47
6 2 48 90
6 2 29 8
6 2 17 28
6 2 4 83
5 3 3 84
8 2 57 85
8 2 4 82
5 2 14 83
6 2 12 77
3 3 15 76
8 2 63 75
8 2 55 75
6 2 36 77
5 2 50 76
6 2 37 9
6 2 37 21
6 2 47 30
6 2 3 70
1 2 2 71
3 2 31 71
6 2 31 18
6 2 31 32
6 2 9 24
6 2 34 57
6 2 35 99
6 2 40 83
6 2 17 98
5 2 52 99
6 2 26 96
6 2 51 66
6 2 51 2
6 2 9 16
6 2 25 7
6 2 39 62
6 2 45 98
6 2 25 59
6 2 9 12
6 2 21 12
6 2 17 15
6 2 29 19
7 50 29 15
6 2 13 25
6 2 47 27
6 2 29 3
6 2 25 33
6 2 25 40
6 2 9 4
6 2 3 20
6 2 51 33
6 2 3 13
6 2 25 49
6 2 21 47
6 2 27 24
6 2 43 23
6 2 41 10
6 2 15 46
6 2 31 43
6 2 25 36
6 2 25 44
6 2 15 16
6 2 20 73
6 2 29 23
6 2 37 25
6 2 33 8
6 2 23 39
6 2 43 38
6 2 3 30
6 2 39 76
6 2 17 30
6 2 23 26
6 2 17 12
6 2 23 74
6 2 13 4
6 2 7 22
6 2 11 84
3 2 35 84
6 2 21 7
6 2 33 63
6 2 47 47
6 2 1 71
6 2 19 29
6 2 41 44
6 2 1 54
6 2 33 53
6 2 57 62
6 2 17 22
6 2 25 55
8 2 34 54
6 2 11 81
6 2 40 93
6 2 43 84
3 2 58 85
6 2 35 19
6 2 49 83
6 2 58 89
6 2 17 47
6 2 14 83
6 2 55 85
6 2 1 44
6 2 15 44
6 2 7 20
6 2 19 55
6 2 12 53
6 2 9 2
6 2 62 81
6 2 35 30
6 2 14 80
6 2 17 45
6 2 21 82
6 2 8 51
6 2 59 71
6 2 23 53
6 2 13 45
6 2 59 94
6 2 32 74
6 2 33 32
6 2 65 35
6 2 27 71
6 2 11 44
6 2 47 42
6 2 19 11
6 2 19 45
6 2 11 24
6 2 10 62
6 2 44 99
6 2 68 58
6 2 1 8
6 2 39 1
6 2 5 7
6 2 3 8
6 2 68 66
6 2 55 63
6 3 48 65
6 3 60 90
6 3 5 99
8 2 5 99
5 2 22 98
3 2 22 97
3 2 42 99
6 2 49 97
6 2 11 99
6 2 36 96
6 2 34 98
6 3 55 94
1 2 62 94
6 3 1 91
1 2 61 92
3 2 13 92
5 2 18 93
1 2 29 92
6 2 52 91
6 2 50 92
6 3 18 57
8 2 62 58
6 2 62 58
6 3 18 84
8 2 45 82
6 3 34 75
6 3 57 81
6 3 23 81
6 3 7 77
8 2 31 76
5 2 33 75
6 2 10 75
6 2 45 76
6 3 14 57
3 2 13 58
8 2 60 58
6 2 17 58
6 2 41 59
6 2 57 59
6 2 47 58
6 2 51 59
6 3 18 77
6 3 5 70
8 2 4 70
6 3 37 86
6 3 13 87
6 3 48 55
5 2 48 54
6 3 30 90
1 2 54 89
8 2 56 89
6 2 31 90
6 3 34 92
6 3 10 64
6 2 27 65
6 4 27 39
6 2 47 38
6 2 47 40
6 4 13 10
6 4 31 34
6 2 41 34
6 4 29 66
6 4 51 94
6 4 12 72
8 2 14 73
6 3 29 71
6 4 26 91
6 4 29 60
8 2 31 59
3 2 49 60
6 2 32 58
6 2 59 59
6 4 5 37
6 4 37 45
6 4 5 31
6 4 37 42
6 4 21 3
6 4 19 93
1 2 33 93
6 4 37 29
6 4 27 76
6 4 35 91
6 4 42 72
6 4 23 42
6 4 1 31
6 4 9 30
6 4 41 39
6 4 39 31
6 4 41 67
6 4 15 62
6 2 29 62
6 2 20 62
6 2 25 63
8 2 25 64
6 2 46 62
6 4 1 11
6 4 31 4
6 4 1 15
6 4 13 38
6 4 19 16
6 4 58 53
6 2 62 52
6 5 33 60
6 5 2 76
5 2 13 77
3 2 6 75
6 4 25 79
6 5 22 77
6 5 33 89
6 5 12 65
8 2 20 64
8 2 14 64
5 2 16 63
6 2 36 66
8 2 62 66
1 2 61 66
6 2 32 63
6 2 34 65
6 5 41 99
6 5 45 63
6 5 6 96
1 2 10 96
3 2 9 94
5 2 9 95
3 2 19 93
6 2 10 95
8 2 30 96
6 2 16 94
5 2 31 93
8 2 30 93
6 2 12 97
6 5 38 67
6 2 53 66
6 5 27 98
6 6 1 24
6 6 12 92
6 6 7 46
6 6 3 1
6 4 29 2
6 4 23 1
6 6 33 50
6 6 1 42
6 4 5 42
6 2 15 43
6 4 17 41
6 6 39 6
6 6 24 68
5 2 23 68
6 6 15 36
6 6 19 20
6 6 33 31
6 6 15 33
6 7 45 72
6 8 17 49
6 8 18 87
6 2 45 86
6 2 25 88
6 7 23 85
6 8 19 23
6 8 19 46
6 8 23 17
6 8 31 47
6 8 9 42
6 8 41 28
6 10 15 5
6 10 5 31
6 10 9 8
6 10 43 35
6 14 25 13
6 16 1 3
2 2 5 45
2 2 7 100
2 2 9 83
1 2 9 84
3 2 56 82
6 2 12 85
2 2 9 97
6 2 14 97
2 2 7 17
2 2 7 75
2 2 5 39
2 2 21 1
2 2 37 35
2 2 30 53
3 2 43 53
6 2 48 52
2 2 27 14
2 2 15 38
2 2 7 48
2 2 5 33
2 2 44 66
2 2 9 60
6 2 40 59
2 2 27 44
2 2 3 82
6 2 8 83
6 2 28 82
8 2 57 81
2 2 29 34
2 2 31 1
2 2 15 30
2 2 17 79
2 2 47 75
2 2 11 51
2 2 46 57
6 2 55 56
6 2 50 56
2 2 19 33
2 2 38 51
1 2 60 51
6 2 41 51
2 2 11 78
2 2 25 7
2 2 33 34
2 2 13 44
2 2 29 45
2 2 37 19
2 2 5 10
2 2 13 27
2 2 9 1
2 2 27 30
2 2 5 14
2 2 25 70
6 2 33 69
6 2 40 70
2 2 27 44
2 2 18 82
2 2 29 36
2 2 37 9
2 2 19 24
2 2 19 42
2 2 35 93
2 2 17 17
2 2 27 73
2 2 28 64
3 2 42 63
2 2 9 25
2 2 25 51
1 2 24 51
3 2 24 52
1 2 29 52
6 2 44 51
2 2 13 37
2 2 31 45
2 2 25 15
2 2 11 35
2 2 5 4
2 2 33 43
2 2 24 97
2 2 5 16
2 2 17 37
2 2 5 12
2 2 31 1
2 2 23 35
2 2 23 9
2 2 25 17
2 2 47 2
2 2 29 10
2 2 34 83
2 2 37 23
2 2 7 14
2 2 35 24
2 2 25 12
2 2 21 41
2 2 25 34
2 2 15 28
2 2 49 2
2 2 3 49
2 2 34 99
2 2 34 90
2 2 3 44
2 2 11 29
2 2 3 40
2 2 33 75
2 2 43 38
2 2 14 85
2 2 36 98
2 2 36 76
1 2 43 75
2 2 33 47
2 2 33 41
2 2 44 96
2 2 19 74
2 2 39 84
2 2 33 23
2 2 29 25
2 2 17 8
2 2 39 98
2 2 16 97
1 2 21 96
6 2 29 97
2 2 3 13
2 2 13 6
2 2 12 60
2 2 50 93
6 2 49 94
2 2 51 40
2 2 17 43
2 2 38 59
2 2 19 9
7 66 13 6
2 32 5 37
2 2 11 18
2 2 31 59
6 2 42 60
2 2 38 59
2 2 29 40
2 2 41 50
2 2 21 19
2 2 27 39
2 2 25 28
2 2 31 28
2 2 41 39
2 2 10 92
5 2 18 91
6 2 39 91
3 2 43 92
5 2 42 93
3 2 38 91
2 2 41 2
2 2 20 96
3 2 33 96
2 2 41 85
2 2 45 66
2 2 21 1
2 2 1 83
8 2 13 84
5 2 48 85
2 2 21 38
2 2 31 37
2 2 1 45
2 2 19 50
2 2 19 37
2 2 19 63
2 2 41 61
2 2 23 21
2 2 23 26
2 2 31 63
2 2 57 53
8 2 59 54
2 2 48 51
2 2 1 43
2 2 47 82
2 2 45 27
2 2 15 6
2 2 16 71
2 2 1 41
2 2 13 38
2 2 27 32
2 2 1 35
2 2 42 55
6 2 42 54
1 2 41 54
2 2 42 71
2 2 36 62
2 2 1 32
2 2 41 63
2 2 23 8
2 2 13 12
2 2 1 90
8 2 32 89
2 2 40 88
2 2 17 36
2 2 50 78
2 2 17 34
2 2 20 63
2 2 27 57
2 2 21 33
2 2 48 56
2 2 22 64
2 2 37 61
2 2 52 52
2 2 23 90
8 2 28 89
2 2 8 91
2 2 42 60
2 2 19 34
2 2 25 46
2 2 47 58
2 2 1 10
2 2 14 92
2 2 21 50
2 2 27 50
2 2 11 11
2 2 9 10
2 2 11 10
2 2 36 94
2 2 1 4
2 2 53 55
2 2 30 65
2 2 30 92
2 3 46 78
2 3 17 54
8 2 54 53
6 2 55 53
2 2 43 53
2 3 5 57
1 2 9 58
8 2 26 57
3 2 16 56
6 2 16 57
8 2 35 56
2 2 53 56
2 2 24 56
2 2 10 57
5 2 32 56
5 2 14 56
1 2 18 55
2 2 17 59
2 2 26 54
2 2 27 58
2 2 48 59
2 2 23 54
6 2 24 54
2 2 43 57
2 2 20 60
2 2 33 61
2 2 19 56
2 3 38 72
2 3 12 87
5 2 11 87
2 2 22 85
3 2 27 86
6 2 36 87
2 3 21 98
2 2 27 99
2 2 34 100
2 3 27 81
2 3 29 84
8 2 28 84
6 2 28 83
2 2 46 86
2 3 28 57
2 3 21 80
8 2 20 82
6 2 20 82
2 2 23 79
6 2 29 79
2 2 22 80
2 2 19 82
3 2 21 81
2 2 30 78
5 2 29 78
2 2 26 81
2 3 8 54
5 2 28 53
1 2 8 53
1 2 16 53
1 2 21 53
3 2 7 53
8 2 16 52
2 2 24 53
2 3 34 91
2 3 31 65
2 3 31 51
2 3 27 67
2 3 23 91
5 2 27 91
5 2 35 90
2 2 47 93
2 2 45 92
2 3 29 51
8 2 44 51
2 4 17 10
2 4 5 26
2 4 28 100
2 4 17 48
2 4 43 35
2 4 1 75
6 2 3 75
6 2 26 74
3 2 40 74
2 2 48 74
2 2 23 74
2 2 26 74
2 2 39 73
2 2 34 73
2 2 30 74
2 4 5 89
2 2 15 87
2 4 17 20
2 4 14 65
6 2 27 67
3 2 23 65
1 2 23 66
3 2 15 64
5 2 22 65
1 2 14 65
8 2 27 63
3 3 14 67
8 2 15 66
2 2 35 63
2 3 41 69
2 2 45 69
2 3 43 69
8 2 44 71
2 4 21 47
2 2 23 47
2 4 19 28
2 28 27 29
2 2 23 28
2 4 9 64
2 2 21 62
2 4 37 33
2 4 25 48
2 4 7 40
2 2 27 40
2 2 23 39
2 4 27 88
2 3 36 89
2 3 40 90
2 4 13 9
2 4 27 15
2 4 3 20
2 4 31 17
2 4 1 2
2 2 15 2
2 4 39 31
2 4 11 7
2 4 1 38
2 4 1 22
2 2 9 23
2 2 23 22
2 2 21 23
2 4 10 90
2 2 16 89
2 3 23 91
2 3 20 90
3 2 19 90
2 4 10 67
1 2 32 68
2 2 40 66
1 2 39 66
2 3 35 68
2 2 36 70
3 2 39 71
2 4 23 24
2 4 17 3
2 4 23 97
2 2 37 96
2 2 42 94
2 2 39 96
2 4 3 29
2 2 17 30
2 2 31 29
2 4 27 30
2 4 24 59
3 2 23 60
2 5 2 70
1 2 6 70
5 2 13 69
6 2 4 67
5 2 3 67
8 2 2 67
2 2 8 68
8 2 8 69
1 2 16 70
8 2 18 70
2 2 48 66
2 4 17 73
6 2 16 73
5 2 34 72
3 2 25 73
6 2 34 73
2 2 16 73
6 2 25 72
2 5 7 80
2 4 29 81
2 4 11 80
2 2 25 79
2 4 14 77
2 2 26 76
2 4 24 78
2 5 23 86
2 6 3 6
2 4 7 5
2 4 5 6
2 6 19 45
2 6 23 19
2 6 19 31
2 6 25 21
2 6 9 35
2 6 1 47
2 6 37 50
2 6 43 88
2 6 7 50
2 2 21 51
2 7 16 84
2 7 26 96
2 7 34 54
2 8 11 23
2 8 14 69
3 2 16 67
2 2 19 69
6 2 30 68
2 8 3 23
2 8 3 79
8 2 14 79
6 2 3 78
6 2 4 80
2 8 7 20
2 10 19 15
2 10 13 44
2 10 1 17
2 2 5 17
2 12 5 30
2 4 25 33
2 2 27 33
2 6 29 34
2 12 9 16
2 14 23 38
2 16 19 3
2 16 11 40
2 18 26 53
7 2 28 95
8 2 46 94
7 2 29 1
7 2 29 26
7 2 29 31
7 2 14 100
7 2 15 18
7 2 13 14
7 2 25 37
7 2 13 91
8 2 18 92
2 2 33 92
7 2 11 39
7 2 15 10
7 2 17 4
7 2 17 6
7 2 9 72
2 2 27 71
7 2 7 30
7 2 32 92
7 2 33 25
7 2 29 91
7 2 9 89
8 2 8 89
3 2 12 90
2 2 29 91
7 2 21 68
7 2 22 67
7 2 6 85
8 2 6 84
1 2 16 85
2 2 35 83
2 2 23 86
3 2 40 85
7 2 23 19
7 2 23 48
7 2 21 49
7 2 23 75
7 2 29 62
7 2 29 43
7 2 31 81
7 2 31 27
7 2 21 17
7 2 5 16
7 2 34 71
7 2 11 41
7 2 4 74
3 2 16 75
2 2 7 75
3 2 13 76
7 2 11 70
7 2 26 96
7 2 10 90
5 2 9 91
7 2 26 58
7 2 26 55
7 2 32 76
7 2 11 91
7 2 3 79
7 2 3 81
7 2 27 72
7 2 33 63
7 2 33 33
7 2 30 68
7 2 12 60
3 2 12 60
7 2 27 61
7 2 24 52
6 2 23 52
7 2 28 82
7 2 2 69
7 2 9 99
7 2 23 90
7 2 2 77
2 2 22 78
5 2 21 78
7 2 23 17
7 2 2 61
1 2 33 61
2 2 1 61
7 2 5 60
3 2 5 61
8 2 10 62
8 2 32 63
8 2 20 62
2 2 5 60
8 2 5 59
7 2 5 45
7 2 15 86
7 2 1 94
8 2 1 95
8 2 13 94
2 2 16 94
2 2 19 93
2 2 1 96
2 2 5 96
6 2 22 97
2 2 8 97
8 2 8 98
8 2 23 99
7 2 31 94
7 2 1 47
7 2 29 99
7 2 35 62
7 2 19 5
7 2 20 70
7 2 3 55
6 2 9 55
7 2 3 47
7 2 21 46
7 2 17 9
7 2 35 92
7 2 36 56
7 2 1 33
7 2 37 59
2 2 36 59
7 2 36 92
7 2 18 54
7 2 1 22
7 2 1 20
7 2 33 88
7 2 33 95
7 2 29 96
7 2 29 85
7 2 11 20
7 2 23 55
7 2 34 53
7 2 38 95
7 2 13 19
7 2 12 96
7 2 13 55
8 2 15 55
2 2 15 55
7 2 38 56
7 2 1 3
7 2 31 56
3 2 30 56
7 2 25 4
7 2 24 71
7 2 32 55
8 2 32 56
7 3 23 66
1 2 22 66
7 3 16 75
2 2 28 74
7 3 21 72
7 2 32 71
1 2 31 72
2 2 30 72
7 3 21 84
7 2 35 85
7 3 1 90
8 2 9 91
2 2 16 89
6 2 10 92
7 2 17 89
7 2 19 93
7 2 25 94
7 3 28 88
2 2 33 87
7 3 22 92
8 2 22 92
7 3 23 51
7 2 33 52
7 3 12 86
7 2 21 85
7 3 42 93
7 3 23 80
6 2 22 80
7 2 24 81
6 2 48 82
7 2 34 81
2 2 37 82
1 2 36 82
7 2 25 81
7 3 23 75
7 2 25 74
7 2 25 76
7 3 11 57
1 2 12 58
7 3 26 98
7 3 31 83
7 3 29 70
7 3 2 88
1 2 20 86
2 2 10 87
8 2 25 86
7 2 35 87
7 2 23 86
6 2 22 86
7 2 24 86
7 3 28 55
3 2 32 53
7 3 29 84
7 3 2 63
6 2 2 63
5 2 5 62
3 2 4 64
7 2 8 66
7 2 15 65
7 2 7 61
2 2 6 61
7 2 16 60
7 2 17 60
6 2 23 59
7 2 31 62
1 2 30 63
7 2 28 59
7 3 19 61
7 4 8 55
7 2 19 54
3 2 18 54
6 2 22 55
7 2 27 53
7 2 29 53
7 2 31 52
7 4 19 9
7 4 7 9
7 4 3 91
7 3 10 91
7 2 38 94
7 4 3 7
7 4 18 83
7 4 29 49
7 4 27 35
7 4 24 93
7 4 1 5
7 2 3 5
7 4 13 60
3 2 12 60
7 4 37 2
7 4 30 74
7 4 2 52
5 2 1 52
1 2 1 54
5 2 4 53
2 2 5 54
7 2 9 55
7 2 9 51
7 2 12 52
5 2 11 53
5 2 24 51
7 3 3 53
1 2 7 54
3 2 6 54
7 4 30 78
8 2 30 77
7 4 29 59
7 2 31 57
2 2 30 57
7 4 27 27
7 4 35 35
7 4 32 93
6 2 34 93
7 4 15 47
7 4 9 11
7 4 18 74
1 2 21 73
7 4 21 84
7 4 1 18
7 5 17 78
3 2 22 78
7 2 24 78
6 2 23 78
7 5 28 81
5 2 27 81
7 5 6 75
7 2 28 76
6 2 27 76
7 5 6 68
7 2 25 68
7 3 15 69
2 2 16 68
7 3 26 71
7 4 26 67
2 2 36 66
7 5 18 69
2 2 22 67
7 5 24 57
7 5 11 91
1 2 10 92
7 2 15 91
7 3 15 93
2 2 20 93
1 2 33 94
3 2 19 93
7 6 11 4
7 6 25 22
7 6 12 58
1 2 16 59
7 4 19 61
7 6 1 84
8 2 12 84
5 2 22 83
6 2 2 83
6 2 20 84
7 3 13 86
8 2 16 86
3 2 20 86
7 6 31 27
7 6 16 60
5 2 16 59
7 6 3 68
3 2 35 66
7 6 11 89
1 2 14 89
7 2 14 89
7 6 27 37
7 7 3 58
5 2 3 57
1 2 4 59
7 7 15 73
7 7 6 81
7 4 12 84
3 2 12 83
6 2 27 82
7 7 16 62
2 2 18 63
7 8 21 43
7 8 11 22
7 8 13 31
7 4 21 31
7 8 15 23
7 9 15 97
7 2 19 98
7 9 8 81
6 2 23 81
8 2 25 82
7 2 31 82
1 2 30 82
7 10 25 50
8 2 26 51
7 10 3 18
7 10 16 88
6 2 17 87
7 12 15 27
7 2 17 27
7 6 23 28
7 10 19 25
7 12 7 15
7 12 10 61
8 2 20 62
2 2 19 63
2 2 14 60
7 13 11 50
1 2 18 52
7 14 1 8
7 20 1 13
7 20 1 35
7 12 3 37
7 2 7 36
7 2 5 37
7 14 15 31
7 16 7 33
7 18 9 35
7 20 1 39
7 22 3 1
7 22 1 50
7 24 9 1
7 66 7 37
7 66 1 25
4 2 7 95
4 2 30 94
4 2 29 74
4 2 33 51
4 2 30 51
4 2 39 100
2 2 38 100
4 2 8 75
7 2 19 75
7 2 27 74
7 2 16 75
7 3 7 75
3 2 16 75
4 2 32 95
4 2 28 93
2 2 28 93
3 2 27 94
4 2 13 74
4 2 7 62
4 2 5 81
5 2 7 81
5 2 12 82
8 2 21 81
6 2 18 80
4 2 28 72
4 2 1 88
4 2 1 90
5 2 1 89
4 2 11 73
4 2 1 93
2 2 10 94
1 2 9 95
7 2 13 95
4 2 21 88
3 2 20 88
4 2 24 87
4 2 9 98
7 2 14 98
4 2 25 99
4 2 2 65
4 2 2 73
2 2 6 74
4 2 8 64
7 2 17 65
4 2 5 59
4 3 2 76
7 2 6 78
2 2 17 77
4 2 7 77
3 2 7 78
2 2 17 77
4 2 20 80
2 2 19 80
4 3 4 98
7 2 4 98
4 2 8 100
4 3 25 67
4 4 2 69
6 2 9 70
4 4 3 89
6 2 14 90
4 4 6 98
4 4 9 87
4 1082 1 1
2 2 2 28
2 2 12 39
2 2 11 5
2 2 8 3
2 2 9 49
2 2 7 23
2 2 1 1
2 2 9 25
5 2 13 36
5 2 4 20
5 2 9 14
5 2 9 7
1 2 7 26
1 2 11 6
1 2 2 28
1 2 17 32
1 2 14 32
1 2 11 42
5 2 13 43
8 2 1 1
8 2 10 18
8 2 9 27
8 2 9 13
8 2 7 5
1 2 11 4
8 3 3 29
8 3 4 24
7 2 7 3
7 2 31 16
7 2 9 6
7 2 14 44
7 2 14 37
7 2 12 35
7 2 11 33
7 2 10 12
5 2 9 13
7 2 11 5
7 3 8 16
7 2 18 16
7 3 8 47
7 2 9 46
8 2 8 47
3 2 4 19
3 2 4 21
2 2 4 22
3 2 5 23
3 2 8 31
1 2 7 32
8 2 9 32
5 2 7 31
3 2 1 1
3 2 10 15
3 3 12 43
3 3 9 7
6 2 2 2
6 2 11 41
5 2 10 41
6 2 10 15
6 2 9 36
1 2 13 37
6 3 4 25
1 2 4 24
6 3 8 31
7 3 7 32
6 3 8 46
2 2 8 46
6 3 10 5
5 2 10 4
4 2 10 6
5 2 9 6
4 2 9 5
4 2 12 7
4 2 12 32
2 2 11 33
4 2 14 9
3 2 13 9
4 2 18 21
6 2 18 21
4 3 4 19
3 2 5 20
4 2 8 22
4 3 9 8
4 3 22 16
7 2 21 16
4 4 5 24
8 2 5 23
1 2 5 22
6 2 6 24
3 2 5 25
2 2 4 25
3 2 4 25
7 2 4 24
1 2 3 26
4 2 3 25
5 2 3 26
3 2 3 24
4 4 10 12
4 5 6 35
2 2 6 34
1 2 5 34
5 2 6 35
2 2 12 36
7 4 4 34
8 2 5 32
3 2 3 34
3 2 5 36
4 2 7 31
4 2 11 37
4 5 8 45
4 5 11 20
1 2 10 21
4 6 3 7
7 2 4 9
7 2 10 11
5 2 5 9
8 3 4 10
6 2 3 6
6 3 9 11
3 2 8 12
4 2 3 7
4 6 18 17
4 7 9 13
4 11 1 32
3 2 1 35
3 2 2 31
5 2 1 32
6 3 1 31
4 12 2 2
2 2 5 3
2 3 1 4
5 2 2 3
8 2 4 5
4 25 3 42
7 2 9 42
5 2 9 42
3 2 8 37
1 2 4 40
1 2 6 37
8 4 8 42
4 2 7 42
5 2 6 42
4 25 5 19
7 2 12 16
7 3 6 21
2 2 5 21
8 2 5 20
4 2 12 17
6 2 11 17
