23392
3145
5 2 50 6
1 2 8 26
1 2 96 94
7 3 34 89
5 2 52 36
6 4 3 11
6 2 52 46
5 12 13 8
1 4 50 14
6 2 3 16
2 2 7 88
6 2 6 38
4 3 30 99
5 4 87 31
2 6 46 30
2 2 14 18
4 2 33 4
1 2 67 2
2 2 2 90
3 2 100 84
2 2 97 36
7 2 94 16
5 2 65 19
1 3 82 87
4 2 96 26
6 3 16 63
6 2 1 55
6 2 77 49
8 6 45 13
1 2 52 78
6 2 84 98
4 2 42 96
6 2 9 85
4 4 42 20
4 2 28 60
4 2 31 52
3 2 1 85
1 2 52 69
1 2 46 45
6 8 20 30
3 5 57 80
8 2 79 49
4 2 99 7
3 2 97 54
7 4 18 18
7 3 66 67
4 2 18 49
8 2 38 79
1 2 35 37
2 2 79 22
7 8 17 22
1 2 54 20
7 2 41 50
6 2 47 20
3 2 37 29
7 3 31 71
4 2 35 28
2 2 25 87
8 2 57 5
4 2 86 32
6 6 68 35
6 2 69 34
3 2 14 19
2 2 44 8
4 2 1 7
1 3 2 91
3 2 18 93
4 2 54 64
7 2 78 91
2 4 74 30
7 2 14 34
8 2 86 39
3 5 29 80
6 4 49 75
7 2 92 28
5 6 90 16
7 4 92 22
4 4 59 47
1 2 16 9
1 2 4 21
7 2 19 7
8 2 90 57
8 3 31 69
1 2 54 16
6 3 61 75
3 2 85 18
6 4 15 15
4 3 37 77
5 4 73 28
3 8 40 15
1 2 51 35
7 2 34 41
2 2 75 10
8 2 75 54
3 2 1 9
4 2 81 4
8 2 39 14
4 5 77 89
3 4 90 100
1 2 47 28
7 6 95 37
1 3 35 56
8 2 48 79
4 3 97 69
8 2 25 30
4 8 73 35
8 2 53 13
7 2 76 74
5 2 92 2
3 2 3 11
7 2 25 12
3 4 45 72
1 2 73 12
5 2 93 89
3 3 19 89
5 2 87 45
4 4 57 12
5 2 88 52
8 4 14 36
8 2 43 99
7 2 86 16
1 2 71 31
2 2 30 50
8 7 64 59
8 2 45 72
2 16 58 39
2 2 65 23
7 2 5 55
7 2 67 44
7 2 12 36
5 8 80 29
6 8 35 8
4 2 23 17
1 2 78 49
8 2 59 4
4 8 19 39
7 2 33 13
4 2 78 19
1 2 46 29
2 10 64 40
5 4 69 42
8 2 85 47
8 6 65 22
1 2 36 53
4 3 12 73
1 2 41 13
2 2 12 16
3 4 66 7
2 4 62 53
7 2 37 13
4 2 32 99
6 2 44 49
8 4 13 2
6 2 82 19
3 2 63 17
8 2 83 11
6 8 40 13
8 2 16 13
1 2 41 27
8 4 60 24
4 2 87 24
6 2 78 4
6 2 11 31
8 2 74 35
3 2 81 79
7 4 16 13
5 2 84 77
6 6 41 17
1 2 52 7
7 2 27 96
2 2 18 31
7 2 17 12
3 3 31 79
3 4 93 37
5 2 89 28
7 2 85 9
6 4 63 31
5 4 37 48
2 2 92 19
8 4 46 18
2 3 86 88
4 2 18 43
1 4 37 34
7 2 90 23
6 2 71 36
5 2 42 4
4 2 70 22
7 2 51 29
7 4 70 25
3 2 41 39
4 6 69 42
2 4 41 15
4 2 49 48
5 2 8 24
7 2 78 17
3 4 44 69
5 2 61 4
3 2 80 7
1 3 86 73
2 12 16 38
5 2 48 43
3 4 73 12
3 2 29 48
6 3 73 71
5 2 39 5
3 2 13 41
6 2 73 7
2 2 22 36
3 4 55 13
5 3 65 83
4 4 26 16
7 6 10 49
1 3 85 81
6 4 2 6
6 2 54 23
8 2 31 39
6 2 70 51
5 2 22 22
1 2 78 19
1 2 11 36
8 2 41 63
8 3 68 85
1 2 67 34
6 4 7 30
8 2 47 91
2 3 22 54
5 2 63 92
5 4 86 48
2 4 36 40
7 2 92 27
5 2 90 33
6 4 39 41
2 2 52 48
5 2 81 90
5 4 48 71
4 4 71 24
1 2 25 40
6 4 73 41
4 2 76 8
7 14 55 5
4 2 57 40
3 2 71 17
5 2 42 62
3 5 55 94
1 5 21 56
3 6 63 29
2 2 33 56
7 2 32 4
2 4 79 9
7 2 30 9
8 2 72 47
4 8 61 12
3 2 61 60
3 6 38 25
5 2 16 13
7 2 65 20
3 2 68 14
4 2 77 35
8 2 25 7
2 2 60 26
7 4 55 34
7 2 38 34
4 2 84 38
6 2 60 16
2 2 20 87
1 2 68 36
1 2 27 76
3 6 34 93
4 6 7 48
1 2 56 51
6 4 35 18
1 2 82 33
7 5 67 83
7 2 22 79
4 3 56 50
3 4 48 64
6 10 66 13
2 2 7 35
3 2 23 76
7 2 80 37
3 2 1 34
1 4 61 1
6 4 10 1
2 2 40 38
5 2 33 52
8 2 30 92
8 2 20 4
6 2 77 38
2 8 68 4
6 3 18 91
6 2 60 9
1 2 1 13
1 4 89 66
7 2 23 11
3 2 60 25
5 10 18 30
6 2 49 55
7 4 35 19
2 4 4 22
4 2 68 89
7 2 29 81
3 4 45 41
6 3 43 79
4 3 9 92
5 2 36 2
5 2 96 62
8 2 68 29
4 2 39 35
5 4 47 34
7 2 10 27
5 2 65 73
1 2 48 36
2 6 84 15
3 2 3 1
6 6 54 31
4 3 76 96
8 2 66 37
7 2 4 44
4 2 56 79
8 2 56 25
7 2 68 7
5 2 7 45
2 4 64 28
1 2 59 26
8 4 60 94
3 4 19 2
7 4 42 96
1 2 10 99
3 4 18 96
4 10 53 33
4 4 79 14
7 4 58 9
1 2 17 26
6 2 34 50
5 6 75 7
3 2 28 46
2 4 15 48
1 2 8 15
3 2 42 68
4 2 13 30
6 3 78 91
3 2 47 90
8 2 74 1
2 4 11 31
7 2 3 16
7 4 36 46
8 2 21 43
5 2 13 95
7 10 2 26
1 2 22 62
8 2 1 19
3 2 69 28
6 2 49 25
5 4 16 40
3 2 45 100
2 6 9 52
1 4 11 10
4 2 15 15
6 2 71 90
4 4 53 56
2 2 45 44
7 4 18 15
1 2 6 39
4 10 37 28
5 2 62 23
7 4 2 9
2 2 23 29
3 2 12 27
4 2 95 21
3 2 31 7
3 2 3 21
4 2 81 74
5 2 77 61
3 3 23 89
7 4 61 11
7 8 25 27
1 2 76 21
2 2 66 38
3 4 74 22
8 2 82 74
7 2 29 3
5 3 67 98
4 2 16 2
8 4 71 21
1 3 78 73
6 5 35 87
2 2 48 16
7 8 32 2
6 5 8 97
2 2 8 14
7 2 45 61
6 2 72 23
5 4 58 79
4 4 60 4
4 2 78 33
8 6 30 11
2 2 65 23
6 2 3 98
7 2 42 16
4 4 26 72
5 2 71 27
8 2 50 80
1 2 35 88
2 2 53 14
3 2 34 71
6 2 48 24
1 4 67 12
3 2 40 28
4 2 33 32
4 2 50 41
4 2 57 50
3 2 54 62
2 4 68 45
6 2 54 48
8 2 16 15
2 4 4 2
4 10 44 6
2 6 76 11
8 2 57 11
8 2 87 21
5 2 21 21
8 12 13 28
7 8 10 15
4 2 13 78
4 3 4 93
2 2 35 86
4 2 20 1
5 7 8 50
2 2 52 93
3 2 22 40
4 3 78 87
6 2 20 84
7 6 55 26
6 4 77 58
2 2 23 21
2 4 20 18
8 6 29 5
6 4 47 36
3 2 40 55
8 3 63 98
8 2 61 32
2 2 65 2
4 2 11 46
6 3 55 71
3 2 80 43
4 4 15 31
5 2 24 8
7 6 89 32
3 3 59 84
5 10 35 14
4 2 60 78
1 2 45 14
5 4 16 44
6 2 12 22
6 2 77 8
2 2 56 24
8 4 55 35
6 2 25 16
7 3 41 62
7 12 5 34
1 3 35 77
5 4 37 11
6 8 51 40
4 2 73 12
7 2 6 38
4 2 58 80
5 2 14 38
8 3 10 52
2 4 62 46
8 2 82 1
7 2 90 63
5 5 61 93
2 2 63 31
8 4 39 6
4 2 17 3
6 2 4 99
5 2 44 60
3 4 9 84
3 2 7 69
3 2 80 37
2 2 53 1
4 2 41 23
8 4 44 85
5 2 34 73
3 4 24 81
1 6 23 81
1 2 17 12
4 2 31 46
7 2 17 1
3 3 65 50
8 3 23 61
4 4 1 26
8 6 33 42
3 2 5 27
2 10 21 41
1 2 37 69
3 2 64 22
4 6 35 14
2 4 60 31
5 2 49 19
4 2 6 16
1 6 39 7
4 2 29 89
8 6 42 9
1 2 87 3
3 4 26 35
3 4 32 18
6 2 49 3
4 2 92 98
8 4 8 7
4 3 16 59
6 4 48 1
4 2 73 1
6 6 4 24
6 3 52 90
7 2 25 37
5 2 26 21
6 4 12 47
5 2 28 77
7 3 6 61
3 2 13 69
4 3 24 55
5 2 60 3
1 10 66 46
8 2 67 17
4 2 15 29
5 4 36 29
1 2 66 38
5 8 27 10
6 2 15 92
5 4 65 32
4 4 21 70
2 3 58 57
2 2 47 78
4 7 24 66
8 3 30 65
6 2 57 69
8 6 73 23
2 4 5 24
6 4 48 35
8 6 32 31
5 4 44 52
3 2 21 6
2 10 21 45
8 2 18 39
1 3 33 83
1 3 30 65
4 4 16 51
7 2 62 52
3 2 33 64
3 4 62 80
8 18 61 9
1 4 30 4
2 4 44 74
7 2 39 31
6 5 47 76
4 2 17 39
8 2 57 92
4 6 14 33
7 2 57 95
8 2 29 14
6 2 45 46
1 2 13 20
5 2 56 7
1 2 54 94
1 2 27 11
5 2 40 92
3 6 33 14
4 4 4 90
2 2 34 46
7 4 2 53
1 6 33 19
2 2 2 35
6 6 60 3
6 2 5 7
1 2 79 44
7 10 9 2
2 2 72 45
7 2 36 52
3 2 2 12
5 2 14 64
1 4 52 49
4 6 27 40
5 10 23 1
3 2 86 68
1 2 14 76
1 2 5 72
3 2 5 9
8 2 52 69
5 2 66 97
1 2 5 20
3 2 74 25
6 2 4 6
7 3 48 75
7 2 42 23
2 2 73 56
6 4 46 7
7 4 29 35
3 3 20 61
1 2 60 29
2 4 43 16
1 4 22 37
6 2 72 63
6 2 55 32
4 16 12 13
3 2 30 64
8 3 21 72
2 3 52 96
8 2 35 38
5 2 41 41
3 10 51 23
4 4 35 15
2 2 32 44
6 2 9 51
2 6 1 17
2 4 66 54
7 8 54 32
1 6 5 8
1 2 75 20
4 4 75 42
1 2 9 13
7 6 58 88
8 3 48 70
5 4 29 89
4 4 28 15
4 2 40 30
4 2 29 18
6 6 62 28
4 2 37 19
5 2 54 91
8 2 49 4
7 2 31 6
2 2 45 19
4 2 45 48
3 2 17 16
7 2 37 7
7 2 1 95
3 2 5 38
2 2 11 2
8 2 28 55
7 3 35 58
7 3 58 69
5 6 61 39
4 2 72 17
3 2 38 64
3 4 29 36
3 2 45 10
6 2 61 18
7 3 34 54
7 2 40 1
5 3 4 80
7 3 62 57
3 3 17 79
3 2 49 11
8 6 6 41
1 4 11 78
6 3 37 90
1 2 27 36
3 2 14 84
5 2 22 23
8 3 12 100
8 4 44 37
8 4 15 8
3 2 56 55
2 6 28 45
4 3 66 82
3 2 55 19
7 4 27 19
6 4 47 62
7 2 12 73
1 4 16 45
4 4 82 33
7 2 61 21
6 4 62 43
4 2 31 25
1 2 25 24
2 2 77 88
8 8 60 19
2 2 34 49
1 4 11 40
6 2 10 28
2 4 2 39
1 2 40 27
5 8 38 42
4 2 20 33
8 5 48 65
1 2 26 29
7 2 10 48
4 2 21 10
4 2 28 17
6 2 8 98
6 2 70 37
2 6 62 47
1 2 61 88
8 2 65 45
7 2 48 45
3 4 51 26
2 2 81 97
1 2 7 68
8 2 65 37
6 5 44 63
6 2 56 49
1 2 59 52
2 2 73 21
1 4 82 60
2 5 46 93
6 2 56 32
6 3 27 55
2 2 50 36
8 2 26 11
6 5 66 68
2 12 48 33
2 2 55 91
3 3 53 86
8 4 27 34
3 8 50 3
5 2 43 23
1 2 17 71
3 2 68 99
8 4 71 25
8 2 3 1
7 3 18 59
5 2 25 12
7 2 70 91
8 2 16 17
4 2 38 26
5 2 52 12
3 2 24 5
8 2 30 59
4 2 3 17
7 4 68 60
2 6 47 34
7 2 62 1
8 2 26 22
6 2 23 22
3 4 14 13
4 2 2 66
8 2 9 20
6 14 7 2
8 2 46 90
3 2 15 39
5 2 37 32
2 2 26 20
3 2 23 25
3 6 18 4
5 2 34 5
7 2 70 24
1 12 28 40
6 6 29 32
3 2 69 49
7 8 7 31
5 2 1 18
3 2 21 3
8 2 73 33
8 6 64 44
7 2 52 45
2 2 67 38
8 2 39 19
7 5 26 100
8 2 25 35
6 2 20 42
7 4 41 30
6 2 43 59
3 2 24 59
4 2 67 48
1 3 31 98
6 6 20 47
7 3 9 85
7 2 22 63
7 2 75 63
3 2 33 44
8 2 53 96
1 4 57 21
2 4 46 3
1 4 44 47
4 2 61 33
8 2 24 32
3 2 6 14
5 3 27 83
3 2 24 41
8 2 26 28
3 2 72 84
8 2 1 11
5 2 51 35
3 3 53 65
3 2 36 32
2 4 57 28
7 2 12 31
5 3 49 51
4 2 43 31
1 6 19 16
7 2 9 50
4 2 2 49
6 2 43 30
3 4 25 7
1 8 57 28
2 2 42 61
2 2 61 24
8 2 70 68
5 2 49 26
2 14 39 10
7 2 52 16
6 2 12 95
4 3 45 93
3 6 35 47
8 5 51 80
8 2 49 2
2 8 11 7
2 2 63 57
6 2 46 24
2 6 18 5
1 6 40 52
3 2 37 26
1 3 29 50
3 2 2 22
7 4 68 25
7 2 60 52
3 7 27 68
3 2 46 50
6 2 34 37
5 2 43 12
6 2 65 64
6 2 71 44
8 3 6 73
2 2 38 21
4 2 25 37
3 2 41 47
8 2 24 80
6 2 70 63
2 4 40 44
7 4 45 7
4 12 45 24
8 6 49 26
7 4 41 84
3 6 23 45
2 2 10 12
8 2 39 64
5 2 42 35
7 12 49 40
4 2 59 8
4 2 24 50
4 2 43 81
2 4 9 23
4 6 38 33
1 4 51 45
4 14 15 7
5 2 49 42
8 2 36 81
4 4 51 36
2 3 14 63
7 2 19 29
8 3 37 95
3 2 51 6
1 4 23 37
8 2 45 19
3 3 70 51
8 3 16 66
8 2 22 8
5 8 9 26
6 5 29 85
7 4 23 48
4 2 33 9
1 4 22 77
1 2 31 1
5 2 51 19
8 2 26 22
7 6 7 27
1 4 13 4
8 2 12 11
7 4 37 9
1 2 28 7
2 2 32 34
3 2 47 49
3 2 13 40
5 4 40 5
4 2 31 31
2 2 40 34
4 3 23 69
6 2 3 13
6 2 18 25
7 4 28 79
1 4 45 21
4 2 77 20
8 3 73 84
6 6 46 24
4 2 1 1
5 2 25 24
4 2 26 27
6 2 12 6
8 6 19 26
4 2 37 24
2 2 3 82
4 5 39 84
8 5 29 63
1 2 41 86
6 2 21 26
6 8 27 5
4 4 47 44
2 2 48 72
6 14 61 47
5 2 39 10
1 4 26 9
3 4 36 36
7 2 58 20
6 3 63 66
5 6 5 3
4 8 40 14
7 2 37 27
1 3 39 90
8 2 25 15
4 2 56 51
4 2 31 9
2 2 82 78
8 2 50 10
7 2 60 98
6 8 37 28
2 4 54 18
3 2 79 61
7 2 16 91
7 2 9 41
7 2 20 14
5 2 16 76
8 5 31 97
6 4 42 97
2 2 24 10
8 2 34 24
2 2 54 44
7 3 14 81
2 2 35 28
8 4 32 5
8 6 41 8
5 2 6 22
2 3 47 82
4 3 45 58
4 4 57 46
5 8 4 43
6 2 27 20
7 8 31 10
4 2 72 80
7 3 34 73
4 12 46 47
2 12 22 14
5 5 68 73
4 2 52 85
3 6 24 31
2 2 43 40
8 3 21 67
3 8 10 47
2 2 14 12
7 4 37 35
7 2 16 3
3 6 30 33
5 2 55 86
7 12 31 38
8 8 42 26
8 2 49 25
1 2 62 92
4 2 30 62
1 6 71 75
4 4 42 21
6 2 34 13
2 2 1 84
2 2 36 39
4 6 51 22
7 3 41 71
4 2 28 42
8 4 23 39
1 2 16 33
6 4 4 37
4 4 5 4
1 2 20 19
3 4 27 25
8 2 42 10
5 5 14 75
7 2 12 38
4 2 7 39
2 3 64 59
3 8 57 20
3 2 24 74
3 4 11 11
3 2 7 66
8 3 8 73
4 2 24 78
3 2 31 22
2 4 38 41
2 4 34 34
1 2 31 73
8 2 19 56
3 4 33 11
5 2 44 80
1 2 15 73
6 5 13 53
1 2 22 31
4 4 18 40
7 3 26 58
8 4 47 28
3 4 35 3
1 3 14 52
4 6 68 77
6 3 57 92
3 2 2 46
6 2 20 97
8 2 48 20
8 5 2 64
5 2 24 81
1 2 55 86
1 2 17 60
1 3 61 59
7 4 51 19
7 6 13 42
4 2 22 40
1 2 29 16
2 4 74 91
3 2 67 58
3 2 38 48
4 10 40 4
6 3 73 99
8 3 48 93
3 4 15 33
4 4 40 16
4 2 28 39
4 2 20 43
6 2 54 47
8 2 80 65
1 2 35 85
6 6 9 7
5 2 30 5
1 3 58 100
5 2 59 65
3 3 68 82
8 2 13 10
5 2 49 36
2 10 34 19
2 5 23 80
6 4 18 59
6 4 24 39
5 3 34 88
3 4 61 55
1 2 40 84
2 4 33 81
1 6 13 30
3 2 4 84
1 4 8 19
7 2 12 39
3 2 42 42
6 2 55 78
3 3 51 53
2 6 39 29
7 7 6 50
8 3 72 82
4 2 76 72
6 2 26 50
4 4 26 76
6 4 22 30
8 2 41 2
5 4 3 46
5 2 7 18
1 2 72 63
4 2 59 82
8 2 16 36
2 6 46 30
3 4 26 40
5 2 20 28
8 3 32 68
2 6 48 91
5 6 36 20
5 2 34 60
4 6 5 2
1 2 34 16
4 4 6 54
8 2 48 55
6 2 37 1
5 2 7 43
5 5 44 51
1 4 6 35
6 2 10 30
1 4 42 32
4 2 41 37
8 3 14 98
8 2 77 95
7 6 3 14
6 2 25 42
4 6 5 34
5 2 8 49
1 2 8 76
6 3 33 67
8 2 40 14
2 4 3 75
6 2 44 41
7 4 15 10
8 12 32 43
2 2 19 66
4 2 23 38
6 3 38 53
3 3 32 88
7 2 11 59
8 8 9 40
3 2 65 72
3 6 9 15
1 2 2 1
1 3 70 75
4 2 73 64
2 3 58 96
5 2 1 52
5 2 44 44
4 2 1 82
2 3 68 54
6 4 39 90
3 3 1 51
6 4 31 46
3 2 43 60
7 2 2 90
6 2 35 45
7 6 7 9
4 2 31 28
7 2 72 75
6 2 23 39
5 2 15 14
3 4 14 2
3 6 7 8
5 6 30 11
2 6 4 81
2 3 22 72
4 3 28 56
8 2 34 98
8 4 28 41
2 2 60 65
8 8 20 20
8 2 88 70
5 2 31 14
5 2 6 39
3 2 4 22
4 2 57 43
6 2 16 10
7 3 56 90
1 16 1 17
3 4 30 10
4 2 26 95
8 4 37 48
3 2 6 47
5 2 38 22
3 2 47 29
5 3 65 96
6 2 56 82
5 2 59 78
4 3 18 98
3 6 8 5
5 2 50 65
4 4 45 36
2 2 4 39
5 4 1 11
1 2 7 2
4 2 21 66
7 2 71 84
4 2 21 47
8 2 8 79
5 4 2 7
6 6 34 48
4 8 6 18
5 2 6 5
4 2 1 94
4 6 52 64
2 2 34 100
3 2 16 50
8 2 33 42
8 2 75 92
6 2 9 40
1 2 39 98
7 2 33 80
5 2 11 11
5 2 8 34
5 2 38 97
2 2 37 60
5 2 45 92
6 6 36 8
7 4 10 7
5 4 11 24
5 4 36 10
2 2 38 17
1 3 50 97
6 6 5 38
8 2 68 89
5 2 9 17
8 2 9 7
6 2 17 99
5 6 20 46
8 2 19 2
4 4 3 36
2 3 24 69
4 2 15 4
1 2 3 34
4 2 2 34
2 2 37 41
6 4 14 12
7 5 45 93
4 2 2 21
6 2 17 17
6 2 3 20
1 12 33 6
7 2 40 47
6 2 32 8
2 4 3 35
6 2 7 2
7 2 54 80
8 2 16 48
5 4 46 61
2 2 48 70
5 3 34 66
7 2 57 93
1 2 36 3
1 2 7 48
8 2 41 20
5 4 29 36
8 2 38 23
2 4 21 39
3 2 65 97
6 6 14 40
5 2 48 96
5 6 9 48
1 2 22 35
5 4 62 56
5 4 8 15
5 3 2 61
5 2 16 49
8 2 71 55
7 5 70 93
1 8 32 22
5 3 62 77
2 2 9 6
6 3 72 62
7 2 20 41
4 3 1 50
8 2 14 43
6 2 36 3
3 2 1 14
6 2 24 45
3 2 7 24
7 4 27 35
8 2 2 26
2 3 5 89
3 2 18 35
4 2 15 82
7 2 32 17
4 2 11 43
3 2 63 61
3 2 41 24
5 2 15 25
4 2 16 35
1 2 49 64
1 4 35 27
5 2 58 80
3 2 25 61
8 2 11 32
7 2 14 35
7 2 21 70
1 6 27 19
1 3 51 75
4 6 13 21
8 3 30 86
6 2 50 6
6 4 10 37
5 2 28 11
7 2 1 27
2 2 70 78
2 2 6 19
7 4 45 45
2 2 22 65
5 3 23 97
3 2 68 84
1 2 27 40
7 4 26 73
6 2 29 47
6 4 14 76
5 4 18 9
1 2 4 16
4 3 23 85
6 4 37 74
4 4 4 73
5 4 12 20
2 4 25 99
8 2 48 64
2 3 20 85
3 10 12 18
7 10 19 38
5 2 15 100
4 4 12 30
1 2 43 46
6 2 61 97
1 2 39 65
6 2 29 43
3 2 16 3
4 8 6 28
1 4 34 27
6 4 22 11
6 4 34 60
8 3 49 53
3 2 40 97
1 6 16 38
5 4 14 14
1 2 43 50
4 4 9 44
4 2 76 58
2 2 66 57
2 2 4 56
5 2 68 77
2 2 47 99
6 2 13 27
3 4 31 48
4 2 51 23
7 2 39 44
3 2 28 18
4 2 42 44
4 2 64 93
2 2 25 80
4 3 33 57
4 2 15 52
3 10 18 50
2 2 4 4
4 2 2 12
5 2 3 34
2 2 72 63
3 2 29 43
6 3 25 62
7 2 10 18
6 2 26 47
5 2 16 59
6 2 49 49
1 2 39 47
8 5 32 69
5 5 19 63
6 2 38 93
7 12 27 16
5 6 22 39
4 2 68 89
3 2 66 52
1 2 43 87
5 4 7 54
7 3 3 64
2 2 20 1
8 2 16 20
5 2 16 7
2 2 11 6
2 2 18 50
8 2 40 73
2 2 11 43
4 3 4 98
4 2 20 21
2 2 64 70
8 2 10 44
3 4 1 41
2 8 16 10
5 2 56 57
5 2 29 49
1 4 21 29
2 4 26 8
2 2 2 61
3 3 65 55
7 2 2 20
7 4 31 91
3 2 13 47
7 2 57 75
5 2 46 94
5 4 35 33
4 4 57 67
8 2 6 41
8 4 16 20
6 2 37 23
1 2 30 48
2 2 7 27
2 8 5 16
3 2 44 59
2 2 30 89
5 6 26 48
5 2 16 78
3 2 22 34
3 3 21 64
1 2 6 80
3 2 25 42
7 2 24 3
8 4 6 22
7 2 23 39
2 4 46 33
7 10 3 2
4 2 1 9
8 4 57 58
6 4 33 52
3 2 16 18
8 4 25 27
3 2 27 94
5 6 1 25
2 3 31 55
1 4 27 10
1 6 17 47
1 2 11 26
7 2 6 39
3 3 67 96
4 4 6 72
8 4 45 69
6 8 35 45
5 2 9 95
6 4 37 6
3 2 54 69
7 4 15 17
5 2 49 91
7 2 30 58
6 2 40 53
1 2 6 42
4 3 39 54
1 2 59 95
2 9 39 51
8 3 37 100
7 2 10 9
3 4 21 8
3 2 36 44
4 2 31 6
7 6 51 60
7 8 11 26
2 2 31 45
5 3 26 59
7 2 4 99
1 2 13 21
2 2 5 40
1 2 39 6
7 2 11 6
1 2 1 96
1 2 18 1
7 2 8 11
5 10 29 6
6 4 1 42
8 6 5 35
7 2 31 63
1 2 61 75
3 6 7 32
6 2 50 80
7 10 14 21
2 4 2 19
4 3 17 89
6 2 68 89
6 6 15 65
5 2 30 47
4 4 35 25
6 3 17 83
8 6 6 33
8 3 2 70
7 2 12 53
2 10 28 45
5 8 31 22
1 3 12 69
1 14 17 12
5 2 12 32
2 2 26 2
2 2 21 7
1 2 31 31
3 3 35 76
7 2 54 82
5 2 24 21
2 4 6 33
6 3 58 61
6 4 7 33
1 2 9 6
7 2 62 57
7 2 28 28
8 2 8 60
7 6 42 43
3 6 18 38
5 2 30 30
3 4 9 30
3 2 61 86
5 3 58 67
2 6 34 17
8 2 15 42
4 4 12 44
8 2 20 73
2 4 2 13
5 4 25 41
6 2 14 64
1 2 46 37
2 4 16 37
7 4 25 43
7 4 13 43
1 2 29 36
5 2 54 79
4 9 43 65
6 4 7 19
7 2 19 40
5 4 34 24
3 2 31 18
8 6 2 26
6 2 11 42
1 2 31 71
3 2 29 36
5 2 12 48
1 2 7 21
1 3 43 66
4 8 16 29
4 6 32 29
1 4 34 36
1 5 18 50
7 4 5 5
7 2 51 78
7 2 7 15
7 3 33 88
1 2 2 35
1 4 13 91
8 2 31 79
1 2 64 98
7 2 24 20
6 6 8 21
5 3 37 52
4 5 5 52
5 2 2 36
2 2 9 50
3 2 20 37
8 3 50 85
6 6 11 49
6 2 18 73
3 2 47 100
4 4 17 96
2 2 25 27
3 3 73 86
3 2 8 94
4 2 72 66
3 3 5 59
6 3 21 58
2 10 10 24
6 2 18 96
5 4 17 82
5 2 15 17
2 2 5 44
3 4 26 24
6 2 13 43
4 6 7 25
5 2 58 96
2 2 59 100
4 3 9 72
3 2 16 10
2 6 20 13
5 4 6 28
4 4 20 18
3 2 11 45
8 2 16 2
7 4 15 44
6 2 28 43
1 6 5 36
1 8 1 9
7 2 50 99
8 8 14 41
1 2 62 63
2 4 8 10
1 2 15 16
8 2 22 4
2 6 5 80
8 2 20 55
8 3 7 58
5 3 48 75
8 4 16 64
3 2 78 87
7 3 41 67
2 2 19 24
4 3 31 74
5 2 20 29
6 2 1 44
7 2 21 2
5 2 12 40
7 2 47 52
3 7 14 87
1 2 3 40
7 7 6 50
5 2 60 100
7 2 3 30
7 6 5 91
4 6 6 46
4 10 6 21
4 4 29 53
1 2 36 99
3 2 57 92
5 2 20 13
6 4 9 20
5 2 9 39
2 2 4 41
4 4 15 32
7 2 71 56
2 8 15 29
2 2 6 1
7 5 38 84
5 2 15 63
4 2 26 75
8 2 8 26
7 2 8 43
4 2 25 6
6 2 2 34
1 8 5 46
6 2 20 10
1 2 61 57
5 4 8 41
2 2 39 52
3 2 25 28
5 2 4 26
5 2 72 77
5 2 17 18
3 4 16 7
5 2 15 34
3 2 4 49
8 2 14 13
2 2 11 24
6 2 64 85
7 2 32 59
1 2 4 5
6 4 60 54
7 2 26 53
6 2 65 76
3 2 7 59
2 2 23 3
7 2 20 36
6 2 23 51
3 4 20 32
3 2 58 88
3 2 25 31
5 3 15 88
5 10 16 25
8 2 9 34
5 2 10 12
5 2 20 53
2 4 8 92
2 2 28 84
8 2 8 36
6 4 23 29
4 2 19 8
1 2 43 71
6 3 36 65
7 2 7 60
5 2 20 16
2 2 20 37
4 2 16 23
7 2 31 65
1 2 17 50
7 2 21 98
5 2 59 70
4 2 8 69
5 5 58 89
6 6 4 5
7 2 7 34
1 4 5 20
8 4 26 30
7 14 11 26
2 4 1 26
4 2 15 41
7 4 23 31
2 2 14 42
1 2 51 62
4 18 10 10
6 4 38 66
1 2 12 31
6 2 47 81
6 4 48 72
6 2 10 6
3 8 3 39
7 2 26 66
5 2 23 95
3 3 1 61
1 2 5 8
7 4 22 47
1 2 15 100
4 2 18 25
7 2 57 71
5 2 62 84
8 2 63 97
5 10 3 32
4 3 42 63
3 8 24 16
2 8 5 35
5 4 13 1
8 6 3 4
6 2 20 65
3 2 23 47
4 2 17 15
3 2 10 7
1 2 4 37
8 2 8 12
4 6 12 8
3 3 29 87
6 6 5 4
2 2 11 28
8 2 57 76
4 3 38 53
2 2 26 54
7 3 4 78
2 8 8 45
1 2 8 11
4 2 16 62
2 6 6 48
1 2 6 12
1 8 12 43
2 2 11 92
6 2 45 98
7 2 13 18
3 3 23 77
3 6 11 41
7 3 59 84
2 2 24 32
6 2 11 5
1 2 27 70
6 4 1 90
8 2 36 99
4 2 18 65
4 2 6 8
4 4 50 90
5 3 3 54
3 18 8 43
4 3 53 67
5 2 12 47
7 2 13 26
1 4 30 37
6 2 43 97
7 2 25 69
4 2 13 64
2 2 12 7
4 4 9 27
2 2 66 71
6 5 2 78
8 2 2 2
8 2 48 84
6 2 56 60
6 2 17 77
6 2 30 33
4 2 6 17
1 2 16 31
8 2 55 98
6 2 60 58
5 3 24 95
3 2 38 81
6 4 21 32
4 2 4 12
1 5 39 53
5 6 7 23
8 2 7 15
4 12 8 1
8 3 46 91
3 2 51 97
8 2 38 89
2 5 28 52
6 2 17 17
2 2 29 37
1 2 12 91
4 2 19 12
6 2 1 20
1 6 23 52
8 2 15 50
1 3 53 93
4 3 57 76
2 2 44 63
4 2 1 4
5 2 22 17
2 4 29 66
7 2 21 43
7 2 15 29
3 2 51 79
4 2 8 5
2 2 47 70
7 3 45 81
6 2 11 32
1 4 7 25
7 4 12 30
4 2 30 38
4 2 18 28
5 2 47 87
6 10 4 24
7 4 36 49
7 3 28 92
6 4 18 3
4 4 15 37
4 2 21 46
1 3 32 92
1 4 23 21
5 2 4 2
7 2 18 60
4 2 41 99
2 2 10 100
3 2 9 33
4 6 6 49
2 2 49 62
7 4 26 75
6 4 26 73
7 2 16 22
5 2 9 80
3 4 6 13
8 2 5 56
3 2 62 86
1 4 19 46
4 2 18 18
5 2 24 49
3 2 29 98
4 2 9 21
3 4 1 36
6 2 56 72
3 2 56 77
6 4 13 12
1 2 2 41
8 2 16 12
6 2 24 83
4 2 28 76
4 2 6 95
4 2 15 6
2 2 25 53
4 2 25 89
2 2 30 1
5 2 19 44
8 2 14 91
8 3 9 73
6 2 4 99
7 2 17 70
1 2 5 63
5 2 58 72
4 4 36 63
4 4 11 49
3 3 26 69
1 2 9 56
7 3 55 60
3 2 37 96
3 2 32 86
5 2 5 20
8 2 21 44
6 3 51 94
7 2 14 11
7 2 2 5
2 2 29 33
7 2 73 70
6 3 30 98
5 4 2 20
1 12 5 23
3 4 28 75
5 2 1 36
8 2 56 54
5 3 45 55
1 3 34 89
1 2 10 3
2 3 6 95
1 2 9 17
8 2 16 15
5 2 13 9
2 4 26 33
4 2 50 51
7 2 1 37
7 2 7 47
6 2 18 44
3 4 7 49
5 2 21 65
1 3 44 75
2 2 68 56
3 2 40 71
7 2 12 99
5 2 60 93
2 2 26 63
7 5 1 85
8 2 50 95
8 2 40 99
6 2 4 90
8 6 9 38
6 16 7 34
4 2 11 54
6 2 41 91
6 4 47 95
1 6 53 57
3 2 4 1
8 2 2 34
4 4 49 60
3 2 21 90
7 4 9 49
4 2 27 3
3 4 5 18
5 3 7 65
8 2 14 29
7 6 20 3
3 2 11 55
2 3 46 57
7 2 11 54
5 2 13 79
2 4 36 73
5 2 33 23
3 2 8 18
5 5 44 70
2 8 2 46
1 2 14 6
8 2 4 28
1 4 9 42
6 3 32 90
5 4 17 27
8 2 1 95
6 2 22 23
8 6 5 11
5 2 48 65
3 2 60 87
8 3 15 70
4 5 24 69
6 2 52 69
2 2 41 92
2 2 14 46
5 2 56 91
8 2 24 36
6 5 29 86
4 2 15 45
4 2 2 72
1 2 52 95
1 2 54 70
5 6 11 51
6 4 24 68
2 2 1 10
7 3 15 98
7 2 8 17
2 4 54 59
1 2 33 53
5 2 22 6
7 6 3 34
1 4 3 40
6 4 22 76
7 2 16 43
2 2 44 77
3 4 6 9
8 2 16 80
1 2 18 29
6 6 3 9
3 2 51 65
6 2 14 53
2 2 47 70
2 2 10 17
3 2 6 23
8 2 8 70
2 4 16 6
4 2 5 6
8 2 1 45
1 4 9 12
4 3 13 51
6 2 9 34
3 2 12 3
4 2 50 60
6 2 7 74
3 2 25 82
3 2 14 14
5 2 52 90
5 2 34 68
8 2 45 55
5 2 18 47
3 2 53 59
7 4 51 53
7 2 6 11
8 2 4 31
6 3 10 71
2 2 43 81
8 4 1 17
4 2 15 47
3 3 4 87
2 2 16 66
1 2 4 17
2 2 17 44
5 2 45 69
3 2 9 19
8 2 1 23
5 3 43 97
8 4 11 7
7 8 3 5
5 2 8 7
4 2 7 45
5 2 2 16
2 2 2 20
2 6 7 38
8 2 47 67
8 2 19 78
4 2 21 69
2 3 7 51
4 4 49 93
5 4 9 2
1 2 37 55
5 4 2 8
6 2 3 45
4 4 22 93
5 2 36 49
3 3 39 75
3 2 2 26
2 3 45 59
6 4 5 91
6 3 8 68
8 3 39 73
4 2 42 78
1 2 18 82
4 4 10 43
7 3 30 76
8 4 14 47
4 4 6 17
5 2 2 1
2 3 5 58
8 4 12 32
1 2 34 71
7 2 8 19
7 2 5 71
1 3 25 84
4 2 4 22
6 2 1 3
1 3 5 57
1 2 8 2
7 2 44 53
4 2 11 73
7 3 17 63
4 2 37 64
2 2 7 6
5 4 27 57
6 2 2 17
3 2 33 63
2 2 4 2
3 2 6 25
2 2 28 67
7 2 1 19
7 2 35 79
2 3 32 94
8 2 2 4
7 12 5 14
5 8 4 13
5 2 31 97
6 2 15 92
4 2 15 36
5 2 60 69
2 2 12 41
8 3 37 71
1 5 42 81
5 2 16 44
5 4 8 42
5 6 3 31
6 3 41 84
3 2 9 21
6 4 5 42
1 6 43 53
2 4 14 21
6 3 39 84
6 4 6 38
1 2 11 56
3 2 2 31
2 2 18 1
7 2 52 76
5 4 3 3
2 2 18 75
8 6 14 35
8 2 29 90
2 2 37 92
2 4 18 28
4 2 31 66
1 2 43 50
2 2 1 49
3 2 47 53
8 2 15 98
6 2 5 28
4 2 8 49
8 2 28 51
6 2 8 4
4 2 49 80
4 2 5 83
8 2 52 56
3 2 8 27
3 2 14 33
4 4 18 1
3 4 25 75
1 2 9 46
8 2 56 66
7 4 10 35
8 5 8 86
4 2 1 16
7 3 20 90
4 2 29 96
8 2 4 36
7 2 28 96
6 4 12 79
4 2 37 91
4 2 44 61
1 5 6 51
3 2 6 23
7 2 44 95
8 2 44 50
5 2 4 18
8 2 8 5
4 2 4 17
5 3 25 71
7 2 37 65
5 2 5 41
2 4 5 5
7 2 11 46
3 2 2 6
1 2 25 54
2 2 11 67
4 4 7 17
7 2 3 7
3 2 31 49
1 2 1 46
5 4 29 95
8 4 8 78
6 2 12 91
2 2 29 77
8 2 9 57
7 3 15 74
3 2 8 52
4 6 31 97
7 6 1 26
1 3 9 63
6 3 2 63
8 2 49 80
2 2 6 52
8 12 1 42
2 3 6 49
7 2 13 1
6 6 1 15
5 2 6 44
5 2 2 25
8 4 27 84
5 2 47 65
8 2 50 55
1 3 13 69
4 3 7 81
5 2 2 35
4 2 9 8
7 4 37 73
8 4 20 18
1 6 4 83
4 4 18 18
6 2 26 90
8 2 10 44
4 2 45 69
8 2 22 49
8 2 35 92
7 4 6 17
8 3 19 70
4 2 6 89
8 2 8 50
7 3 17 50
3 3 19 70
5 4 8 35
3 2 39 59
5 2 18 96
5 2 1 15
7 2 43 94
8 2 3 24
5 2 27 62
3 2 4 31
1 2 32 77
8 2 19 76
8 2 43 95
1 2 48 55
4 2 34 65
8 4 8 30
2 3 16 59
1 3 25 68
8 2 8 28
3 3 15 97
8 4 8 34
3 2 18 74
2 2 22 71
7 2 52 76
7 2 13 53
5 6 29 73
4 4 2 33
2 2 3 36
1 3 8 75
5 4 3 37
8 4 39 59
1 4 7 4
6 2 48 69
8 2 25 49
7 3 22 49
1 2 41 76
4 2 9 55
5 2 32 79
6 2 5 7
7 2 12 30
5 2 41 92
7 2 9 54
6 2 3 9
3 2 47 91
6 2 15 89
7 2 24 84
3 2 44 96
8 2 5 18
6 3 2 74
7 2 26 70
1 4 2 20
6 2 8 36
8 2 3 42
4 4 16 23
4 2 5 93
8 2 1 85
4 2 5 77
1 4 9 16
1 3 21 89
5 2 6 73
4 3 25 93
1 3 33 93
1 2 20 51
1 4 19 88
8 2 34 55
3 2 13 30
7 2 17 92
8 2 36 65
4 4 10 47
8 2 50 60
3 2 34 73
8 4 2 21
1 2 5 26
6 2 2 19
3 6 3 43
8 2 19 90
6 4 11 85
2 3 5 67
3 2 5 90
8 4 1 11
2 3 13 73
8 4 2 46
3 3 7 81
3 2 41 55
7 8 5 20
4 2 38 97
2 2 2 16
5 2 16 78
1 2 1 52
2 2 8 82
1 2 3 10
6 2 30 85
4 2 33 53
2 2 7 3
7 2 2 33
2 2 42 56
3 2 7 59
4 8 3 36
6 3 34 59
1 3 24 71
8 2 44 69
7 2 8 32
5 2 2 20
6 2 25 86
3 8 8 6
6 2 46 80
6 2 42 64
4 2 26 71
7 2 2 28
2 3 29 84
1 6 19 77
2 2 3 23
3 2 24 64
3 2 7 42
8 2 19 23
6 2 30 78
6 2 30 92
1 2 6 36
4 4 1 27
1 2 14 29
3 3 27 88
7 4 8 10
7 2 1 1
4 2 39 54
6 2 27 50
5 2 8 97
5 3 9 55
4 2 8 27
4 2 28 83
2 2 9 12
5 2 16 89
8 3 49 85
2 2 17 62
7 2 4 33
5 2 25 86
8 2 35 82
1 2 17 96
8 2 14 76
3 2 5 23
5 2 17 64
5 2 48 83
4 2 41 98
7 2 37 69
7 2 4 24
5 2 1 82
3 2 6 75
5 4 3 73
8 2 52 68
1 2 20 65
1 2 22 76
2 4 2 29
4 2 27 75
2 6 4 32
8 2 2 44
1 5 24 56
7 2 6 27
4 2 38 73
1 6 13 93
5 4 10 15
7 2 13 84
7 3 11 73
7 2 40 65
7 2 19 93
4 2 10 91
2 2 13 73
7 2 2 22
1 2 6 96
8 2 11 3
2 4 1 7
5 2 3 34
8 2 5 77
3 2 1 10
1 3 25 62
1 2 9 94
8 2 40 74
6 3 22 93
2 5 34 64
2 3 42 81
6 2 11 32
7 2 43 85
8 2 21 89
5 2 32 95
5 5 19 49
2 4 1 40
8 2 18 73
8 2 7 2
2 2 3 35
4 2 1 41
4 2 25 92
5 2 32 54
5 2 16 61
7 6 14 22
6 2 11 70
6 3 15 76
1 2 36 59
5 2 12 91
2 4 24 50
6 2 14 92
6 10 5 21
5 2 1 4
5 3 20 80
5 2 35 97
3 3 24 74
8 3 45 66
3 4 3 21
8 2 14 66
2 2 49 85
6 4 2 40
6 2 1 15
6 3 15 62
2 3 4 75
1 2 30 57
8 7 16 59
6 4 33 68
1 2 4 86
5 2 2 6
2 2 25 88
5 2 16 78
4 2 35 66
1 2 15 60
8 2 3 7
4 6 8 32
2 2 21 68
4 2 27 71
7 3 28 88
3 2 38 78
3 2 27 58
5 2 26 52
5 2 22 50
4 2 39 63
8 2 10 1
8 3 47 80
1 2 48 67
5 2 43 52
3 2 29 51
8 7 3 45
3 2 12 60
8 4 4 1
3 2 14 75
3 2 13 94
3 4 19 69
2 2 44 64
4 2 6 44
4 2 4 26
4 3 24 54
1 4 2 8
6 2 18 81
2 4 4 26
2 3 36 91
7 4 2 40
4 2 1 41
2 2 23 73
4 2 16 89
4 5 42 53
5 2 3 21
5 3 44 60
1 2 2 31
5 2 24 62
4 3 27 55
8 2 30 81
7 2 1 6
4 2 5 2
5 2 17 69
2 3 12 60
7 4 21 55
1 2 43 59
1 10 8 26
5 2 10 38
4 6 1 21
5 3 1 61
2 2 10 65
6 2 23 61
2 2 30 83
6 2 45 82
8 2 33 63
8 2 10 47
3 4 3 29
3 3 28 88
3 2 2 47
5 2 27 83
4 8 3 7
6 3 9 88
2 2 32 45
6 4 30 47
7 5 4 51
3 2 2 20
8 2 37 78
2 2 18 67
8 2 39 56
4 2 6 37
4 4 14 66
6 3 14 74
2 2 10 80
1 2 1 40
5 2 23 64
8 2 4 7
4 2 25 66
4 6 3 36
4 2 35 50
8 2 36 74
2 4 3 50
7 2 38 84
2 3 25 92
3 3 15 59
2 2 28 73
4 2 17 80
8 2 6 9
6 2 12 51
7 2 1 27
5 3 12 54
4 2 27 61
5 2 32 88
1 2 1 15
6 4 30 75
7 2 18 65
4 2 18 64
1 3 18 90
5 2 35 53
3 3 18 73
2 4 1 20
7 4 1 33
1 2 25 55
1 2 23 66
6 2 19 77
7 6 6 30
1 2 40 58
5 2 13 80
7 3 7 56
4 2 26 84
4 2 20 72
2 2 1 84
5 2 22 66
7 2 49 77
4 2 20 46
8 3 18 72
7 2 5 12
1 3 25 82
6 2 29 53
4 2 2 2
2 2 19 73
5 2 1 26
6 2 21 46
8 2 10 81
7 2 18 87
5 3 24 82
3 2 8 43
8 3 20 66
4 2 24 81
8 2 40 64
1 3 38 58
7 4 1 35
1 2 23 86
8 3 12 60
7 4 33 73
3 2 26 52
4 2 30 40
1 3 5 81
6 2 10 48
1 4 1 10
2 2 2 16
4 2 17 59
7 3 2 72
1 2 3 12
4 3 24 76
2 2 33 67
1 3 9 54
3 4 2 50
7 2 24 70
1 4 6 59
5 2 4 21
7 2 10 68
7 4 2 2
6 2 24 78
2 2 15 54
4 2 3 2
8 2 3 68
2 2 27 71
6 3 39 42
4 2 20 75
6 3 20 75
1 2 31 35
2 2 23 49
5 3 42 70
4 4 28 66
7 2 15 59
4 2 11 70
4 2 1 3
8 4 2 15
5 3 16 54
3 2 39 41
2 3 7 71
3 2 35 38
7 2 23 34
2 5 9 41
1 3 28 59
7 5 10 49
7 2 24 50
2 7 18 71
8 2 2 26
4 5 23 73
3 6 1 23
3 2 3 30
5 4 13 48
7 2 30 41
2 2 43 65
1 2 4 62
7 2 17 68
3 5 22 70
4 2 24 45
6 4 4 12
7 3 28 32
8 2 22 69
3 2 16 59
8 3 25 41
7 2 16 71
6 2 26 58
7 2 34 42
6 3 3 62
4 2 30 35
3 2 14 67
5 6 3 2
8 4 24 71
4 2 14 57
4 2 22 62
7 2 10 35
2 3 27 77
1 2 10 52
3 2 9 29
5 3 9 47
5 2 26 65
4 2 11 37
4 2 6 71
5 2 17 59
8 2 20 50
6 2 19 46
8 2 7 72
5 3 5 56
4 10 4 12
3 4 23 73
6 2 30 61
4 2 13 45
1 3 36 59
3 8 3 2
5 2 5 69
1 4 35 34
2 2 8 16
6 8 2 17
8 2 6 32
2 3 29 67
3 2 8 62
3 2 24 41
2 2 16 36
5 2 8 43
4 3 28 49
4 2 22 52
5 2 1 1
8 2 21 68
2 2 44 33
5 2 41 27
6 3 40 52
3 2 17 66
5 2 22 48
5 2 11 53
1 2 40 52
4 3 2 46
2 2 2 3
7 4 12 52
6 2 31 57
5 2 18 26
1 4 27 23
3 2 21 68
7 3 20 35
3 2 24 56
2 2 7 48
6 3 17 67
4 3 23 42
4 2 36 66
3 2 33 41
4 3 3 56
5 2 19 66
3 3 15 34
1 2 14 24
1 2 9 53
5 6 4 6
1 2 15 27
8 2 2 49
8 2 1 19
4 2 12 18
6 2 15 34
8 4 18 29
1 2 7 22
1 2 1 6
2 4 18 25
8 4 14 36
3 8 5 11
2 6 1 11
1 4 1 15
8 4 8 36
4 2 7 41
5 2 15 27
8 2 10 28
2 3 26 33
8 2 22 50
7 2 15 45
8 2 16 51
3 4 1 9
3 2 28 52
4 2 22 43
3 3 5 22
2 2 8 18
4 4 27 47
2 4 5 12
6 2 10 60
6 2 3 18
2 2 39 51
3 2 28 30
8 2 12 26
7 2 6 21
8 3 24 14
8 3 18 62
5 2 22 61
7 3 12 44
2 3 32 52
5 2 28 46
3 2 6 22
5 2 1 6
2 2 7 58
8 3 13 21
1 2 20 38
4 2 14 54
5 2 29 42
2 3 16 13
1 2 17 24
3 2 16 15
6 4 31 28
1 2 21 37
3 2 16 31
5 2 34 43
8 2 13 55
2 2 11 39
1 3 20 57
1 2 32 51
2 3 20 33
1 2 30 29
3 2 3 52
1 2 6 27
4 3 16 13
2 4 19 36
7 2 1 12
4 3 24 40
1 2 12 35
8 2 26 58
6 5 15 42
3 2 7 15
3 2 8 32
5 3 26 41
7 6 18 23
6 2 24 48
6 6 2 7
3 2 9 45
3 2 4 8
3 2 27 16
6 2 7 39
1 3 9 18
6 5 27 46
1 3 18 31
2 2 9 14
5 3 32 22
1 3 2 44
3 2 37 22
8 2 3 52
4 2 21 12
4 2 10 39
3 2 18 12
4 2 8 21
7 2 2 6
1 2 13 53
3 3 18 24
1 2 1 6
6 2 1 40
2 2 33 46
6 2 22 24
3 2 24 35
6 2 34 20
4 3 21 14
5 2 19 41
1 2 17 46
1 2 7 56
1 2 18 44
8 2 25 45
3 2 16 51
3 2 25 50
5 2 8 16
7 2 16 49
1 2 18 23
8 4 3 34
8 2 23 36
3 2 29 28
8 2 19 9
5 4 18 47
4 2 24 17
7 2 30 25
3 3 16 45
4 2 20 50
7 2 9 13
5 2 34 43
1 4 19 36
8 2 22 24
4 2 14 18
6 2 25 14
8 3 20 35
7 4 7 50
2 2 4 5
5 2 5 22
5 2 7 34
4 2 2 42
7 2 7 39
3 2 3 32
5 2 25 13
1 2 12 35
3 3 7 47
2 2 27 53
8 3 10 15
5 3 17 38
5 3 30 26
2 3 13 19
6 2 19 28
3 2 20 23
8 3 15 46
2 3 23 42
1 2 23 19
2 3 12 39
4 2 3 16
1 2 15 55
3 2 10 50
2 2 22 24
7 2 20 56
3 3 5 36
7 2 17 15
8 2 11 46
8 2 9 46
3 2 24 32
7 2 4 22
7 2 11 46
2 5 14 30
8 4 17 53
5 2 23 44
6 2 3 42
1 2 15 44
1 2 22 43
1 3 12 18
7 2 13 21
8 4 18 22
1 2 21 56
7 2 16 45
1 4 22 34
3 2 13 19
4 3 17 42
5 2 22 20
7 2 20 41
2 2 8 52
8 2 16 14
6 2 15 15
2 2 12 53
4 2 21 52
7 4 4 4
5 2 20 8
2 2 3 50
5 3 11 43
8 2 18 29
7 4 21 17
4 2 16 54
2 2 17 42
4 2 7 54
7 3 6 45
1 3 9 39
2 2 18 20
8 2 15 41
3 2 14 54
1 2 14 48
2 2 16 17
4 2 4 38
1 2 10 44
5 2 20 31
3 2 29 30
8 4 1 3
4 3 9 12
7 2 17 51
1 2 9 36
2 3 16 51
8 2 20 14
5 2 18 40
4 2 5 14
4 3 7 37
1 2 2 1
8 2 15 51
3 3 19 12
4 2 13 23
5 2 14 15
6 2 19 16
3 2 14 39
6 3 11 17
7 2 16 39
6 2 26 9
2 2 18 30
5 2 15 44
1 3 16 41
7 4 13 37
6 2 1 3
2 2 15 31
8 2 10 48
5 2 11 23
1 3 1 18
2 2 2 2
2 2 21 26
3 3 11 10
3 2 10 13
5 2 6 40
1 2 11 31
4 2 11 14
3 2 17 26
4 3 17 22
7 3 18 27
6 2 18 5
2 3 9 20
2 2 26 23
1 2 22 33
1 2 5 10
6 3 5 16
7 2 23 22
1 5 10 18
4 2 10 30
3 2 19 45
7 2 19 32
1 2 9 44
6 2 24 23
2 2 18 45
8 2 11 19
6 2 21 7
6 2 17 19
8 2 2 16
1 2 22 40
6 2 10 9
4 2 10 41
5 2 7 9
1 2 9 37
8 2 19 18
7 2 6 17
1 2 3 44
2 2 7 31
7 3 9 30
7 2 20 21
3 2 16 8
5 2 15 50
3 2 4 44
3 2 17 40
3 2 7 9
8 2 5 8
8 2 16 6
5 2 7 51
1 4 12 40
6 3 15 4
4 2 23 22
3 2 2 37
5 2 9 29
8 3 19 44
2 2 4 26
8 2 10 50
6 2 12 26
5 2 10 8
8 3 20 26
6 2 11 7
2 2 10 6
2 2 12 15
3 5 8 40
6 4 3 26
6 3 12 34
2 2 5 12
5 2 17 18
7 3 13 11
2 2 16 17
1 2 15 49
4 4 11 50
5 2 19 7
2 4 7 9
1 2 19 39
3 3 16 21
5 2 10 15
1 2 12 33
4 2 19 39
5 2 14 3
2 3 4 29
2 5 8 41
6 2 12 28
7 3 1 28
2 2 4 15
6 2 9 13
3 2 11 21
4 2 13 28
3 3 12 33
1 3 18 48
3 3 2 1
5 3 6 16
7 2 13 38
4 2 3 36
6 2 19 34
4 2 7 31
8 2 17 39
8 2 19 24
5 2 4 30
6 2 23 3
7 2 13 19
5 2 5 41
3 2 13 3
2 2 2 13
1 2 5 27
2 2 18 4
2 2 8 16
5 3 1 36
4 2 7 4
8 3 7 8
7 2 11 24
4 2 8 48
5 2 7 41
6 3 14 4
7 2 4 2
6 2 16 31
6 2 16 34
6 2 4 35
3 3 3 14
2 2 11 28
6 2 10 14
8 2 6 5
7 2 8 33
3 2 8 17
4 2 11 13
3 2 10 36
2 2 2 25
8 2 11 3
6 3 17 24
8 3 10 28
8 2 13 39
5 3 10 36
4 2 10 26
7 2 14 43
8 2 6 34
7 3 8 11
4 3 13 37
1 2 15 10
7 2 15 2
4 2 12 29
2 2 10 49
2 2 5 36
5 2 9 28
6 2 7 7
2 2 6 1
5 2 13 11
4 2 19 5
1 2 10 25
7 2 7 16
8 2 8 5
3 2 8 6
8 2 3 39
4 2 10 31
1 2 13 40
7 2 13 17
1 2 2 16
3 2 13 1
1 3 7 7
8 2 10 14
2 3 6 7
5 2 2 43
6 2 5 39
7 2 3 43
3 2 10 50
5 3 10 25
1 2 13 19
8 2 14 31
3 2 13 50
8 2 7 26
6 4 8 48
8 2 21 22
7 3 8 5
7 2 6 13
6 2 9 12
2 2 9 44
3 2 11 13
2 2 14 17
5 2 10 27
7 3 16 18
4 2 9 39
3 2 5 3
2 2 10 24
3 2 7 25
7 2 8 40
7 2 12 7
1 2 9 13
4 2 5 39
4 2 5 43
2 2 13 14
2 2 15 50
4 3 1 14
5 3 4 14
6 2 10 1
5 2 17 13
3 2 12 6
6 2 3 39
8 2 6 42
1 2 7 26
6 2 15 45
3 2 14 12
3 2 9 12
2 4 8 13
5 3 14 4
3 4 6 8
7 2 13 25
8 2 7 12
1 2 5 1
2 2 12 3
2 2 18 19
2 2 7 24
5 2 17 22
6 2 12 6
2 2 6 45
2 2 6 11
6 2 10 13
6 3 6 23
5 2 7 46
8 2 5 37
3 2 5 33
4 2 4 2
1 2 14 32
2 2 14 33
4 2 4 37
7 2 13 5
2 2 3 43
2 2 4 35
6 2 6 9
8 2 7 43
1 2 8 23
1 2 5 42
7 2 13 38
3 2 8 22
8 2 10 36
4 2 16 33
6 2 10 29
8 2 13 3
4 3 18 20
5 2 4 3
5 2 10 25
8 2 6 37
3 2 3 44
1 2 11 13
8 2 2 43
4 2 6 39
1 2 4 3
1 3 1 43
7 2 8 47
5 2 6 32
7 2 6 48
4 2 12 32
7 2 18 18
7 2 11 31
8 2 8 32
5 2 9 47
8 2 9 43
3 2 7 4
3 2 5 41
6 2 5 37
7 2 8 19
3 2 7 38
5 3 9 31
1 2 5 8
4 2 10 19
3 2 11 25
2 2 9 19
1 3 11 47
2 3 8 30
6 2 6 38
7 2 11 5
6 3 9 26
8 2 12 22
4 2 8 5
3 2 12 18
1 3 10 19
1 2 14 21
1 2 8 3
4 2 9 14
8 2 12 33
2 2 11 7
7 2 15 46
3 2 9 14
5 2 10 20
4 2 12 32
5 2 4 37
5 2 11 18
2 2 13 33
6 2 6 33
8 3 10 17
3 2 11 23
6 2 10 18
3 3 8 31
1 2 12 6
4 3 8 3
2 2 10 18
6 2 7 3
5 2 7 5
8 2 7 33
4 2 5 33
4 2 9 45
1 2 6 32
1 2 9 18
3 2 8 18
8 3 7 19
5 2 10 17
4 2 9 17
