648375
3164
1 2 11 1
1 2 51 1
1 2 53 1
1 2 57 1
1 2 35 2
1 2 61 2
1 2 63 2
1 2 77 2
1 2 31 3
1 2 95 3
1 2 71 4
1 2 79 3
1 2 77 4
1 2 5 5
1 2 93 5
1 2 95 5
1 2 27 6
1 2 95 6
1 2 13 7
1 2 61 6
1 2 55 7
1 2 57 7
1 2 1 8
1 2 33 8
1 2 61 8
1 2 9 9
1 2 17 9
1 2 19 9
1 2 75 9
1 2 5 10
1 2 9 10
1 2 11 10
1 2 63 10
1 2 85 10
1 2 27 11
1 2 79 10
1 2 35 11
1 2 39 11
1 2 73 11
1 2 9 12
1 2 17 12
1 2 37 12
1 2 39 12
1 2 45 12
1 2 65 12
1 2 71 12
1 2 75 12
1 2 1 13
1 2 27 13
1 2 39 13
1 2 57 13
1 2 59 13
1 2 77 13
1 2 9 14
1 2 51 13
1 2 61 14
1 2 67 14
1 2 79 14
1 2 7 15
1 2 33 15
1 2 11 16
1 2 33 16
1 2 35 16
1 2 45 16
1 2 47 16
1 2 61 16
1 2 77 16
1 2 83 16
1 2 5 17
1 2 51 16
1 2 49 17
1 2 77 17
1 2 11 18
1 2 27 17
1 2 25 18
1 2 85 18
1 2 9 19
1 2 21 19
1 2 23 19
1 2 61 19
1 2 75 19
1 2 13 20
1 2 55 20
1 2 85 20
1 2 3 21
1 2 15 20
1 2 61 20
1 2 75 20
1 2 13 21
1 2 27 21
1 2 73 21
1 2 7 23
1 2 37 23
1 2 97 24
1 2 15 25
1 2 33 24
1 2 31 25
1 2 7 26
1 2 17 26
1 2 29 26
1 2 59 26
1 2 77 26
1 2 85 26
1 2 41 27
1 2 59 27
1 2 61 27
1 2 67 27
1 2 83 27
1 2 49 28
1 2 83 28
1 2 85 28
1 2 7 29
1 2 39 29
1 2 43 29
1 2 45 29
1 2 59 29
1 2 67 29
1 2 83 29
1 2 1 30
1 2 3 30
1 2 33 29
1 2 35 31
1 2 39 31
1 2 45 31
1 2 53 31
1 2 71 31
1 2 85 31
1 2 83 32
1 2 87 32
1 2 19 33
1 2 43 33
1 2 77 33
1 2 79 34
1 2 13 35
1 2 45 35
1 2 7 36
1 2 47 35
1 2 15 36
1 2 29 36
1 2 41 36
1 2 51 36
1 2 63 36
1 2 83 36
1 2 5 37
1 2 25 36
1 2 23 37
1 2 67 36
1 2 27 37
1 2 29 37
1 2 61 37
1 2 69 37
1 2 75 37
1 2 39 38
1 2 43 38
1 2 53 38
1 2 59 38
1 2 75 38
1 2 77 38
1 2 83 38
1 2 5 39
1 2 3 40
1 2 25 40
1 2 95 40
1 2 71 41
1 2 7 42
1 2 23 42
1 2 61 42
1 2 85 42
1 2 19 43
1 2 39 43
1 2 43 43
1 2 21 44
1 2 89 44
1 2 17 45
1 2 43 45
1 2 71 45
1 2 19 46
1 2 39 45
1 2 23 46
1 2 25 46
1 2 63 45
1 2 77 46
1 2 91 46
1 2 7 47
1 2 33 46
1 2 31 47
1 2 95 47
1 2 3 48
1 2 43 47
1 2 9 48
1 2 39 48
1 2 41 48
1 2 57 48
1 2 79 48
1 2 83 49
1 2 97 49
1 2 23 50
1 2 47 50
1 2 89 50
1 2 49 52
1 2 66 51
1 2 71 52
1 2 35 53
1 2 92 52
1 2 47 54
1 2 15 55
1 2 44 55
1 2 84 53
1 2 61 55
1 2 67 55
1 2 44 58
1 2 87 57
1 2 36 59
1 2 95 58
1 2 47 60
1 2 72 59
1 2 71 60
1 2 21 62
1 2 6 63
1 2 65 63
1 2 6 65
1 2 47 64
1 2 11 65
1 2 83 64
1 2 87 63
1 2 29 65
1 2 6 68
1 2 10 68
1 2 40 68
1 2 33 70
1 2 45 70
1 2 80 70
1 2 85 70
1 2 5 72
1 2 17 71
1 2 93 70
1 2 60 72
1 2 76 72
1 2 22 73
1 2 50 73
1 2 77 73
1 2 82 73
1 2 65 75
1 2 76 75
1 2 8 76
1 2 71 76
1 2 78 77
1 2 93 77
1 2 17 78
1 2 50 78
1 2 76 78
1 2 10 79
1 2 11 78
1 2 12 79
1 2 64 78
1 2 86 79
1 2 89 81
1 2 64 82
1 2 63 83
1 2 52 84
1 2 27 86
1 2 42 86
1 2 78 86
1 2 5 87
1 2 72 87
1 2 74 87
1 2 80 87
1 2 30 88
1 2 51 87
1 2 37 88
1 2 46 87
1 2 54 88
1 2 48 89
1 2 89 89
1 2 20 90
1 2 34 89
1 2 15 91
1 2 24 90
1 2 21 91
1 2 76 92
1 2 42 93
1 2 93 94
1 2 94 94
1 2 1 96
1 2 55 95
1 2 70 95
1 2 30 96
1 2 58 97
1 2 12 98
1 2 65 97
1 2 80 96
1 2 85 96
1 2 35 98
1 2 46 98
1 2 10 99
1 2 42 99
1 3 81 50
1 3 20 52
1 3 11 53
1 2 59 53
1 3 34 53
1 3 24 54
1 3 33 55
1 3 76 65
1 3 92 66
1 3 16 69
1 2 48 68
1 3 41 73
1 2 68 72
1 2 56 74
1 2 80 75
1 3 12 76
1 2 82 76
1 3 72 75
1 3 20 76
1 3 33 83
1 3 1 91
1 2 36 91
1 3 60 100
1 4 15 4
1 2 35 5
1 4 31 4
1 4 3 8
1 4 45 9
1 4 47 14
1 4 7 17
1 4 5 19
1 4 61 19
1 4 61 21
1 4 81 21
1 4 11 23
1 4 73 27
1 4 9 29
1 4 29 30
1 4 9 34
1 4 37 34
1 4 17 36
1 4 29 43
1 4 59 43
1 4 57 46
1 4 71 45
1 4 61 49
1 4 78 54
1 4 42 57
1 4 90 59
1 4 37 75
1 5 73 55
1 5 22 80
1 2 47 79
1 2 53 79
1 2 85 80
1 6 49 6
1 6 1 15
1 6 31 19
1 6 43 21
1 6 7 40
1 6 41 40
1 6 63 46
1 6 55 50
1 8 65 6
1 8 49 21
5 2 13 1
5 2 31 1
5 2 33 1
5 2 57 1
5 2 59 1
5 2 35 2
5 2 53 2
5 2 73 2
5 2 79 2
5 2 9 3
5 2 25 3
5 2 47 3
5 2 57 3
5 2 61 3
5 2 39 4
5 2 57 4
5 2 83 4
5 2 7 5
5 2 35 4
5 2 33 5
5 2 71 4
5 2 75 5
5 2 9 6
5 2 47 5
5 2 45 6
5 2 29 7
5 2 53 7
5 2 21 8
5 2 81 7
5 2 39 8
5 2 43 8
5 2 75 8
5 2 19 9
5 2 39 9
5 2 73 9
5 2 79 9
5 2 1 10
5 2 7 10
5 2 57 10
5 2 81 10
5 2 9 11
5 2 27 10
5 2 15 11
5 2 23 11
5 2 67 11
5 2 79 11
5 2 29 12
5 2 31 12
5 2 53 12
5 2 69 12
5 2 7 13
5 2 17 13
5 2 23 13
5 2 15 14
5 2 69 13
5 2 33 14
5 2 49 13
5 2 65 14
5 2 67 14
5 2 49 15
5 2 53 15
5 2 5 16
5 2 41 16
5 2 47 16
5 2 63 16
5 2 65 16
5 2 21 17
5 2 51 17
5 2 63 17
5 2 65 17
5 2 1 18
5 2 9 18
5 2 37 18
5 2 49 18
5 2 51 19
5 2 57 19
5 2 71 19
5 2 47 20
5 2 53 20
5 2 75 20
5 2 21 21
5 2 55 21
5 2 9 22
5 2 25 21
5 2 23 22
5 2 33 22
5 2 51 22
5 2 59 22
5 2 27 23
5 2 81 22
5 2 65 23
5 2 77 23
5 2 31 24
5 2 45 23
5 2 33 24
5 2 41 24
5 2 73 24
5 2 27 25
5 2 45 24
5 2 49 25
5 2 79 25
5 2 7 26
5 2 17 25
5 2 15 26
5 2 17 26
5 2 53 26
5 2 61 26
5 2 35 27
5 2 69 27
5 2 71 27
5 2 75 27
5 2 23 28
5 2 27 28
5 2 53 28
5 2 85 28
5 2 9 29
5 2 67 28
5 2 41 29
5 2 45 29
5 2 53 29
5 2 11 30
5 2 45 30
5 2 79 30
5 2 5 31
5 2 23 31
5 2 13 32
5 2 73 31
5 2 15 32
5 2 37 32
5 2 79 32
5 2 55 33
5 2 57 33
5 2 79 33
5 2 21 34
5 2 29 33
5 2 23 34
5 2 25 34
5 2 27 34
5 2 81 34
5 2 77 35
5 2 83 35
5 2 87 35
5 2 1 36
5 2 19 36
5 2 33 36
5 2 45 36
5 2 5 37
5 2 63 36
5 2 15 37
5 2 49 37
5 2 57 37
5 2 23 38
5 2 35 38
5 2 71 38
5 2 7 39
5 2 47 39
5 2 63 39
5 2 85 39
5 2 5 40
5 2 7 40
5 2 65 40
5 2 67 40
5 2 15 41
5 2 41 41
5 2 51 41
5 2 81 41
5 2 83 41
5 2 19 42
5 2 75 42
5 2 13 43
5 2 45 43
5 2 59 44
5 2 69 44
5 2 87 44
5 2 75 45
5 2 35 46
5 2 37 46
5 2 59 46
5 2 79 47
5 2 13 48
5 2 27 47
5 2 15 48
5 2 23 48
5 2 71 48
5 2 11 49
5 2 17 49
5 2 21 49
5 2 51 49
5 2 57 49
5 2 65 49
5 2 61 50
5 2 73 50
5 2 32 52
5 2 44 51
5 2 77 51
5 2 78 52
5 2 39 53
5 2 58 52
5 2 49 53
5 2 64 54
5 2 68 56
5 2 59 57
5 2 63 56
5 2 75 55
5 2 86 57
5 2 57 59
5 2 44 60
1 2 56 60
5 2 58 60
1 2 89 61
5 2 60 59
5 2 93 61
5 2 13 62
1 2 79 62
5 2 41 60
5 2 53 59
5 2 38 62
5 2 14 64
1 2 48 65
5 2 59 63
5 2 57 64
1 2 86 65
5 2 85 63
5 2 91 63
5 2 7 65
1 2 10 65
5 2 71 64
5 2 9 65
1 2 63 64
5 2 37 64
5 2 62 65
5 2 42 66
5 2 76 66
5 2 73 67
5 2 16 68
5 2 92 67
5 2 37 69
1 2 74 70
5 2 78 68
5 2 44 70
1 2 73 69
5 2 66 69
5 2 69 71
5 2 85 72
5 2 33 73
5 2 54 73
5 2 55 73
5 2 72 72
5 2 63 73
5 2 60 74
5 2 77 77
5 2 16 78
5 2 22 78
5 2 57 79
5 2 79 78
5 2 88 77
5 2 60 79
1 2 85 79
5 2 93 80
5 2 32 81
5 2 85 81
5 2 60 83
5 2 78 85
5 2 93 84
5 2 60 86
5 2 85 86
5 2 63 87
5 2 18 88
5 2 42 87
5 2 65 87
5 2 91 89
5 2 30 90
1 2 60 89
1 2 89 89
5 2 82 88
5 2 88 92
5 2 96 92
5 2 10 95
5 2 32 94
1 2 48 93
1 2 61 93
1 2 55 95
5 2 80 95
5 2 86 94
5 2 21 96
5 2 29 96
5 2 33 95
5 2 72 95
5 2 32 96
5 2 34 96
5 2 67 95
5 2 78 96
5 2 23 97
5 2 33 97
1 2 33 96
5 2 46 96
5 2 50 95
5 2 53 99
5 2 78 98
5 2 71 99
5 2 17 100
1 2 46 99
5 2 66 99
1 2 73 98
5 2 70 100
5 3 69 50
5 3 41 56
5 2 70 55
5 3 46 56
5 3 37 59
5 3 2 61
1 2 67 60
1 2 36 61
5 3 54 60
5 3 83 66
5 3 4 68
5 3 85 69
5 3 57 72
5 3 14 74
5 2 15 76
5 2 81 77
5 2 63 78
5 3 53 76
5 2 69 77
5 3 4 79
5 2 37 78
1 2 66 79
5 2 57 80
1 2 91 81
5 3 77 89
5 3 27 90
1 2 39 92
5 2 71 89
5 2 81 90
5 2 53 91
5 2 55 90
5 2 72 90
5 2 52 92
5 2 62 92
1 2 82 91
5 3 44 90
5 3 83 97
5 4 1 3
5 4 15 3
5 4 3 6
5 2 75 6
5 4 65 5
5 4 63 6
5 4 7 8
5 4 11 9
5 4 45 11
5 4 35 14
5 4 41 14
5 4 75 15
5 4 77 15
5 4 73 22
5 4 7 23
5 4 19 23
5 4 1 24
5 4 37 25
5 4 15 30
5 2 59 31
5 4 65 32
5 4 43 34
5 4 79 39
5 4 29 42
5 2 37 43
5 4 31 42
5 4 55 42
5 4 17 44
5 4 29 44
5 4 23 45
5 4 3 46
5 4 59 48
5 2 75 49
5 4 69 48
5 4 5 52
5 2 53 51
5 4 24 52
1 2 66 51
5 4 6 75
1 2 73 75
5 2 36 75
5 2 67 74
5 2 54 75
5 2 34 77
5 4 29 82
1 2 52 83
1 2 27 84
5 2 40 81
5 2 36 82
5 4 59 91
5 5 5 50
1 2 26 51
5 5 64 71
5 5 8 75
1 2 36 77
5 6 73 5
5 6 27 9
5 6 37 11
5 6 25 14
5 6 41 19
5 6 7 25
5 6 1 32
5 6 25 48
5 6 24 63
5 8 39 1
5 8 13 19
5 8 55 29
5 10 3 43
3 2 3 1
3 2 17 1
3 2 31 1
3 2 63 1
3 2 9 3
3 2 27 3
3 2 43 2
3 2 67 3
3 2 55 4
3 2 59 4
3 2 71 4
3 2 21 5
3 2 5 6
3 2 17 6
3 2 25 6
3 2 27 6
3 2 43 6
3 2 49 6
3 2 23 7
3 2 51 6
3 2 31 7
3 2 33 7
3 2 35 7
3 2 43 7
3 2 51 7
3 2 59 7
3 2 19 8
3 2 45 7
3 2 37 8
3 2 41 8
3 2 51 8
3 2 59 8
3 2 1 9
3 2 7 9
3 2 31 9
3 2 51 9
3 2 47 10
3 2 51 10
3 2 63 10
3 2 7 11
3 2 9 11
3 2 45 11
3 2 1 12
3 2 11 12
3 2 27 13
3 2 45 13
3 2 5 14
3 2 49 13
3 2 9 14
3 2 17 14
3 2 31 14
3 2 41 14
3 2 45 14
3 2 3 15
3 2 43 16
3 2 45 16
3 2 51 16
3 2 55 16
3 2 65 17
3 2 5 18
3 2 29 17
3 2 13 18
3 2 51 17
3 2 25 18
3 2 31 18
3 2 37 18
3 2 43 18
3 2 59 18
3 2 61 18
3 2 9 19
3 2 61 19
3 2 3 21
3 2 39 21
3 2 1 22
3 2 5 22
3 2 43 21
3 2 51 22
3 2 57 22
3 2 63 22
3 2 15 23
3 2 47 23
3 2 11 24
3 2 27 23
3 2 25 24
3 2 27 24
3 2 57 24
3 2 59 24
3 2 65 24
3 2 17 25
3 2 21 25
3 2 31 25
3 2 35 25
3 2 61 25
3 2 33 26
3 2 39 26
3 2 49 26
3 2 51 26
3 2 11 27
3 2 13 27
3 2 19 27
3 2 37 27
3 2 35 28
3 2 41 28
3 2 55 28
3 2 61 28
3 2 11 29
3 2 65 28
3 2 25 29
3 2 43 29
3 2 39 30
3 2 59 29
3 2 43 30
3 2 51 30
3 2 53 30
3 2 1 31
3 2 23 30
3 2 21 31
3 2 31 31
3 2 63 31
3 2 3 32
3 2 35 31
3 2 21 32
3 2 25 32
3 2 51 32
3 2 57 32
3 2 71 33
3 2 1 34
3 2 67 34
3 2 31 35
3 2 59 35
3 2 5 36
3 2 11 36
3 2 27 35
3 2 17 36
3 2 27 36
3 2 35 36
3 2 39 36
3 2 37 37
3 2 65 37
3 2 9 38
3 2 67 37
3 2 65 38
3 2 71 37
3 2 29 39
3 2 69 38
3 2 41 39
3 2 65 39
3 2 15 40
3 2 51 40
3 2 17 41
3 2 23 41
3 2 33 41
3 2 47 41
3 2 65 41
3 2 7 42
3 2 59 41
3 2 17 42
3 2 55 42
3 2 61 42
3 2 3 43
3 2 31 43
3 2 41 43
3 2 53 43
3 2 9 44
3 2 35 44
3 2 47 44
3 2 65 44
3 2 67 44
3 2 13 45
3 2 25 45
3 2 27 45
3 2 49 45
3 2 9 46
3 2 29 46
3 2 23 47
3 2 43 47
3 2 65 47
3 2 79 47
3 2 21 48
3 2 25 48
3 2 35 48
3 2 11 49
3 2 37 49
3 2 69 49
3 2 43 50
3 2 45 50
3 2 53 50
3 2 61 50
3 2 24 53
5 2 42 54
3 2 69 53
3 2 27 54
3 2 2 55
5 2 10 55
3 2 78 54
3 2 80 54
3 2 75 55
3 2 13 56
1 2 43 55
3 2 39 56
3 2 60 55
3 2 49 57
3 2 71 58
1 2 71 57
3 2 80 57
3 2 75 58
3 2 5 59
3 2 31 61
5 2 82 61
3 2 47 61
3 2 78 61
3 2 35 62
3 2 58 62
3 2 78 62
3 2 28 64
5 2 33 64
1 2 39 65
5 2 52 64
3 2 36 64
3 2 39 64
5 2 44 64
1 2 56 63
3 2 64 62
3 2 68 61
1 2 72 60
3 2 53 64
3 2 70 65
3 2 36 66
5 2 79 66
3 2 60 65
3 2 44 66
3 2 11 69
3 2 70 68
3 2 82 68
3 2 34 71
3 2 61 70
3 2 79 70
3 2 83 71
3 2 36 75
3 2 37 75
1 2 50 74
3 2 66 73
5 2 71 74
3 2 8 76
1 2 9 75
5 2 57 76
1 3 20 76
3 2 16 77
3 2 22 76
5 2 38 75
3 2 29 75
3 2 45 77
3 2 60 78
3 2 13 79
3 2 6 81
3 2 61 80
3 2 83 81
3 2 5 84
5 2 56 84
1 2 72 84
3 2 35 83
5 2 38 84
3 2 81 82
3 2 51 84
5 2 77 83
3 2 84 83
3 2 66 84
3 2 73 84
3 2 1 85
1 2 5 84
5 2 74 83
1 2 6 85
1 2 34 86
3 2 7 83
5 3 20 82
5 2 50 81
1 3 7 82
1 2 31 83
1 2 53 82
3 2 68 80
3 2 31 81
5 2 45 80
5 2 60 80
3 2 55 80
3 2 10 83
5 2 53 83
3 2 5 84
3 2 19 85
3 2 53 85
3 2 50 86
3 2 67 86
5 2 71 86
3 2 77 86
3 2 65 88
3 2 86 87
3 2 38 89
3 2 56 88
3 2 80 87
3 2 71 88
3 2 44 90
3 2 47 88
3 2 17 93
1 2 28 92
3 2 69 91
3 2 76 92
3 2 77 97
3 2 84 98
3 2 31 99
1 2 31 98
5 2 72 97
3 2 48 98
5 2 57 98
3 2 50 99
3 2 69 99
3 3 1 50
3 2 31 49
3 2 47 49
3 2 29 50
3 2 61 50
3 2 63 51
3 3 72 51
1 2 71 52
3 3 55 52
3 2 75 51
3 3 1 59
5 2 20 58
3 2 23 59
3 2 53 58
3 2 50 59
3 3 52 60
3 3 19 62
1 2 43 62
3 2 46 62
5 2 68 61
3 3 31 64
3 3 47 65
3 3 5 66
1 2 28 66
5 2 45 67
3 2 67 68
3 3 36 68
3 2 40 69
5 2 76 69
1 2 41 69
3 2 71 68
1 2 70 68
3 2 51 70
3 3 4 69
1 2 45 69
1 2 7 70
3 2 34 70
1 2 34 71
3 2 38 72
3 3 71 72
3 3 24 78
1 2 46 79
3 2 33 77
3 2 47 77
3 3 39 78
3 2 45 78
3 2 63 79
3 2 65 78
3 3 25 80
5 2 24 80
3 3 56 80
3 3 47 81
3 3 28 86
3 3 7 89
1 2 41 90
3 2 23 89
3 2 37 89
3 2 27 90
5 2 31 89
5 2 38 88
3 2 41 88
3 3 52 94
3 2 64 93
5 2 63 93
3 2 79 93
3 3 49 95
3 2 59 96
3 2 60 97
3 3 40 96
1 2 76 97
3 2 61 97
3 4 19 3
3 4 37 3
3 2 45 3
3 2 49 4
3 4 7 5
3 2 13 4
3 4 9 5
3 4 15 11
3 4 33 11
3 4 59 12
3 4 53 13
3 4 9 15
3 2 27 14
3 2 21 16
3 2 23 17
3 4 23 15
3 4 29 16
3 4 57 20
3 4 19 23
3 4 25 25
3 4 33 32
3 4 51 32
3 4 5 33
3 2 29 32
3 4 11 33
3 4 19 33
3 4 21 36
3 4 35 39
3 2 51 39
3 4 53 38
3 4 1 41
3 4 11 39
3 4 1 46
3 4 5 47
3 4 13 46
3 4 7 47
3 4 49 48
3 4 25 49
3 4 42 71
3 4 16 89
3 4 15 95
3 2 73 94
3 2 67 95
3 4 76 99
3 5 36 76
5 2 60 75
3 2 73 74
3 5 15 86
3 2 25 87
3 2 35 86
3 6 21 2
3 6 11 7
3 6 9 41
3 6 33 41
3 6 21 47
3 6 23 68
3 6 21 79
1 2 21 80
5 2 24 81
3 8 17 18
3 2 45 19
3 6 47 20
3 8 31 93
3 2 57 94
1 2 65 95
3 10 37 22
8 2 3 1
8 2 7 1
8 2 31 1
8 2 39 1
8 2 43 1
8 2 57 1
8 2 1 2
8 2 45 1
8 2 11 2
8 2 41 2
8 2 49 2
8 2 53 2
8 2 55 2
8 2 61 2
8 2 57 3
8 2 1 4
8 2 11 4
8 2 13 4
8 2 25 4
8 2 31 4
8 2 17 5
8 2 19 5
8 2 49 5
8 2 51 5
8 2 55 5
8 2 31 7
8 2 43 7
8 2 49 7
8 2 45 8
8 2 53 7
8 2 51 8
8 2 55 8
8 2 15 10
8 2 39 10
8 2 67 10
8 2 13 11
8 2 27 11
8 2 39 11
8 2 47 11
8 2 3 12
8 2 61 12
8 2 11 13
8 2 41 13
8 2 43 13
8 2 57 13
8 2 21 14
8 2 23 14
8 2 11 15
8 2 45 14
8 2 33 15
8 2 41 15
8 2 45 15
8 2 55 15
8 2 7 17
8 2 15 17
8 2 3 18
8 2 59 17
8 2 1 19
8 2 35 18
8 2 41 19
8 2 9 20
8 2 33 19
8 2 21 20
8 2 43 19
8 2 29 20
8 2 33 20
8 2 37 20
8 2 39 20
8 2 41 20
8 2 43 20
8 2 3 21
8 2 5 21
8 2 51 21
8 2 13 22
8 2 55 21
8 2 15 22
8 2 41 21
8 2 23 22
8 2 25 22
8 2 47 22
8 2 1 23
8 2 27 23
8 2 37 24
8 2 47 23
8 2 61 24
8 2 63 25
8 2 17 26
8 2 35 26
8 2 55 26
8 2 33 27
8 2 49 26
8 2 47 27
8 2 55 27
8 2 63 27
8 2 5 28
8 2 57 27
8 2 19 28
8 2 25 28
8 2 33 28
8 2 49 28
8 2 57 28
8 2 9 29
8 2 11 29
8 2 43 29
8 2 19 30
8 2 57 30
8 2 61 30
8 2 41 31
8 2 13 32
8 2 21 32
8 2 41 32
8 2 43 32
8 2 65 33
8 2 33 34
8 2 41 34
8 2 59 34
8 2 13 35
8 2 29 34
8 2 27 35
8 2 49 35
8 2 63 35
8 2 11 36
8 2 15 35
8 2 13 36
8 2 21 36
8 2 29 36
8 2 27 37
8 2 41 37
8 2 49 37
8 2 51 37
8 2 11 38
8 2 53 37
8 2 51 38
8 2 17 39
8 2 21 38
8 2 19 39
8 2 65 39
8 2 25 40
8 2 27 41
8 2 49 42
8 2 47 43
8 2 5 44
8 2 11 43
8 2 17 42
8 2 15 43
8 2 19 42
8 2 53 43
8 2 9 44
8 2 17 43
8 2 15 44
8 2 25 44
8 2 45 44
8 2 13 45
8 2 31 44
8 2 17 45
8 2 59 45
8 2 21 46
8 2 31 46
8 2 7 47
8 2 35 47
8 2 45 47
8 2 17 48
8 2 53 47
8 2 19 48
8 2 33 48
8 2 47 48
8 2 11 49
8 2 54 52
3 2 70 51
8 2 69 51
8 2 64 52
8 2 69 52
8 2 62 54
8 2 11 55
5 2 13 56
1 2 16 56
3 2 30 56
3 2 65 55
3 2 48 56
8 2 29 54
8 2 74 54
8 2 14 56
1 2 71 55
3 2 35 55
8 2 65 55
8 2 18 56
8 2 42 56
5 2 49 57
5 2 73 57
8 2 45 55
3 2 48 54
8 2 27 57
8 2 31 56
8 2 42 56
8 2 57 56
8 2 34 57
8 2 54 58
8 2 71 58
8 2 53 59
8 2 27 60
8 2 28 61
8 2 42 60
8 2 29 61
3 2 64 60
3 3 47 60
8 2 47 61
8 2 39 62
8 2 48 64
8 2 16 66
8 2 25 64
8 2 26 63
8 2 34 63
8 2 52 64
8 2 20 66
8 2 23 65
3 2 23 64
3 2 65 63
8 2 28 68
8 2 21 69
8 2 48 68
8 2 57 68
8 2 69 67
8 2 65 68
8 2 67 69
8 2 46 70
8 2 71 70
8 2 18 71
5 2 41 70
5 2 18 72
3 2 26 73
8 2 63 69
8 2 67 69
8 2 65 72
8 2 12 73
8 2 19 73
1 2 28 72
1 2 49 73
8 2 68 71
8 2 31 72
3 2 39 73
8 2 33 71
8 2 35 70
3 2 52 69
8 2 35 72
8 2 20 73
3 2 54 74
8 2 61 72
8 2 69 74
1 2 68 74
3 2 68 75
8 2 32 76
8 2 62 78
8 2 11 80
5 2 10 80
8 2 49 79
8 2 52 78
5 2 63 79
8 2 14 80
8 2 30 80
8 2 35 80
8 2 27 81
8 2 42 79
8 2 68 82
8 2 69 82
8 2 70 82
8 2 65 84
8 2 84 85
8 2 1 86
3 2 23 85
8 2 62 85
8 2 70 86
8 2 7 87
1 2 39 86
8 2 42 85
8 2 59 85
1 2 67 84
8 2 62 88
8 2 40 89
8 2 38 91
8 2 31 93
8 2 33 92
1 2 37 93
3 2 71 92
8 2 57 92
8 2 51 93
8 2 68 94
8 2 49 95
5 2 60 96
8 2 50 94
8 2 65 93
8 2 69 93
8 2 27 96
8 2 54 95
8 2 60 94
8 2 65 97
8 2 62 98
8 2 69 99
8 2 74 98
8 2 12 100
1 2 17 99
8 2 43 98
3 2 61 98
8 3 55 50
8 3 10 51
8 2 20 51
8 3 6 57
1 2 6 58
1 2 21 59
1 2 29 60
3 3 6 58
3 2 11 60
8 2 8 56
8 2 38 57
8 2 47 58
8 2 11 60
8 3 44 68
8 2 59 67
8 3 1 69
1 2 9 70
3 2 8 68
3 2 15 67
8 2 35 66
8 2 9 70
8 2 17 70
8 2 51 70
8 2 12 71
8 2 10 72
8 3 6 73
5 2 35 74
8 2 7 73
8 2 44 75
8 3 26 78
3 2 55 78
8 3 35 79
8 3 40 80
8 3 10 87
8 2 22 87
8 2 31 86
5 2 33 87
5 2 64 86
8 2 51 84
8 2 49 86
8 2 18 88
8 2 66 87
8 2 20 88
8 3 53 84
8 2 64 85
8 3 32 86
8 2 46 88
8 3 21 90
8 2 41 90
8 2 59 91
8 3 28 92
8 3 38 95
8 2 68 94
8 2 44 96
8 2 57 97
8 3 15 98
5 2 48 97
5 2 14 99
1 2 54 99
3 2 55 99
8 2 30 99
8 3 31 98
8 3 46 97
8 3 48 99
8 4 35 4
8 4 5 7
8 2 17 7
8 4 21 6
8 2 29 6
8 4 31 5
8 4 11 8
8 4 17 11
8 4 37 11
8 4 23 18
8 4 49 18
8 4 45 19
8 4 55 23
8 4 29 24
8 4 55 25
8 4 19 26
8 4 23 30
8 4 1 31
8 2 3 32
8 2 5 33
8 4 33 31
8 4 5 36
8 4 59 39
8 4 9 40
8 4 45 44
8 4 1 45
8 2 25 45
8 4 49 49
8 4 52 58
8 2 64 58
8 4 16 61
3 2 23 60
3 2 15 61
8 2 57 60
8 4 3 63
8 4 48 73
8 4 39 84
8 2 45 83
8 4 44 86
8 5 37 64
8 5 38 68
8 5 34 99
8 6 49 12
8 6 43 24
8 6 13 27
8 6 21 34
8 6 35 37
8 6 41 40
8 6 35 49
8 6 30 62
8 8 33 12
8 8 13 19
8 8 33 22
8 8 27 38
8 8 5 40
8 2 23 41
8 8 57 62
8 10 25 8
8 10 53 9
8 10 5 26
8 10 27 42
8 12 5 10
6 2 11 1
6 2 39 1
6 2 9 2
6 2 49 2
6 2 11 3
6 2 35 3
6 2 47 3
6 2 9 4
6 2 13 4
6 2 37 3
6 2 43 5
6 2 11 6
6 2 23 6
6 2 49 6
6 2 25 7
6 2 37 7
6 2 1 8
6 2 5 7
6 2 3 8
6 2 19 7
6 2 5 8
6 2 27 7
6 2 25 8
6 2 33 8
6 2 35 8
6 2 27 9
6 2 43 8
6 2 29 9
6 2 39 9
6 2 41 9
6 2 43 9
6 2 49 10
6 2 17 11
6 2 9 12
6 2 19 11
6 2 17 12
6 2 19 12
6 2 25 12
6 2 33 12
6 2 3 13
6 2 33 14
6 2 7 15
6 2 9 16
6 2 17 15
6 2 15 16
6 2 7 17
6 2 35 16
6 2 45 17
6 2 17 18
6 2 33 17
6 2 23 18
6 2 39 18
6 2 13 19
6 2 39 19
6 2 3 20
6 2 9 20
6 2 13 20
6 2 19 21
6 2 39 21
6 2 7 22
6 2 11 22
6 2 17 22
6 2 33 23
6 2 9 24
6 2 29 23
6 2 11 24
6 2 41 23
6 2 25 24
6 2 29 24
6 2 35 24
6 2 39 24
6 2 7 25
6 2 13 25
6 2 19 25
6 2 21 25
6 2 37 25
6 2 15 26
6 2 23 26
6 2 29 26
6 2 35 26
6 2 45 27
6 2 11 28
6 2 17 28
6 2 33 28
6 2 47 27
6 2 5 29
6 2 3 30
6 2 19 29
6 2 17 30
6 2 23 30
6 2 35 30
6 2 15 31
6 2 41 30
6 2 21 32
6 2 31 32
6 2 33 32
6 2 41 32
6 2 25 33
6 2 53 33
6 2 23 34
6 2 41 33
6 2 39 34
6 2 65 35
6 2 25 36
6 2 31 36
6 2 3 37
6 2 11 37
6 2 25 37
6 2 9 38
6 2 45 37
6 2 43 38
6 2 23 39
6 2 25 40
6 2 39 40
6 2 29 41
6 2 35 41
6 2 41 41
6 2 43 41
6 2 47 42
6 2 21 43
6 2 27 43
6 2 29 43
6 2 33 43
6 2 43 43
6 2 1 44
6 2 13 44
6 2 19 44
6 2 25 44
6 2 41 44
6 2 33 45
6 2 49 45
6 2 19 46
6 2 23 45
6 2 21 46
6 2 25 45
6 2 5 47
6 2 23 46
6 2 13 47
6 2 19 47
6 2 21 47
6 2 49 47
6 2 11 48
6 2 23 48
6 2 25 48
6 2 31 48
6 2 27 49
6 2 41 49
6 2 47 49
6 2 17 50
6 2 37 49
6 2 27 50
6 2 49 50
6 2 8 51
8 2 43 51
6 2 14 52
6 2 50 51
6 2 56 52
6 2 37 53
8 2 42 53
3 2 41 53
6 2 1 54
1 2 48 53
6 2 12 53
6 2 23 53
6 2 31 53
6 2 49 54
5 2 48 54
6 2 66 53
6 2 19 55
6 2 24 55
6 2 35 57
6 2 55 58
6 2 62 57
6 2 25 59
6 2 64 58
6 2 45 59
6 2 54 59
6 2 56 59
6 2 10 62
6 2 32 62
6 2 53 61
6 2 12 63
6 2 27 63
3 2 31 64
6 2 17 64
3 2 21 64
5 2 24 63
1 2 20 65
8 2 25 64
6 2 59 62
6 2 31 63
6 2 37 63
6 2 22 65
3 2 30 65
6 2 30 65
6 2 41 65
6 2 47 66
6 2 40 67
6 2 32 68
6 2 37 69
6 2 39 69
6 2 3 70
1 2 2 71
8 2 10 69
5 2 17 70
1 2 16 70
8 2 30 69
8 2 42 71
8 3 21 68
8 2 23 67
8 3 16 71
6 2 36 66
6 2 41 67
6 2 1 71
6 2 44 70
6 2 62 71
6 2 54 72
6 2 17 73
6 2 18 73
1 2 26 73
8 2 39 72
6 2 50 71
6 2 54 72
6 2 32 73
8 2 56 74
8 3 63 74
6 2 4 74
1 2 9 73
6 2 14 72
6 2 30 71
6 2 34 73
6 2 21 74
6 2 29 74
6 2 11 75
3 2 10 76
6 2 59 76
8 2 58 77
6 2 14 77
3 2 17 77
6 2 28 78
3 2 35 79
6 2 47 78
6 2 32 79
6 2 48 79
6 2 28 82
6 2 64 81
6 2 39 82
6 2 51 81
6 2 61 81
8 2 60 81
6 2 4 83
1 2 13 84
5 3 3 84
3 2 23 82
8 2 4 82
6 2 11 81
6 2 14 80
8 2 16 79
8 2 26 79
8 2 43 78
6 2 28 79
1 2 28 78
5 2 42 78
6 2 22 81
6 2 39 83
6 2 55 83
6 2 11 84
8 2 18 84
3 2 30 85
6 2 14 83
6 2 21 82
5 2 20 83
8 2 44 82
6 2 44 83
3 2 55 82
6 2 51 83
6 2 17 84
6 2 46 84
6 2 48 85
6 2 22 86
6 2 36 86
6 2 37 86
6 2 38 85
6 2 7 89
8 2 10 88
5 2 20 87
6 2 47 86
6 2 50 86
6 2 13 89
3 2 13 90
3 2 54 90
8 2 23 90
5 2 46 91
3 2 25 91
8 2 52 90
8 2 44 92
6 2 26 90
8 2 57 89
6 2 27 90
3 2 27 90
6 2 53 90
6 2 23 91
5 2 22 91
5 2 26 91
5 2 66 92
3 2 61 92
6 2 25 91
6 2 43 90
6 2 48 91
6 2 40 92
6 2 44 92
6 2 52 92
1 2 58 92
6 2 18 95
6 2 3 98
1 2 15 97
6 2 14 97
8 2 16 96
6 2 15 96
6 2 58 97
6 2 4 98
1 2 42 99
8 2 13 99
8 2 48 99
8 2 59 99
6 2 30 96
6 2 17 97
6 2 8 98
1 2 29 99
3 2 34 99
8 2 34 99
6 2 40 97
6 2 51 97
6 2 36 98
6 2 44 98
6 2 34 99
6 3 37 55
6 3 48 55
6 3 14 57
3 2 13 58
1 2 22 58
8 2 59 57
6 2 19 57
6 2 14 58
6 3 47 60
6 3 10 64
5 2 16 63
8 2 18 63
3 2 63 62
8 3 10 65
8 2 14 64
6 2 54 62
6 2 52 63
6 2 34 64
6 3 20 64
8 2 30 63
6 2 44 63
6 3 42 68
6 3 5 70
3 2 23 69
6 3 21 77
1 2 34 76
6 3 5 84
3 2 43 83
3 3 10 84
8 2 46 83
6 3 26 86
6 3 13 87
5 2 13 87
3 2 30 86
1 2 47 87
6 2 21 88
6 3 18 87
6 2 26 88
6 3 27 90
6 2 42 90
6 2 51 90
6 3 56 89
6 3 1 91
3 2 13 92
5 2 18 93
5 2 47 94
8 2 57 92
8 2 45 93
6 2 33 93
6 3 59 93
6 3 14 98
6 2 33 96
6 3 5 99
8 2 5 99
5 2 21 98
5 2 40 99
3 2 20 98
6 4 43 6
6 4 13 10
6 4 1 11
6 4 35 12
6 4 25 13
6 4 1 15
6 4 5 20
6 4 23 22
6 4 25 26
6 4 37 29
6 4 1 31
6 4 3 31
6 4 9 30
6 4 39 31
6 4 31 34
6 2 41 34
6 4 5 37
6 4 13 38
6 2 41 38
6 4 27 39
6 2 47 40
6 4 41 39
6 4 23 42
6 4 33 42
6 4 47 45
6 4 19 49
6 4 59 53
6 4 45 63
6 4 12 65
6 4 24 67
5 2 32 67
5 2 23 68
6 2 28 67
6 4 34 70
6 4 44 72
6 4 34 75
3 2 62 74
6 4 19 93
6 4 34 91
6 4 26 98
3 2 37 97
6 4 44 99
6 5 30 59
8 2 32 58
6 2 54 59
6 2 61 59
6 5 15 62
6 3 30 62
6 5 2 76
8 2 30 76
6 2 7 75
1 2 7 76
6 3 22 76
8 3 41 75
6 3 25 77
6 5 39 73
6 5 23 85
6 5 37 88
6 5 8 95
1 2 30 95
1 2 10 96
5 2 33 97
1 2 42 97
3 2 9 94
5 2 9 95
3 2 19 93
6 2 32 93
6 2 18 96
3 2 33 95
6 6 3 1
6 4 23 1
6 4 29 2
6 6 21 3
6 2 35 5
6 4 31 4
6 6 37 13
6 6 19 16
6 4 29 18
6 6 23 17
6 6 19 20
6 6 19 22
6 6 1 24
6 6 41 28
6 6 33 31
6 6 15 33
6 6 15 36
6 6 1 42
6 4 11 40
6 4 5 42
6 4 15 41
6 4 9 42
6 6 7 46
6 6 34 60
6 6 14 91
1 2 25 91
3 2 27 92
6 7 31 50
6 8 35 47
6 8 45 94
6 10 17 4
6 10 13 7
6 10 5 31
6 10 45 34
6 10 25 46
6 16 1 3
2 2 9 1
2 2 23 1
2 2 29 1
2 2 31 1
2 2 41 2
2 2 45 2
2 2 47 2
2 2 1 4
2 2 3 4
2 2 13 6
2 2 17 8
2 2 23 9
2 2 37 9
2 2 1 10
2 2 33 9
2 2 3 10
2 2 9 10
2 2 33 10
2 2 5 12
2 2 13 12
2 2 3 13
2 2 5 14
2 2 7 14
2 2 23 14
2 2 5 16
2 2 35 16
2 2 7 17
2 2 17 17
2 2 27 17
2 2 11 18
2 2 21 19
2 2 37 19
2 2 23 21
2 2 33 23
2 2 35 23
2 2 19 24
2 2 35 24
2 2 9 25
2 2 29 25
2 2 23 26
2 2 13 27
2 2 15 28
2 2 25 28
2 2 45 27
2 2 27 28
2 2 11 29
2 2 15 30
2 2 1 32
2 2 5 33
2 2 25 32
2 2 19 33
2 2 1 35
2 2 25 34
2 2 35 33
2 2 27 34
2 2 5 35
2 2 17 34
2 2 21 33
2 2 19 34
2 2 21 35
2 2 29 36
2 2 13 37
2 2 19 36
2 2 17 37
2 2 23 37
2 2 33 37
2 2 15 38
2 2 19 38
2 2 25 38
2 2 5 39
2 2 19 39
2 2 43 39
2 2 3 40
2 2 51 40
2 2 1 41
2 2 33 41
2 2 1 43
2 2 35 43
2 2 3 44
2 2 31 44
2 2 1 45
2 2 17 44
2 2 3 45
2 2 37 45
2 2 39 45
2 2 21 46
2 2 7 48
2 2 3 49
2 2 23 50
2 2 29 50
2 2 11 51
2 2 25 51
1 2 24 51
5 2 41 51
3 2 24 52
2 2 43 55
2 2 57 56
2 2 27 57
6 2 28 56
2 2 34 57
1 2 33 57
2 2 47 57
2 2 53 56
2 2 51 59
2 2 9 60
2 2 57 59
2 2 12 60
8 2 24 59
2 2 21 59
2 2 50 58
2 2 30 59
6 2 30 58
2 2 42 57
3 2 48 56
2 2 44 58
2 2 17 60
2 2 18 61
2 2 22 61
2 2 24 60
3 2 23 60
2 2 38 62
2 2 18 63
2 2 42 63
2 2 13 65
2 2 23 63
2 2 28 63
8 2 41 62
2 2 12 66
2 2 21 65
2 2 26 64
2 2 14 66
5 2 16 67
2 2 40 66
2 2 43 66
2 2 50 66
2 2 41 67
2 2 35 69
2 2 41 69
2 2 23 70
3 2 29 71
3 2 42 71
2 2 39 68
2 2 35 70
2 2 16 71
8 2 19 70
2 2 42 71
2 2 38 72
2 2 43 71
2 2 9 74
2 2 14 74
6 2 24 75
6 2 37 75
2 2 27 73
2 2 22 74
2 2 34 73
2 2 7 75
2 2 29 75
8 2 35 76
2 2 13 77
2 2 33 76
2 2 34 77
5 2 33 78
2 2 20 79
2 2 3 82
6 2 22 83
2 2 18 82
2 2 21 81
2 2 19 82
6 2 20 81
2 2 29 81
6 2 46 80
5 2 45 81
6 2 48 80
2 2 43 82
2 2 1 83
6 2 17 82
2 2 17 84
8 2 16 84
8 2 24 84
6 2 28 84
2 2 37 83
2 2 42 83
2 2 15 85
2 2 20 85
8 2 46 85
3 2 45 86
2 2 46 86
2 2 28 88
2 2 39 87
2 2 1 90
8 2 28 89
2 2 8 91
2 2 22 89
2 2 32 88
2 2 20 90
8 2 30 89
2 2 16 91
5 2 28 92
8 2 19 92
8 2 26 93
2 2 32 90
2 2 39 91
2 2 10 92
2 2 26 93
2 2 27 92
2 2 33 92
2 2 37 94
2 2 50 93
6 2 49 94
8 2 50 94
2 2 50 95
2 2 24 96
2 2 9 97
3 2 15 97
2 2 45 96
2 2 14 99
2 2 26 99
2 2 40 98
2 2 7 100
2 3 33 51
2 2 37 50
2 2 34 51
2 3 38 52
8 2 47 51
6 2 42 51
6 2 37 52
6 2 50 52
2 3 9 53
1 2 28 52
1 2 8 53
3 2 7 53
2 2 56 53
2 3 29 52
2 3 41 52
2 3 25 53
2 2 45 52
2 3 14 54
2 2 20 54
2 3 23 55
8 2 23 54
2 2 30 54
2 3 31 55
6 2 38 55
6 2 48 55
2 3 5 57
1 2 9 58
5 2 38 59
1 2 31 59
8 2 32 56
6 3 16 57
3 2 16 56
2 2 10 57
5 2 14 56
1 2 18 55
2 2 39 55
2 3 32 61
5 2 31 61
2 2 33 61
2 3 10 67
6 2 50 66
2 2 22 67
6 2 27 66
6 2 43 66
2 3 19 72
2 2 37 71
2 3 24 73
2 2 43 75
2 3 30 78
2 2 40 77
2 2 38 79
2 3 42 78
2 3 33 81
2 3 24 86
2 3 18 87
2 3 22 90
2 3 42 96
1 2 43 95
2 3 36 97
2 3 20 98
2 4 1 2
2 2 19 1
2 2 15 2
2 4 17 3
2 4 25 6
2 2 29 8
2 4 11 7
2 2 25 7
2 4 27 6
2 4 13 9
2 2 15 9
2 4 17 8
2 4 11 10
2 4 33 10
2 4 49 15
2 4 39 17
2 4 3 20
2 4 15 20
2 4 1 22
2 2 9 23
2 2 23 22
2 2 21 23
2 4 23 24
2 4 5 26
2 4 19 28
2 2 25 28
2 4 3 29
2 2 17 30
2 4 47 35
2 4 1 38
2 2 39 40
2 4 13 40
2 4 23 45
2 2 31 44
2 4 19 49
2 4 29 57
2 4 10 63
2 4 19 69
2 4 15 73
2 2 26 73
2 2 28 74
2 2 39 74
2 4 1 75
2 4 16 76
5 2 38 77
3 2 20 77
8 2 17 78
2 2 22 76
2 2 21 77
6 2 35 78
2 2 28 78
8 2 37 77
2 2 36 78
2 4 16 79
2 2 31 78
2 4 23 80
2 4 12 87
2 4 6 88
2 4 10 90
2 2 25 89
2 4 19 94
8 2 23 96
2 2 42 94
2 2 32 96
8 2 31 97
2 3 43 92
2 4 23 96
2 2 28 97
2 4 24 96
8 2 33 95
1 2 23 96
5 2 35 95
6 2 27 97
2 5 34 54
2 5 40 53
3 2 39 53
2 5 3 68
8 2 20 67
1 2 12 67
3 2 11 67
6 2 4 67
5 2 3 67
8 2 2 67
3 2 43 66
3 2 44 66
6 2 12 67
2 2 8 68
2 3 23 65
2 3 13 67
3 2 14 67
8 2 16 68
2 2 15 68
2 2 20 69
2 5 36 89
2 5 25 99
1 2 36 99
2 3 26 100
2 6 31 5
2 6 3 6
2 4 7 5
2 4 5 6
2 6 37 14
2 6 25 15
2 6 31 17
2 6 23 19
2 6 31 21
2 6 27 33
2 6 11 35
2 2 25 35
2 6 1 47
2 2 25 47
2 4 31 48
2 6 19 47
2 2 25 47
2 6 7 50
2 6 33 50
2 6 8 78
5 2 14 81
6 2 25 79
2 6 43 88
2 7 32 58
2 8 31 12
2 8 19 15
2 8 9 19
2 8 3 23
2 8 9 23
2 8 23 30
2 2 39 29
2 8 35 30
2 8 25 45
2 8 4 78
8 2 4 77
6 2 3 78
6 2 4 80
2 9 23 89
1 2 21 89
3 2 18 90
2 10 19 3
2 10 1 17
2 2 5 17
2 10 31 33
2 10 9 47
2 12 15 14
2 12 5 30
2 12 35 27
2 14 19 10
2 16 27 28
2 18 29 38
2 26 7 35
2 2 23 39
2 26 19 39
2 32 9 42
7 2 29 1
7 2 1 3
7 2 27 4
7 2 25 5
7 2 27 6
7 2 19 9
7 2 21 9
7 2 21 11
7 2 19 12
7 2 17 13
7 2 5 16
7 2 27 17
7 2 29 17
7 2 21 19
7 2 25 18
7 2 23 19
7 2 1 20
7 2 17 20
7 2 21 21
7 2 1 22
7 2 33 25
7 2 29 26
7 2 31 27
7 2 7 30
7 2 29 31
7 2 1 33
7 2 31 33
7 2 25 37
7 2 11 39
7 2 11 41
7 2 29 43
7 2 5 45
7 2 1 47
7 2 21 46
7 2 3 47
7 2 23 48
7 2 21 49
7 2 19 53
2 2 22 52
7 2 34 51
7 2 3 55
6 2 20 54
6 2 9 55
3 2 35 56
7 2 13 55
8 2 15 55
2 2 17 54
2 2 30 56
7 2 39 56
7 2 29 59
7 2 12 60
3 2 12 60
3 2 31 59
7 2 16 60
6 2 21 60
2 2 24 59
7 2 2 61
2 2 32 60
2 2 1 61
7 2 5 60
3 2 5 61
8 2 10 62
2 2 5 60
8 2 5 59
7 2 8 61
7 2 26 60
7 2 42 62
1 2 41 63
7 2 25 65
7 2 36 70
7 2 31 71
7 2 9 72
7 2 36 74
7 2 18 75
7 2 44 75
2 2 43 75
7 2 27 76
7 2 34 74
7 2 2 77
8 2 5 76
6 2 4 77
7 2 4 76
7 2 6 75
7 2 16 76
7 2 3 79
8 2 4 79
2 2 5 78
7 2 6 78
7 2 30 77
7 2 13 79
7 2 18 80
7 2 3 81
7 2 26 82
7 2 29 83
7 2 38 83
7 2 6 85
5 2 8 85
2 2 26 84
2 2 34 85
2 2 18 86
1 2 33 85
7 2 9 84
6 2 9 85
2 2 31 83
2 2 41 82
1 2 40 82
7 2 14 85
1 2 13 86
2 2 34 85
7 2 11 86
7 2 12 86
7 2 13 86
1 2 20 86
3 2 21 87
7 2 32 87
7 2 26 91
7 2 27 91
7 2 24 92
7 2 33 92
7 2 1 94
8 2 1 95
6 2 15 94
2 2 20 93
2 2 1 96
2 2 5 96
2 2 8 97
7 2 26 93
2 2 28 92
7 2 30 91
7 2 32 94
7 2 33 95
6 2 33 94
7 2 10 96
7 2 20 94
3 2 20 93
7 2 26 93
7 2 24 95
7 2 15 96
7 2 8 97
7 2 27 98
7 2 9 99
6 2 32 99
7 2 13 100
7 3 30 55
7 3 11 57
7 3 26 57
7 3 17 60
7 3 23 61
7 2 25 61
7 2 32 62
7 3 2 63
6 2 2 63
3 2 4 64
5 2 5 62
5 2 10 65
7 2 11 67
7 3 8 66
2 2 37 66
7 2 13 66
7 3 20 63
7 2 33 62
7 2 31 63
7 3 4 67
1 2 4 66
6 2 9 65
2 2 14 64
7 2 7 69
2 2 32 69
7 2 13 69
7 2 31 69
7 2 26 71
7 3 16 68
5 2 26 69
7 3 25 68
7 3 23 71
7 2 31 71
7 2 34 72
7 3 25 73
7 3 16 83
7 2 22 83
7 2 33 82
7 3 28 84
7 3 18 85
5 2 17 86
7 2 18 86
7 3 3 87
2 2 35 88
6 2 17 86
7 3 24 89
7 3 1 90
5 2 26 90
3 2 11 90
7 2 9 90
5 2 8 91
7 3 13 90
7 3 9 91
7 3 33 95
6 2 35 94
2 2 38 93
7 4 37 2
7 4 1 5
7 2 3 5
7 4 3 7
7 4 7 9
7 2 23 10
7 4 19 9
7 4 9 11
7 4 19 13
7 4 13 14
7 2 17 14
7 4 1 18
7 2 11 18
7 4 27 27
7 4 27 35
7 4 35 35
7 4 15 47
7 4 29 49
7 4 25 50
7 4 2 52
5 2 1 52
1 2 12 53
1 2 1 54
5 2 4 53
1 2 15 53
8 2 13 52
2 2 29 51
2 2 5 54
7 2 9 51
7 2 12 52
5 2 11 53
6 2 25 51
7 2 23 51
1 2 22 52
7 2 24 52
7 2 13 53
3 2 12 54
7 2 17 55
7 2 19 55
7 2 22 55
7 3 3 53
3 2 6 54
7 3 23 53
7 4 9 55
5 2 30 55
2 2 12 56
7 2 12 55
7 2 28 55
7 4 24 55
7 4 14 60
5 2 23 59
7 2 34 57
7 4 19 59
7 4 13 65
1 2 13 66
7 2 28 66
7 4 17 67
6 2 24 69
7 4 8 74
7 4 15 78
7 4 6 81
7 2 30 80
7 2 22 81
7 2 38 82
1 2 37 82
6 2 37 83
7 3 26 81
7 3 30 83
7 4 3 91
8 2 6 92
6 2 7 92
7 2 10 91
7 4 16 93
5 2 23 93
7 4 32 93
7 4 31 98
7 5 11 92
7 3 27 93
7 4 23 92
8 2 23 92
7 6 31 27
7 6 27 37
7 6 13 57
7 6 4 68
1 2 5 70
3 3 4 71
1 2 12 71
2 2 7 70
2 2 17 70
8 2 31 71
2 2 24 69
7 2 26 71
7 3 19 69
7 4 20 67
7 6 27 74
3 2 24 75
7 6 21 78
6 2 26 80
1 2 25 80
7 6 1 84
6 2 5 83
7 2 10 83
7 2 21 84
7 2 17 85
7 5 15 83
6 2 19 82
7 2 24 81
7 6 25 95
7 7 27 51
7 7 4 57
5 2 3 57
1 2 4 59
7 2 14 60
7 6 17 61
7 7 11 79
8 2 21 78
6 2 21 77
1 2 20 77
7 7 15 87
7 2 30 88
7 6 27 87
6 2 23 88
7 7 18 87
5 2 17 89
7 8 11 22
7 4 23 21
7 8 17 30
7 8 13 31
7 8 21 43
7 8 12 61
2 2 28 63
7 2 14 64
7 9 15 97
7 10 7 6
7 10 16 72
7 2 18 75
7 12 19 22
7 2 19 23
7 12 17 25
7 2 17 27
7 6 23 28
7 10 21 24
7 12 23 57
7 14 1 8
7 2 13 12
7 15 11 50
7 18 5 9
7 20 5 12
7 4 25 15
7 4 15 17
7 2 17 17
7 6 3 14
7 6 19 16
7 20 3 34
7 12 5 34
7 2 7 36
7 2 5 37
7 10 17 31
7 16 9 28
7 18 11 34
7 20 1 39
7 22 3 1
7 2 7 3
7 4 9 4
7 2 11 4
7 22 13 5
7 22 17 14
7 22 7 47
7 24 9 1
7 66 7 37
7 84 3 18
4 2 29 51
4 2 25 53
4 2 5 59
8 2 9 58
4 2 11 60
8 2 11 60
4 2 2 65
4 2 33 66
4 2 27 71
6 2 26 71
4 2 30 72
4 2 2 73
4 2 30 74
4 2 6 76
4 2 27 80
4 2 5 81
3 2 5 80
7 3 12 80
4 2 15 87
2 2 15 86
3 2 15 87
7 2 26 87
4 2 1 88
2 2 8 87
4 2 10 86
4 2 1 90
5 2 1 89
3 2 13 90
4 2 11 92
1 2 10 92
8 2 13 93
2 2 11 93
4 2 1 93
4 2 28 94
4 2 10 98
6 2 13 97
4 3 32 51
4 3 25 62
4 3 2 76
5 2 4 75
3 2 3 75
4 3 5 75
2 2 25 74
4 2 6 76
7 2 6 75
8 2 7 74
6 2 16 76
4 2 9 78
4 3 21 80
2 2 20 80
4 3 31 82
4 3 4 88
4 2 11 86
4 2 12 87
7 2 12 86
4 3 29 94
3 2 28 95
4 3 4 98
1 2 7 98
8 2 17 98
7 2 4 98
8 2 3 98
3 2 26 99
7 2 16 98
4 2 24 99
4 4 6 56
6 2 4 57
4 4 23 53
7 3 23 53
2 2 23 55
4 4 13 72
6 2 15 72
1 2 22 71
7 2 20 71
4 5 9 60
3 2 8 60
4 5 27 66
1 2 26 66
2 2 29 66
4 5 3 78
8 2 5 79
7 2 13 80
2 2 7 78
4 3 16 77
4 5 3 81
4 5 17 99
4 6 3 53
1 2 5 54
2 3 1 54
8 2 5 55
6 2 2 53
4 4 3 53
5 2 8 53
5 3 2 53
4 5 20 51
4 6 24 62
4 6 14 75
4 3 16 77
4 6 20 73
4 6 1 82
8 2 1 84
3 2 1 86
5 3 9 85
8 2 7 86
2 2 7 85
4 2 7 87
1 2 6 88
4 4 20 89
4 6 4 98
4 7 21 66
4 8 3 57
2 2 10 56
7 2 16 57
7 2 4 59
4 2 4 59
6 2 3 60
4 2 3 60
5 2 5 59
8 2 2 60
4 3 4 57
8 2 6 57
4 2 11 55
4 6 9 61
2 2 8 61
2 2 8 63
4 2 11 62
1 2 11 63
7 2 10 62
4 2 18 64
8 2 17 64
4 8 16 58
4 8 5 90
1 2 4 91
2 2 3 93
7 2 5 93
5 2 17 92
4 4 5 91
8 2 4 91
4 4 5 91
6 3 5 90
4 4 13 93
7 2 13 94
3 2 12 93
4 8 12 96
7 2 11 96
4 7 13 96
3 2 12 96
2 2 13 95
2 2 16 94
4 9 11 67
5 2 10 70
7 2 26 66
6 2 20 66
4 2 20 69
4 10 8 61
8 2 9 62
2 2 9 63
7 2 10 62
4 15 11 87
3 2 12 88
4 20 18 82
7 2 14 85
2 2 14 84
4 21 14 55
8 2 13 55
6 3 12 56
5 2 11 56
4 21 8 64
8 2 3 65
7 2 8 63
7 2 3 65
4 5 11 64
4 24 14 69
2 2 16 72
5 2 16 72
1 2 15 71
4 27 7 95
1 2 8 95
4 29 8 63
7 2 7 66
7 2 10 70
2 2 9 69
3 3 5 64
4 41 10 88
6 2 10 95
2 2 12 94
4 91 3 69
7 2 7 68
7 2 3 70
7 2 3 73
7 2 8 78
7 2 6 84
2 2 6 80
8 3 5 83
5 3 4 80
1 2 9 87
3 2 5 76
3 2 5 81
1 2 4 82
3 2 6 83
6 2 10 67
5 2 9 67
6 2 5 72
6 2 4 82
2 3 3 83
1 3 3 84
6 2 5 87
6 3 4 79
3 2 3 79
4 778 1 1
2 2 1 1
8 2 1 1
1 2 7 6
3 2 1 1
3 2 5 3
