32783
2159
2 14 25 33
2 14 57 39
7 12 49 9
4 12 23 12
8 12 15 26
4 12 73 33
4 10 45 5
7 14 53 4
8 10 45 4
5 10 13 8
3 10 31 17
8 10 25 19
3 10 43 23
7 10 43 24
7 10 1 26
2 12 57 27
7 10 5 34
2 10 13 37
7 10 79 40
5 10 3 43
1 10 79 45
6 14 81 45
3 10 37 47
2 8 41 8
5 12 41 8
3 10 67 7
2 8 1 17
6 12 37 15
1 8 1 15
4 10 73 14
7 8 15 22
3 10 53 21
7 8 33 1
5 8 63 3
5 10 71 5
7 8 35 1
6 8 5 3
7 8 57 37
2 10 67 38
1 8 61 6
8 8 55 40
2 10 71 39
3 8 13 45
4 10 47 47
6 8 37 7
4 8 33 7
3 8 39 6
2 8 45 8
5 8 49 10
7 8 73 15
5 8 73 14
2 10 79 15
3 8 73 13
2 8 25 23
7 8 25 26
5 8 53 28
6 8 17 30
6 10 61 29
1 8 31 29
4 10 35 27
7 10 61 30
7 8 33 26
4 8 79 24
7 10 85 22
5 8 63 28
6 8 25 32
1 8 5 34
4 8 5 33
7 8 85 31
2 8 61 33
4 8 17 39
3 8 53 39
1 8 63 41
4 10 63 42
8 7 65 56
2 11 65 54
2 7 13 50
4 8 67 48
7 8 9 49
2 8 47 50
4 8 63 48
5 10 65 47
1 7 47 50
2 7 78 53
6 7 21 64
4 7 22 65
8 7 60 67
6 7 34 84
5 6 1 3
5 12 37 2
3 10 23 1
7 8 19 1
6 8 27 2
6 10 39 3
4 6 7 2
6 10 7 1
4 6 11 2
3 8 17 3
2 8 39 1
6 8 45 1
2 8 17 5
2 8 53 5
7 8 37 5
5 6 7 3
4 12 37 2
4 8 23 1
1 8 41 1
7 6 33 3
8 10 35 2
2 6 29 9
8 8 35 9
7 6 3 13
2 8 25 14
5 8 23 13
8 6 35 13
1 10 41 11
4 10 51 12
6 8 67 12
4 8 37 13
8 10 65 11
8 8 71 9
2 8 51 12
7 6 7 14
7 10 15 13
7 6 27 18
8 10 83 18
1 10 63 19
4 8 37 19
4 8 53 17
3 8 59 19
7 6 19 10
1 8 63 10
4 6 37 9
3 8 35 8
8 6 17 10
1 10 31 8
1 8 37 6
7 6 43 17
5 8 55 15
1 6 31 19
2 8 35 19
1 8 49 21
5 8 77 22
2 6 11 23
6 10 47 22
6 6 3 24
8 8 49 22
5 8 5 24
6 8 33 23
5 6 33 24
8 8 37 23
5 6 23 1
7 6 7 27
1 8 5 29
4 8 9 27
4 8 19 28
8 10 67 25
4 8 27 30
3 6 19 2
7 6 17 1
4 6 19 4
8 6 27 6
6 6 47 6
8 6 39 10
6 6 49 11
2 6 35 31
5 8 55 32
5 6 13 30
6 8 55 30
5 6 1 32
2 10 67 30
6 8 55 33
7 6 31 29
2 8 53 29
3 6 3 32
3 8 23 31
7 8 31 33
1 8 29 33
2 6 67 11
6 6 9 37
4 8 43 38
1 6 17 36
4 8 59 35
5 6 51 12
1 6 49 13
4 10 49 11
2 6 25 15
5 6 27 14
5 6 31 14
4 6 33 17
7 6 61 18
4 6 71 17
2 6 27 40
6 8 39 40
5 12 41 41
8 8 47 42
6 10 59 38
1 6 9 40
8 12 33 38
3 6 53 41
7 8 63 42
2 8 67 44
1 8 65 45
6 6 57 41
8 8 69 43
4 6 61 22
8 6 25 26
7 6 45 25
4 8 45 24
7 6 53 23
8 8 55 23
8 6 61 22
3 6 59 21
3 6 53 24
3 6 31 30
3 6 33 29
4 6 45 28
6 6 29 32
4 6 7 33
8 8 21 34
7 6 31 34
1 6 37 45
6 10 63 46
4 6 11 46
2 8 67 46
2 6 1 47
6 8 13 46
2 8 27 45
3 8 59 47
5 7 59 48
5 6 31 48
1 8 53 48
8 6 9 35
7 6 7 36
6 8 35 34
8 10 37 36
8 6 3 41
6 8 41 39
7 6 31 35
8 8 51 36
3 8 47 38
5 10 51 38
7 6 11 41
3 8 11 41
7 6 69 36
7 6 37 37
2 6 43 38
1 8 43 37
1 6 47 36
3 6 33 39
3 6 34 93
6 7 70 94
4 8 79 94
6 6 3 42
5 6 31 41
4 6 31 41
5 6 43 39
1 6 13 45
2 6 15 45
5 8 15 44
7 6 35 44
6 8 33 45
8 6 13 44
4 6 19 43
3 8 37 42
6 8 43 41
6 6 29 45
2 8 29 44
2 6 19 48
4 8 39 46
4 6 39 41
6 6 37 48
2 6 37 47
6 6 25 49
3 6 25 49
7 6 49 48
7 6 43 50
3 6 29 68
7 6 2 84
6 6 20 94
5 5 5 50
4 7 23 49
5 6 45 48
1 5 72 58
7 7 70 58
4 5 28 68
6 7 62 67
7 6 59 67
1 5 42 57
4 6 88 57
7 5 28 61
6 6 77 62
8 6 34 62
6 5 2 76
6 6 47 74
3 5 16 86
6 6 35 86
8 7 61 86
1 5 23 80
5 6 88 82
3 5 23 80
3 6 53 79
5 5 29 81
8 6 51 79
7 5 13 50
4 5 13 51
7 5 15 50
1 6 19 50
1 6 39 52
4 5 27 54
8 5 63 58
7 5 49 72
8 5 40 84
7 5 56 85
4 5 76 87
2 5 86 87
2 5 60 90
6 5 8 95
4 5 19 96
4 6 36 94
8 6 56 93
2 4 3 2
5 6 27 1
2 4 17 3
1 6 23 3
1 4 9 4
3 6 21 3
7 4 15 4
3 6 11 5
6 6 15 3
8 6 13 4
1 6 35 5
6 4 1 5
5 6 27 5
5 4 7 5
2 6 21 5
7 4 15 4
6 6 13 5
8 6 15 4
4 6 19 2
3 6 27 6
4 4 25 6
3 6 23 6
8 4 7 7
5 6 53 7
5 4 11 1
6 4 11 1
4 4 11 1
7 4 17 1
8 4 1 2
1 4 9 2
8 6 9 1
1 4 5 8
7 6 5 8
1 6 11 9
8 6 19 9
5 6 39 10
7 4 13 7
4 6 19 7
7 4 11 2
8 4 17 1
2 4 11 3
5 4 11 2
7 4 9 9
6 6 35 7
6 6 37 9
7 6 43 11
1 4 5 9
3 6 11 7
6 4 3 8
6 6 13 8
6 6 15 7
7 6 17 7
7 4 11 9
2 8 15 8
4 10 11 9
6 4 1 11
3 6 15 11
7 6 21 12
4 4 5 4
3 4 5 3
1 4 5 2
2 4 9 1
4 4 9 1
2 4 3 2
1 4 11 4
2 4 21 4
4 4 23 4
3 4 19 6
2 4 19 6
7 4 35 14
2 6 39 14
7 6 37 14
3 4 25 14
6 6 31 12
6 4 1 15
3 6 15 14
4 6 21 15
3 6 29 16
3 6 55 16
4 6 51 17
2 4 25 14
8 6 23 15
1 4 25 16
7 6 23 16
6 6 43 16
7 4 31 7
4 4 33 7
5 4 11 8
3 4 21 7
4 4 19 8
8 6 19 7
6 4 19 8
2 4 15 9
8 4 7 10
1 6 13 9
7 6 11 9
5 4 9 9
2 4 7 10
5 4 11 11
3 4 41 17
8 6 45 18
7 4 15 18
8 8 33 18
1 6 21 18
2 8 39 16
2 6 27 19
1 6 41 19
6 6 43 19
5 6 33 19
5 6 37 19
5 4 15 19
1 6 13 20
3 6 37 19
8 4 11 20
2 8 57 21
4 4 43 20
7 8 43 20
5 4 19 21
7 6 17 21
4 4 13 19
6 6 23 20
1 6 31 22
6 6 45 23
7 4 31 19
1 6 29 19
5 6 31 18
4 6 31 20
8 6 29 19
4 4 35 17
6 6 33 17
3 6 29 18
4 4 23 21
5 6 25 21
3 6 23 23
4 6 37 24
3 4 21 11
2 4 21 11
4 4 25 11
3 6 43 12
8 4 13 12
6 6 17 11
5 6 19 11
1 6 15 12
7 4 13 12
4 8 13 11
1 6 23 12
8 6 13 11
3 4 7 14
7 6 19 13
4 4 15 15
1 6 31 16
2 4 3 22
2 6 35 23
3 8 33 22
5 4 7 22
4 10 15 20
5 6 31 22
1 6 5 23
4 8 29 22
7 4 15 22
2 6 23 23
4 6 11 23
5 6 21 24
4 4 3 23
3 8 5 21
5 6 9 24
2 4 7 20
6 6 7 20
5 4 7 20
8 6 15 20
2 6 13 19
7 4 11 11
8 4 9 11
7 4 11 13
8 4 19 12
8 4 15 14
2 4 9 16
7 4 13 19
4 6 15 17
2 4 13 15
6 4 11 16
3 4 9 16
4 4 1 26
2 8 13 26
1 6 19 24
7 6 13 29
6 6 15 29
1 6 31 27
3 6 39 29
5 4 11 26
1 6 45 26
4 4 19 25
2 6 25 26
3 6 17 25
1 4 7 16
1 4 19 16
2 4 11 17
5 6 23 16
6 6 19 17
3 4 5 27
4 6 19 27
1 6 15 29
5 4 33 26
6 8 33 25
2 4 17 17
7 4 27 16
8 4 9 28
8 6 21 27
2 4 17 28
2 6 21 28
2 4 19 19
1 4 23 21
8 4 17 30
4 6 21 30
7 6 21 30
8 6 25 30
3 6 39 31
1 6 19 31
6 4 19 29
5 6 25 30
6 8 51 32
7 4 9 30
4 6 33 31
6 4 7 31
2 10 7 30
5 8 5 31
8 6 3 31
7 6 23 32
2 6 21 34
2 8 41 33
5 6 19 34
3 6 33 34
5 4 5 23
6 4 9 22
7 4 11 21
8 4 7 22
5 4 1 24
2 4 3 23
6 6 1 24
1 4 3 25
8 6 1 26
1 6 17 26
7 6 1 27
4 4 3 25
7 6 3 24
8 6 1 23
8 4 11 25
3 4 21 26
4 4 3 27
6 4 7 27
5 6 5 28
3 8 7 28
5 6 13 29
4 6 7 28
7 4 13 26
5 6 15 25
6 6 11 26
8 6 13 27
7 4 11 31
2 6 11 30
4 4 11 25
4 4 13 25
2 4 1 35
6 6 37 35
5 8 35 35
7 6 35 35
3 4 11 32
4 6 25 33
8 4 9 32
4 6 9 31
3 4 7 32
2 6 21 33
4 4 9 32
5 6 11 33
4 4 15 32
3 6 13 32
6 4 3 32
1 6 7 31
3 4 25 36
3 6 31 36
1 4 11 27
7 4 11 26
2 4 13 27
6 4 3 28
7 4 7 27
8 4 1 28
2 4 1 28
3 6 1 27
6 6 5 27
1 6 1 29
5 4 1 26
3 4 7 25
3 4 3 28
8 4 5 31
7 4 19 37
8 6 17 37
2 4 1 37
4 6 27 38
2 6 25 39
1 6 25 39
6 4 3 36
4 6 15 36
7 4 1 38
2 6 3 38
7 6 27 38
5 6 7 39
6 6 17 39
2 8 27 40
3 6 9 38
5 6 17 37
2 6 7 38
8 6 15 37
4 6 31 36
8 6 5 39
3 6 1 40
7 8 11 38
6 6 11 37
1 4 1 38
4 6 7 39
6 4 3 40
1 6 23 41
8 8 21 41
7 4 1 40
3 10 3 39
4 4 7 41
5 6 25 42
4 4 25 32
8 4 13 33
7 4 27 34
8 4 25 34
2 4 7 43
3 6 15 44
5 6 33 43
2 6 31 43
5 6 17 46
6 4 17 43
2 6 23 42
7 6 35 44
8 4 19 35
5 4 25 34
1 4 23 35
4 4 5 44
8 8 25 43
3 6 7 43
7 8 15 44
2 8 13 42
4 8 21 45
4 6 13 44
2 4 3 44
6 6 13 43
7 4 3 43
7 6 33 42
5 4 3 45
1 6 15 45
4 4 29 35
5 4 3 36
4 4 3 35
1 4 5 35
7 6 1 36
8 4 7 34
2 6 21 34
3 4 13 34
4 6 11 34
1 4 13 33
3 4 3 35
6 4 7 36
2 4 9 36
5 4 15 35
8 4 13 36
3 6 21 36
7 4 11 36
1 4 11 35
6 4 9 35
5 4 1 38
4 4 1 37
3 4 1 37
4 4 7 36
1 4 5 37
6 4 11 36
2 4 9 37
1 4 1 39
1 4 1 40
6 4 5 40
3 4 23 47
8 6 25 45
5 5 25 47
1 6 31 46
8 7 29 47
2 5 39 48
4 4 15 47
4 6 23 47
7 4 11 45
2 6 17 45
5 4 5 50
2 6 49 50
7 5 72 50
1 8 75 52
5 4 72 49
3 6 72 49
7 5 76 53
4 4 15 49
8 5 83 51
7 4 52 58
1 5 84 57
7 4 56 56
5 7 56 57
6 4 49 59
6 5 75 59
1 4 7 41
8 4 9 41
4 6 5 42
8 4 3 61
5 5 20 61
1 5 77 61
3 5 62 61
4 5 79 62
2 4 33 64
5 5 40 63
6 5 39 65
3 5 34 63
6 5 57 63
4 6 60 62
4 4 41 65
3 5 65 65
5 4 70 63
5 5 76 60
8 5 76 62
7 4 15 41
4 4 15 41
4 4 26 69
1 5 82 70
4 5 82 73
3 4 1 44
1 4 1 45
8 6 13 45
4 6 1 46
7 5 3 47
4 5 3 47
6 4 7 48
8 5 11 47
3 5 11 47
6 6 11 47
3 4 42 70
8 5 42 69
6 8 58 69
5 7 77 70
8 6 74 70
2 5 46 71
5 9 58 70
1 6 65 74
3 4 36 65
7 6 61 66
8 4 33 66
4 5 49 64
7 4 36 72
4 5 78 69
6 5 76 69
8 7 75 71
2 4 25 70
6 5 57 72
1 5 77 74
3 4 36 68
7 5 40 69
6 4 32 71
3 5 50 73
1 5 71 72
6 4 49 74
3 5 50 74
5 6 67 75
1 5 50 75
2 4 48 75
4 5 63 76
1 4 15 76
7 5 43 76
8 4 1 43
8 4 3 42
1 4 13 41
3 6 13 41
3 4 1 44
1 4 1 43
3 4 9 45
7 4 15 45
6 4 33 75
4 7 33 73
4 5 68 72
2 4 32 77
4 6 46 79
7 6 44 80
7 5 66 78
3 4 30 75
3 5 66 77
3 4 15 80
7 8 47 78
3 4 17 76
1 5 70 77
4 5 71 77
3 4 7 81
6 5 30 78
1 5 28 80
5 4 44 79
7 5 55 79
5 4 56 84
3 6 84 83
2 4 1 46
3 4 9 48
2 4 7 48
7 4 6 89
6 5 46 88
4 4 23 86
6 5 67 88
3 4 19 87
5 5 74 86
7 4 2 50
6 4 12 50
5 5 46 50
3 4 78 52
7 4 34 56
4 4 44 55
5 4 39 56
3 4 51 54
4 5 76 52
3 5 78 52
2 4 74 52
6 4 25 60
6 4 40 60
2 4 48 58
2 4 66 56
2 4 48 94
3 7 48 92
8 4 18 95
8 6 45 96
2 6 38 94
8 5 57 96
8 6 65 93
3 6 85 96
6 4 67 70
2 4 1 73
5 4 9 73
1 5 9 74
4 6 24 72
1 4 28 74
1 5 60 73
4 4 55 80
8 4 74 81
2 4 33 83
1 4 44 87
6 4 85 87
6 4 41 88
7 4 72 88
5 7 83 86
3 4 70 88
1 4 24 93
5 4 71 93
5 4 16 97
2 3 32 51
6 6 68 52
4 4 41 51
1 4 47 50
1 4 40 52
8 4 59 52
5 3 17 50
4 5 16 50
6 4 34 49
7 3 22 53
6 6 44 53
2 4 60 55
2 4 51 55
3 3 1 48
1 4 60 49
1 3 8 51
7 4 58 49
4 4 11 50
1 4 23 51
5 4 28 49
7 3 6 52
2 5 7 50
8 4 25 52
4 3 7 53
8 5 5 54
1 5 16 52
4 4 22 50
6 4 24 50
7 4 23 50
4 4 29 53
6 4 22 55
3 5 54 56
6 4 52 56
5 6 52 54
7 4 30 56
5 5 39 54
6 4 59 54
6 4 62 57
7 3 4 55
7 5 20 56
3 4 33 58
4 4 26 56
7 4 70 58
3 3 1 57
3 5 24 57
2 3 13 52
2 4 28 51
4 5 28 51
5 4 58 53
1 3 24 52
5 4 28 50
3 4 33 49
8 3 51 49
3 4 50 49
7 3 38 56
4 4 40 55
4 3 14 57
8 4 23 58
1 4 26 56
8 4 38 58
7 4 37 59
1 4 71 61
7 3 5 58
4 5 41 59
3 4 5 56
7 4 41 55
2 3 5 58
8 5 24 56
3 6 40 57
6 4 23 56
1 4 45 58
5 3 1 59
4 5 48 58
1 4 22 58
4 4 56 59
2 4 59 62
2 4 61 63
1 4 60 64
6 3 26 57
5 4 25 57
2 6 24 57
8 4 39 55
8 3 32 49
7 3 2 61
8 5 37 58
8 4 15 59
3 4 37 62
8 5 50 62
8 4 18 62
2 4 20 63
5 4 20 64
2 4 33 66
8 5 39 66
1 4 42 67
1 4 72 68
5 4 55 66
5 3 9 62
6 5 29 61
1 5 32 61
1 4 10 63
3 4 55 63
5 4 48 61
6 5 52 61
6 3 32 59
3 4 40 58
8 4 55 61
5 4 42 61
4 4 52 62
3 3 22 62
4 4 43 63
7 3 9 63
1 4 42 61
7 5 41 61
2 4 41 60
6 3 45 57
3 4 44 59
5 3 31 58
7 4 41 59
2 3 15 65
2 4 31 63
3 4 58 66
8 4 49 66
7 3 35 63
6 4 34 64
8 3 17 64
4 4 33 62
5 3 4 66
8 4 26 65
7 6 40 63
2 4 31 65
8 3 1 67
4 4 21 66
5 4 58 68
1 4 37 67
3 3 10 66
1 4 44 66
8 4 16 67
2 4 70 68
1 3 11 67
8 4 11 68
4 5 11 70
1 4 13 68
8 4 17 67
3 4 42 66
8 4 10 71
7 4 25 72
3 5 33 72
1 4 33 71
3 4 62 69
5 4 56 71
1 3 5 66
7 4 10 66
2 4 9 65
7 4 12 67
7 3 26 63
4 4 36 65
1 3 24 64
3 4 27 62
7 3 33 67
5 4 34 67
3 3 34 63
4 4 43 64
6 3 36 66
4 4 36 67
2 3 32 67
4 5 44 67
8 3 39 66
5 4 40 66
2 3 30 67
7 5 38 66
1 4 57 70
5 3 17 50
8 3 43 49
1 3 30 51
8 3 16 53
3 3 17 52
8 3 24 50
3 3 23 51
1 4 35 52
4 4 33 50
2 3 26 52
5 3 30 52
6 4 35 51
8 3 7 71
3 4 25 72
7 4 50 72
6 3 8 68
1 4 44 68
2 3 11 66
4 4 28 67
3 4 50 68
4 3 15 71
4 4 25 72
5 4 30 72
2 3 24 71
1 5 24 71
5 4 40 70
1 3 17 70
8 4 15 70
6 4 13 70
5 3 12 70
6 4 39 70
8 3 29 69
2 4 32 68
8 4 35 67
2 3 29 70
2 4 50 72
6 3 14 55
4 3 16 54
7 3 48 53
3 3 30 56
6 3 34 56
2 3 11 76
1 4 17 74
1 4 11 76
3 5 23 76
5 3 3 73
1 4 40 73
6 3 4 72
7 4 39 72
5 3 12 75
2 5 23 75
2 4 18 74
6 3 15 74
8 4 36 75
5 3 4 77
2 8 4 76
7 5 21 78
2 4 24 78
2 4 51 76
2 4 32 79
4 4 30 79
1 4 62 77
8 4 61 80
5 3 19 75
4 4 34 74
2 3 47 61
8 3 7 76
8 4 12 77
3 3 14 74
8 4 18 75
8 3 34 62
4 3 16 79
1 4 41 80
4 4 62 80
7 3 12 79
1 4 46 79
6 4 46 78
6 5 52 77
1 3 6 81
4 5 7 80
6 6 59 80
8 5 80 83
6 3 11 78
6 4 38 79
5 3 31 78
8 4 38 80
4 4 36 81
1 4 69 82
6 3 20 80
2 4 23 82
4 4 23 81
3 4 47 83
8 4 54 83
6 3 14 81
7 4 16 82
1 4 30 84
3 5 50 85
5 4 32 87
7 4 38 88
7 3 53 83
1 4 53 82
3 3 27 83
3 4 52 84
6 3 46 83
8 4 46 82
4 3 44 83
5 4 59 82
5 3 35 65
2 3 34 67
8 3 47 68
7 3 46 68
3 3 11 69
6 3 32 68
4 4 31 68
8 3 19 69
5 3 34 74
5 3 41 74
4 3 7 76
2 3 6 76
2 3 33 75
3 4 33 74
3 3 26 75
2 3 29 74
7 3 37 74
2 3 35 75
5 3 32 76
4 4 33 77
8 4 32 77
8 4 36 75
3 4 33 78
6 3 22 77
5 3 23 78
6 4 29 76
5 3 35 75
7 3 40 76
3 3 7 87
1 5 23 86
8 5 22 86
2 5 47 88
5 5 58 88
3 5 35 87
8 4 11 85
1 5 68 85
7 4 53 85
6 4 66 88
6 4 48 89
4 4 51 87
5 4 46 89
7 3 35 86
1 5 46 84
1 3 1 89
2 6 49 87
2 5 9 88
4 4 7 89
2 4 15 88
4 5 52 87
5 5 35 86
7 3 3 88
2 5 51 86
4 4 4 86
1 4 7 88
6 5 9 89
8 4 24 89
7 5 24 90
3 4 17 87
8 4 35 88
6 5 42 86
5 4 65 90
4 4 53 91
4 4 45 91
2 3 18 86
2 5 62 84
3 4 25 85
7 4 17 87
4 4 16 87
1 3 25 86
6 7 28 85
8 4 26 84
7 3 25 84
1 5 30 83
6 4 39 84
6 3 16 85
2 5 35 84
8 3 43 82
4 4 52 84
3 4 51 84
7 3 46 81
8 4 51 83
7 3 33 86
1 4 33 84
6 3 1 89
1 4 43 90
7 4 67 91
4 4 34 89
3 3 9 87
5 4 15 88
7 4 10 89
5 4 19 86
1 4 34 89
1 4 18 89
8 3 18 89
8 6 50 90
2 4 19 87
5 4 24 86
2 3 15 85
2 4 27 84
5 4 14 85
4 4 29 82
4 3 19 83
5 4 37 82
2 3 48 81
3 4 50 80
5 3 9 93
7 4 18 94
8 6 36 93
3 4 14 93
1 5 58 94
3 5 58 93
2 4 23 93
5 4 29 95
1 6 41 93
6 6 40 95
7 4 27 95
4 4 56 96
1 4 67 95
7 3 17 89
7 4 42 90
7 4 43 90
4 3 6 96
1 6 15 95
3 4 32 95
3 5 46 94
6 4 46 95
1 4 9 96
4 4 30 94
7 4 59 96
6 4 70 97
4 3 4 91
3 4 9 91
5 3 18 94
5 4 32 94
2 4 54 94
5 4 53 93
6 3 7 96
6 4 29 94
4 4 20 97
3 3 12 90
5 4 42 91
2 3 9 97
6 4 14 95
2 3 41 82
3 3 42 82
7 3 24 86
3 3 18 89
8 3 22 90
4 3 21 91
3 3 23 91
7 3 31 92
3 3 48 91
4 3 52 95
4 3 25 96
7 3 27 94
1 3 44 93
8 3 43 95
5 3 46 96
8 3 11 97
4 3 10 96
8 3 19 94
6 4 19 93
8 3 57 91
4 3 29 92
1 3 28 93
5 3 26 93
3 3 17 95
6 3 9 96
7 3 38 94
2 3 34 96
7 3 16 97
1 3 15 96
1 3 43 98
3 3 43 97
4 2 1 1
8 4 3 1
1 2 3 1
3 4 1 1
1 2 1 1
7 4 1 1
7 2 7 1
5 4 5 1
6 2 5 1
8 4 3 1
7 4 3 1
2 2 1 1
4 4 3 1
6 4 1 2
2 4 3 1
8 6 1 1
6 4 5 2
3 6 3 1
1 6 3 2
4 4 1 1
6 2 1 2
5 4 3 2
4 2 1 2
7 4 3 1
5 2 1 4
1 4 15 4
4 4 13 4
5 4 15 4
7 6 13 4
6 2 1 4
2 4 5 4
6 4 5 5
3 2 1 4
7 4 1 3
4 4 1 4
1 4 3 4
6 4 3 4
2 4 3 5
8 4 3 5
8 4 5 5
4 4 3 6
3 4 1 7
1 4 1 6
8 2 1 3
3 4 1 2
5 4 1 2
6 2 1 3
2 4 3 3
5 2 1 4
4 4 1 3
8 4 1 3
3 4 1 4
3 2 1 2
2 4 1 1
4 2 1 3
4 4 13 3
8 2 1 3
2 4 5 3
5 6 9 3
1 4 3 3
6 4 3 3
4 4 1 3
8 4 9 5
1 4 9 6
7 4 17 7
1 4 21 7
4 4 21 8
1 2 1 4
4 4 3 3
8 2 1 3
5 4 1 2
3 6 1 2
5 4 7 3
1 4 5 3
2 2 1 4
1 4 1 4
4 4 5 5
5 4 3 6
7 4 1 6
3 4 1 5
2 2 1 4
6 4 1 3
2 2 1 4
1 4 3 4
3 4 1 3
8 4 3 5
2 4 13 5
3 6 11 6
1 4 3 6
1 6 5 6
4 4 3 7
6 6 3 7
5 4 5 6
8 2 1 3
7 4 1 2
6 2 3 3
4 4 1 3
8 2 1 3
5 6 1 2
7 4 3 3
3 4 1 3
8 2 1 1
4 4 1 1
5 2 1 1
8 4 1 1
4 2 1 1
7 4 1 1
8 2 5 2
1 4 3 2
4 2 1 2
6 4 7 2
5 2 1 2
7 4 3 2
1 2 1 2
8 4 1 1
4 4 3 2
3 4 1 3
5 2 5 6
7 6 5 5
2 6 3 5
6 2 1 6
1 4 1 5
6 2 1 7
7 4 7 7
6 2 1 1
2 2 3 6
1 4 1 6
5 4 3 5
2 4 1 6
4 2 1 5
6 4 3 4
7 2 1 5
4 4 3 5
8 6 1 4
7 4 3 4
8 2 1 6
1 4 7 6
7 2 1 7
5 4 19 7
8 2 1 7
7 4 3 7
4 6 5 7
6 4 3 7
2 6 1 6
4 4 1 6
1 2 1 7
3 4 1 7
8 4 1 7
5 4 1 6
6 2 1 6
2 4 3 6
3 2 5 7
7 4 3 7
5 2 1 8
1 6 1 7
4 2 5 7
1 4 3 7
5 2 1 7
2 4 1 7
7 2 1 7
8 6 1 6
6 2 1 6
3 4 1 5
5 2 1 5
2 4 1 5
1 4 1 4
8 2 1 4
7 4 1 3
6 2 1 3
2 4 1 3
6 4 13 4
3 2 1 3
5 6 1 2
7 2 1 2
2 4 1 1
2 4 9 2
1 2 1 2
4 4 7 2
5 4 5 3
7 2 1 2
3 4 3 2
8 4 1 1
6 4 1 1
7 4 1 1
3 2 3 1
5 4 1 1
1 2 1 2
7 6 7 1
6 4 5 1
5 4 1 2
5 4 3 2
1 6 3 2
3 2 5 1
8 6 3 1
6 4 1 1
2 2 1 2
3 4 1 2
8 2 3 2
4 4 1 2
7 2 1 2
2 3 5 2
2 3 40 3
6 3 39 4
2 2 1 3
8 3 7 3
1 2 1 1
1 2 19 3
6 3 19 2
8 3 22 4
7 3 31 3
1 2 27 2
7 3 26 2
3 3 30 3
8 3 30 5
4 3 34 6
5 2 1 3
1 3 28 2
6 4 27 2
8 3 24 2
8 2 1 2
7 3 19 3
2 3 19 4
5 2 9 4
3 3 14 3
6 3 20 5
7 5 19 5
6 3 14 4
2 3 21 2
7 3 24 5
3 3 27 6
4 4 26 8
6 2 2 3
1 3 8 2
2 3 7 2
3 2 1 1
6 2 1 1
6 2 1 5
2 3 4 6
8 4 30 6
7 3 13 4
5 3 5 5
3 3 14 4
2 5 18 4
8 3 6 6
5 3 34 7
1 3 45 7
7 2 7 4
4 3 11 3
2 4 10 3
1 2 5 4
1 3 9 4
3 2 4 4
4 3 8 3
6 3 8 2
5 3 3 4
3 2 1 6
1 3 15 6
3 2 2 6
6 4 13 5
1 3 1 5
4 2 4 5
6 3 3 6
5 3 9 5
3 3 31 7
8 2 3 6
3 4 5 5
7 3 2 6
4 2 2 5
2 3 1 5
7 2 4 6
7 3 33 7
8 2 13 7
1 3 29 8
2 3 31 7
1 3 30 8
5 2 3 8
3 4 7 7
5 3 6 7
2 4 19 8
4 3 5 8
8 4 16 8
2 3 22 8
8 3 21 8
2 2 5 8
2 3 6 6
8 3 5 9
7 3 5 7
1 3 4 9
7 3 4 10
1 3 13 10
3 3 7 11
3 3 30 10
4 3 23 11
2 4 34 11
2 3 9 11
7 4 23 11
3 3 9 11
8 3 16 12
1 4 17 10
5 4 22 12
6 3 40 13
2 2 2 9
7 3 14 9
8 3 2 8
7 3 22 11
5 2 8 7
1 3 7 6
6 2 3 7
2 3 12 8
5 3 10 10
8 2 10 9
4 3 9 9
1 2 1 1
3 2 1 1
6 2 10 1
3 2 17 1
5 2 16 1
4 2 24 1
4 2 3 4
2 2 10 11
6 3 17 10
4 4 16 12
1 4 36 12
4 2 3 9
3 3 13 9
5 3 13 11
6 3 14 12
8 4 28 11
7 4 17 12
4 4 17 11
3 3 14 10
2 3 19 11
3 3 15 12
7 3 24 11
6 4 26 12
1 3 14 11
3 3 23 12
5 3 22 11
4 2 10 10
3 3 9 10
1 2 3 9
1 3 16 10
2 2 10 10
5 3 13 10
8 2 9 11
6 3 10 11
6 2 2 13
1 3 3 12
2 3 8 13
3 3 15 14
1 3 28 15
3 3 30 15
5 2 5 12
7 3 6 11
8 3 14 13
7 3 26 13
3 2 5 6
7 2 6 6
1 2 5 13
2 3 27 13
4 2 6 12
8 3 6 11
4 2 10 13
5 3 24 13
3 2 8 11
7 3 10 12
8 2 7 12
4 3 11 13
3 2 4 14
4 4 19 15
8 4 18 15
6 3 17 16
5 4 28 17
1 2 9 12
2 3 8 13
5 2 6 13
3 3 9 13
5 2 8 14
5 3 9 14
7 3 15 16
8 2 12 14
1 4 10 15
5 2 10 14
3 3 12 12
6 3 9 15
6 2 17 6
4 2 1 7
8 2 5 7
5 2 14 7
4 2 12 9
6 2 11 9
2 2 15 9
8 2 27 17
8 3 28 18
4 2 2 15
2 3 32 16
8 2 12 16
4 3 19 16
3 2 6 16
3 3 11 16
1 3 12 16
8 3 29 18
7 2 7 16
5 3 8 15
2 2 3 18
6 3 16 16
1 3 15 18
5 4 15 17
3 3 21 18
1 3 20 18
2 3 23 19
3 3 24 19
5 4 22 20
8 3 30 21
6 2 4 17
4 3 16 17
7 3 3 18
1 2 2 18
5 3 3 17
3 3 3 18
7 4 10 17
6 3 10 16
1 3 9 20
1 3 21 20
7 3 32 21
6 2 2 18
4 3 3 18
8 3 2 17
3 2 4 16
1 4 4 15
5 2 14 16
1 3 12 16
2 2 2 19
8 3 3 17
6 2 5 12
5 2 8 11
2 3 8 10
6 2 6 14
7 3 7 12
6 2 8 9
2 2 5 13
1 2 6 13
8 3 4 13
8 2 11 14
4 2 4 22
1 3 4 21
2 4 28 22
1 3 25 21
4 3 28 23
6 2 3 21
4 4 7 20
7 3 8 22
4 3 9 22
6 3 14 22
2 3 23 20
2 3 17 24
2 3 29 24
8 3 34 24
7 3 15 25
6 3 33 26
3 3 34 28
3 2 3 19
2 3 16 20
7 3 15 21
4 2 3 16
3 3 5 17
8 4 5 15
5 2 6 20
3 3 17 21
7 2 10 21
1 3 16 22
4 3 19 24
4 3 15 23
1 3 29 25
5 3 27 26
7 3 28 27
4 2 2 23
7 3 6 22
4 2 3 23
5 4 14 22
5 3 8 22
4 3 12 20
3 3 11 22
8 4 10 21
1 3 7 22
6 4 8 21
3 3 20 24
6 2 20 25
8 3 23 25
4 3 19 24
3 2 8 26
5 3 8 25
1 2 3 26
6 3 25 26
8 3 26 27
2 2 16 24
4 3 21 25
6 2 8 25
7 4 17 24
8 3 14 24
1 2 14 24
3 3 17 24
1 2 7 26
7 4 11 25
5 3 12 25
8 3 19 26
4 3 15 24
2 2 11 25
7 3 14 25
4 3 16 26
3 2 15 27
1 4 14 26
8 2 5 26
5 3 5 26
7 2 2 27
4 3 8 25
7 3 5 28
5 3 7 29
5 3 11 30
3 4 25 29
7 4 32 30
2 4 23 31
8 3 10 27
4 3 9 27
6 3 31 30
1 3 29 30
4 3 33 29
3 3 32 31
5 3 29 30
4 2 2 26
6 4 2 26
2 2 2 17
7 2 10 16
6 2 7 17
2 2 9 19
6 2 8 19
7 3 7 19
6 2 2 27
8 4 1 26
3 2 11 28
8 3 20 29
1 4 19 29
6 3 27 31
5 3 25 31
8 3 25 31
2 3 37 32
1 3 36 32
6 3 29 33
6 3 46 33
5 2 14 28
5 3 22 29
8 2 7 29
4 3 23 30
2 2 4 30
2 3 19 28
2 3 20 30
3 3 20 31
8 4 36 32
5 3 20 32
5 3 28 33
2 3 43 33
6 2 4 30
6 4 13 29
1 3 12 31
1 3 22 32
2 4 27 32
7 3 30 34
7 4 37 34
7 3 21 33
4 2 9 30
2 3 8 30
8 3 10 29
7 2 11 29
1 3 11 29
2 2 3 32
5 3 10 30
4 4 33 32
7 3 9 31
2 2 1 33
6 3 7 34
7 4 6 33
1 3 5 35
3 4 11 34
3 3 24 32
8 2 3 32
6 4 2 33
5 3 25 32
7 3 25 34
6 3 24 33
1 2 5 20
3 2 5 20
8 3 4 20
1 2 10 24
8 2 9 24
3 2 11 24
2 3 11 24
3 2 2 34
8 4 4 33
3 4 21 34
5 3 1 34
4 3 1 32
6 3 18 33
1 3 3 34
3 3 1 35
4 3 15 34
6 4 24 35
4 2 14 32
6 3 13 32
7 3 13 31
1 2 4 34
5 3 4 33
8 3 4 33
6 2 10 24
5 2 11 24
8 2 1 36
3 3 16 37
4 3 26 37
1 3 26 37
1 2 6 25
3 2 9 24
3 2 11 24
2 2 5 25
7 2 5 25
8 2 7 25
1 2 17 36
8 3 21 35
7 3 21 35
5 3 21 36
8 3 22 37
3 3 21 38
3 3 25 38
4 3 26 37
2 3 26 38
2 3 21 39
8 3 29 39
8 3 25 37
4 2 6 36
3 3 17 36
8 2 6 37
6 3 12 37
7 3 24 37
4 3 9 36
1 3 26 39
4 2 11 28
2 2 12 28
7 2 2 38
2 3 4 38
7 3 6 39
1 3 8 40
4 2 2 35
6 3 13 36
2 3 16 35
3 2 1 36
6 3 5 35
5 2 1 35
5 4 12 35
2 3 9 35
4 3 9 37
1 3 3 36
6 2 1 34
3 3 6 32
2 2 1 33
8 3 6 34
5 2 9 36
1 3 8 37
7 2 5 36
7 3 13 37
5 3 11 37
4 2 5 39
1 4 11 37
8 3 6 37
7 3 8 38
4 4 8 37
5 3 5 38
5 3 22 40
7 3 21 41
8 3 22 42
5 3 22 42
5 2 4 40
6 5 4 39
6 3 10 40
4 5 10 41
5 4 12 41
8 3 3 39
2 4 3 39
3 4 2 40
2 4 31 42
7 3 18 42
7 3 24 42
2 2 4 37
1 3 5 37
3 2 1 35
6 3 5 36
8 2 4 41
4 3 12 41
1 2 11 42
4 3 28 43
3 2 23 42
8 4 28 42
1 3 31 45
5 3 37 45
1 3 36 45
2 3 36 46
7 2 26 42
5 3 26 42
2 2 5 43
1 3 24 42
2 3 8 44
6 3 10 43
4 3 9 45
8 4 32 43
6 2 7 42
4 3 31 43
2 4 31 43
6 3 30 44
3 3 30 45
2 3 32 45
7 2 25 43
3 3 28 43
6 2 21 44
7 3 27 44
2 3 20 43
7 2 1 44
3 3 22 44
3 2 26 46
4 4 26 46
2 3 25 46
2 2 7 47
5 3 27 47
2 3 19 46
4 2 16 45
6 4 20 44
4 2 1 43
2 3 33 43
8 2 3 42
2 3 13 40
8 3 23 43
6 2 3 42
5 3 4 43
5 3 16 45
2 2 13 44
5 4 17 45
8 3 19 44
1 2 9 45
1 4 17 46
7 3 13 44
4 3 13 45
5 3 18 47
7 2 17 32
1 2 17 32
3 2 25 47
6 3 28 47
6 3 24 47
3 2 16 33
6 2 3 48
7 3 9 49
3 2 8 48
4 4 7 48
6 2 4 48
2 3 19 47
1 4 22 47
7 3 8 47
8 3 5 48
8 3 17 47
7 2 4 48
5 3 11 46
1 2 5 34
7 2 5 33
7 2 2 35
8 3 4 34
2 2 1 35
5 3 1 35
4 3 2 34
5 2 6 32
8 2 10 31
3 2 9 31
5 2 7 32
6 2 8 31
4 3 8 30
6 2 8 29
4 2 6 33
8 2 10 32
6 2 10 32
4 2 10 32
1 2 1 34
3 2 2 36
3 2 3 38
8 2 3 39
5 2 9 41
3 2 10 40
6 2 8 41
7 2 8 41
3 2 35 49
2 3 34 49
6 2 10 42
1 2 9 43
8 3 9 42
3 2 12 42
4 3 11 42
5 3 12 42
7 2 17 43
1 2 25 44
7 2 15 45
6 2 19 44
1 2 1 46
8 2 1 45
1 2 14 44
6 2 16 43
2 2 1 46
4 2 4 45
1 2 7 46
2 3 6 47
7 3 10 47
8 2 12 49
1 3 11 48
3 2 16 44
5 2 16 43
6 2 4 46
6 2 6 48
4 2 8 47
5 2 9 47
2 2 8 47
7 2 12 49
3 2 20 49
8 2 24 49
5 2 23 49
1 2 24 49
5 2 28 49
4 2 28 49
5 2 41 50
8 2 40 50
2 2 39 50
