33062
2167
2 14 53 40
2 14 23 35
4 12 69 34
7 12 43 10
4 12 23 12
8 12 15 26
4 10 45 5
7 14 51 5
8 10 23 20
7 10 3 35
7 10 1 26
5 10 3 43
5 10 71 29
3 10 31 17
1 10 75 46
6 14 79 46
2 10 13 37
3 10 37 47
2 10 55 29
8 10 45 4
7 10 79 40
7 10 43 26
5 10 13 8
2 8 1 17
4 10 79 16
6 12 37 15
6 8 15 31
2 8 39 10
5 12 35 9
6 8 61 31
7 12 59 30
4 8 17 39
3 10 67 7
7 8 23 27
8 8 53 40
2 14 71 38
7 8 77 15
4 8 55 17
8 10 81 18
2 8 25 24
3 8 37 15
7 8 15 22
3 10 51 22
1 10 63 19
1 8 29 30
4 10 37 27
7 8 27 17
2 10 27 15
3 8 13 45
4 10 47 47
5 8 65 28
2 8 59 8
6 8 33 8
8 8 71 25
1 8 61 6
5 8 75 14
5 8 45 2
5 8 43 4
2 8 77 3
5 10 73 5
6 8 3 4
6 14 41 3
7 8 31 2
7 12 35 1
7 8 73 3
4 10 67 3
1 8 5 34
1 8 1 15
4 8 3 34
2 8 61 39
6 8 25 32
2 8 75 34
4 8 35 20
4 8 33 7
6 8 67 26
2 8 61 33
3 8 39 6
3 8 59 19
1 8 39 7
7 8 79 32
8 7 64 58
2 11 65 54
2 7 13 50
7 8 9 49
2 8 45 51
5 9 71 48
2 7 76 54
4 7 22 67
6 7 19 65
6 7 34 84
8 7 58 69
1 7 47 50
7 6 7 27
1 8 5 29
6 6 3 24
4 10 63 24
4 8 73 22
5 8 5 24
4 8 9 27
4 8 17 29
4 8 25 31
7 8 31 25
3 8 29 23
3 10 31 24
3 6 21 2
3 6 17 5
4 8 35 1
2 10 17 4
7 10 35 6
1 10 27 2
3 8 29 2
1 6 63 42
4 10 63 42
5 8 31 1
4 6 47 8
5 8 47 11
5 6 1 3
7 10 19 1
4 6 59 25
7 8 65 23
8 8 65 25
3 6 5 33
7 8 29 35
3 8 23 31
6 12 51 31
1 8 27 34
3 6 13 14
2 10 69 15
6 6 3 42
5 8 39 34
3 8 51 41
4 8 79 42
7 6 65 44
2 8 67 45
1 8 63 46
6 6 9 37
4 8 41 40
5 6 1 32
2 8 33 31
4 6 7 2
6 10 7 1
8 8 29 6
4 6 5 48
1 8 37 45
4 9 61 48
4 6 49 24
7 8 47 25
5 7 5 50
1 6 43 40
4 6 11 2
4 8 23 1
2 6 15 48
5 6 7 3
4 8 51 47
7 6 1 14
8 6 37 13
4 8 53 12
2 6 49 46
6 8 47 45
8 8 67 44
6 6 45 8
6 8 61 6
2 6 29 9
8 8 35 9
7 6 7 14
5 8 17 15
7 8 13 14
3 6 33 94
6 7 70 94
4 8 78 95
4 6 11 46
2 10 61 48
7 8 61 45
3 6 37 36
6 6 45 39
7 10 43 38
7 6 59 19
7 6 69 49
3 6 61 13
6 8 69 12
4 6 47 8
1 6 31 19
2 8 35 19
1 8 47 22
8 14 53 22
5 6 31 24
6 10 47 22
8 6 7 36
7 8 35 34
8 8 41 35
6 8 37 35
1 6 33 13
8 12 67 10
5 6 13 30
2 8 61 28
6 6 29 25
1 10 59 28
7 6 7 42
8 8 47 42
5 6 35 14
7 10 39 17
4 8 31 14
2 8 55 13
6 6 20 94
2 6 33 34
6 6 43 46
8 6 43 44
8 6 51 10
6 8 59 9
1 6 13 36
8 8 33 37
4 6 5 34
8 8 21 34
1 6 9 40
5 10 49 39
7 8 25 33
2 6 27 32
4 8 49 31
7 6 69 36
3 6 31 31
4 10 27 33
2 6 23 40
5 6 33 29
2 8 49 28
5 6 53 20
8 6 3 41
3 8 5 41
7 6 57 14
3 6 53 28
3 6 29 68
2 6 1 47
6 6 35 1
4 6 43 45
2 6 39 24
3 6 49 38
5 6 11 48
3 8 49 48
5 6 23 48
6 6 13 46
2 8 27 45
3 6 15 39
2 8 23 37
2 6 61 18
3 6 33 47
4 6 51 21
1 6 37 2
8 6 41 31
5 6 7 40
6 8 35 42
3 6 59 16
5 6 25 42
7 6 19 10
1 6 11 46
3 6 35 8
2 8 31 10
1 10 31 8
5 8 45 9
7 6 37 8
1 8 37 9
8 6 13 43
8 6 35 47
3 6 45 25
8 6 25 42
6 6 23 42
3 6 65 37
8 6 35 31
3 8 35 32
2 6 11 45
5 8 11 45
6 10 43 45
2 8 23 42
5 6 59 22
3 6 35 42
8 6 25 9
7 6 7 36
7 6 31 29
2 6 73 11
8 6 25 26
4 6 37 30
4 6 25 8
8 6 67 86
8 6 17 10
1 6 35 31
3 6 15 87
7 6 2 84
7 8 67 82
3 6 55 20
3 6 19 11
7 8 23 10
4 6 45 28
6 6 32 88
1 6 19 11
4 6 19 44
4 6 21 38
7 6 37 37
1 6 41 12
5 6 49 39
8 6 51 11
6 6 43 38
4 6 15 42
1 6 47 37
1 5 21 82
3 5 21 81
3 7 52 81
4 5 27 69
6 7 62 67
7 6 59 67
7 5 28 61
6 6 76 63
8 6 32 63
7 5 13 50
6 6 19 49
1 6 35 48
8 5 65 58
6 5 2 76
6 6 46 76
5 5 28 83
8 6 51 79
4 5 27 54
4 5 12 52
1 5 41 57
8 5 47 49
6 5 7 96
1 5 90 60
4 5 78 87
4 5 19 96
2 6 39 99
4 6 35 95
2 5 86 88
8 6 55 96
7 5 49 72
4 5 79 57
1 4 5 8
7 6 3 9
3 6 33 6
1 6 11 9
2 4 15 26
1 6 31 27
3 4 13 3
8 8 31 1
1 6 29 1
8 6 45 26
5 4 31 21
7 8 57 22
7 4 41 22
3 6 49 21
3 4 33 11
7 6 37 11
1 6 51 12
4 6 51 14
4 4 21 42
1 6 17 43
3 4 19 49
4 7 35 48
5 9 43 48
7 6 23 48
6 10 30 51
4 6 25 47
5 6 19 44
1 4 29 31
5 6 35 31
5 4 19 47
6 8 23 47
7 5 31 50
8 6 29 47
4 4 23 15
5 6 25 14
2 8 31 14
2 6 19 15
8 6 23 14
5 6 49 17
3 6 23 13
4 8 29 13
6 6 25 13
8 4 5 11
7 6 15 12
7 6 21 13
5 6 23 15
1 4 47 27
7 6 49 26
5 6 45 27
7 4 15 18
4 6 49 17
7 10 53 16
8 6 35 18
6 8 49 18
1 8 47 19
1 6 21 18
2 6 27 19
7 6 45 20
2 6 47 21
8 8 47 20
5 6 35 19
4 6 53 18
4 4 33 21
1 6 35 21
4 4 15 51
7 6 76 53
3 4 27 39
8 8 39 37
5 4 15 19
1 6 13 20
6 6 29 19
7 4 11 37
4 4 3 12
4 6 19 11
5 10 15 11
2 4 27 8
8 6 27 7
4 6 35 6
5 6 41 5
1 6 33 6
2 6 31 6
6 6 39 6
2 4 11 43
6 4 33 23
6 6 35 21
4 6 35 23
6 6 37 24
5 6 35 26
1 6 33 26
3 4 63 65
5 4 3 6
6 6 1 5
4 6 17 4
7 6 31 5
6 6 21 3
3 6 21 6
8 6 19 5
4 6 29 2
5 4 1 24
2 8 3 22
1 6 21 2
1 4 14 79
5 5 65 79
2 4 47 96
3 7 48 94
7 5 43 78
3 4 7 83
7 6 51 82
3 6 52 86
4 5 43 83
7 7 42 83
3 4 44 74
4 6 72 73
5 6 73 77
4 5 47 81
5 4 55 75
8 5 84 71
4 5 76 76
8 4 13 11
6 8 15 10
8 4 17 37
7 6 17 37
1 6 29 36
8 6 15 39
1 6 41 36
4 4 51 36
2 4 3 48
3 6 15 46
1 6 1 48
8 6 7 47
3 6 1 46
1 6 11 46
3 6 17 45
3 6 27 50
7 6 21 44
5 6 15 46
1 4 5 9
6 6 21 7
7 5 3 49
5 6 27 7
1 5 23 49
6 4 17 4
3 4 37 22
5 8 35 22
8 4 5 7
8 6 27 7
6 6 3 8
2 4 13 28
7 6 13 29
4 6 23 31
2 6 29 27
6 6 15 29
4 6 19 27
1 6 15 29
7 4 5 92
5 6 62 92
6 5 45 92
2 6 59 91
7 4 17 9
6 6 19 7
3 4 39 24
8 4 41 27
6 4 43 62
4 5 66 62
2 4 25 38
2 6 31 38
4 6 29 40
4 6 27 37
7 6 31 39
8 5 87 65
5 4 21 23
8 8 31 22
2 4 7 44
6 6 17 45
1 4 5 25
8 6 3 26
6 4 33 77
4 7 33 76
5 6 7 25
1 4 9 4
6 6 23 3
5 5 67 73
3 8 21 3
6 4 8 51
8 5 19 49
5 6 17 49
1 5 21 49
2 7 31 50
4 7 17 48
3 4 27 38
4 6 29 37
5 4 15 27
8 6 23 27
3 4 19 35
6 6 43 34
3 4 27 30
3 4 15 39
1 6 31 40
7 4 9 7
3 10 15 5
5 6 13 8
4 6 11 8
2 4 51 30
5 4 4 54
1 5 36 53
1 4 9 42
2 6 17 43
5 6 15 42
7 6 11 41
6 6 15 44
7 4 19 26
4 4 19 36
2 6 29 37
5 4 7 22
8 6 11 20
6 6 9 22
4 8 13 19
7 6 11 22
1 8 29 19
5 6 11 20
8 4 11 35
1 6 15 36
7 8 29 35
5 4 13 36
6 10 15 36
8 6 23 36
3 6 13 35
2 4 11 2
5 6 11 1
8 4 17 32
6 6 31 32
1 6 29 32
7 6 25 31
2 4 31 67
4 5 65 65
3 5 34 66
6 5 59 65
2 6 60 66
7 4 13 43
8 8 19 41
6 6 17 43
7 6 19 42
5 5 67 67
1 4 11 43
3 6 13 42
2 6 11 44
4 6 9 44
8 6 9 43
6 8 9 42
8 4 17 98
3 5 87 99
8 5 58 99
1 4 19 35
8 6 23 34
6 10 21 34
4 4 61 81
7 4 2 52
5 5 49 53
5 5 21 51
6 4 29 40
2 4 48 54
1 7 72 55
4 4 19 21
2 6 17 21
2 4 55 91
2 4 19 1
7 4 34 58
7 6 72 60
6 4 32 74
6 5 46 75
2 4 19 40
5 6 21 39
4 4 17 1
2 4 7 23
5 4 78 73
1 7 76 73
1 6 5 23
6 4 17 19
6 4 1 15
1 6 23 16
1 6 49 16
3 6 39 16
1 4 29 82
8 4 17 30
7 6 19 30
5 4 29 18
8 4 9 4
5 6 15 3
7 4 15 21
8 6 15 20
2 4 13 39
2 4 23 33
1 4 11 36
5 6 13 38
6 4 74 54
3 5 82 54
5 4 37 59
6 5 80 56
1 4 17 38
2 4 27 23
3 4 27 24
7 4 21 16
6 6 39 16
6 4 9 20
2 4 27 35
2 4 5 48
2 4 3 7
3 6 5 7
3 4 21 32
4 8 21 30
4 4 9 19
4 8 15 18
7 6 13 19
2 4 9 16
2 6 11 17
4 4 60 79
4 4 9 37
5 4 9 48
4 8 5 49
3 4 5 27
7 6 3 27
5 4 31 16
2 6 29 16
6 4 3 24
6 4 1 11
7 4 5 9
6 4 11 1
7 6 9 2
2 4 23 30
2 4 1 75
3 5 43 77
7 4 13 45
3 4 1 41
8 4 2 64
5 5 19 64
3 4 15 36
1 4 49 74
5 4 9 34
2 4 19 1
5 4 9 75
8 5 73 73
6 5 75 73
1 5 9 76
4 5 24 74
7 4 21 26
3 4 25 41
6 4 25 62
6 5 69 63
6 4 41 82
8 6 39 85
1 4 19 10
8 4 35 23
1 4 24 95
5 4 9 39
6 4 43 62
1 7 73 60
1 4 27 16
6 4 12 52
2 4 13 15
2 4 15 18
7 4 9 30
2 4 15 35
4 6 13 35
2 4 11 31
3 6 13 29
7 4 53 55
3 4 17 79
1 4 25 13
7 4 25 35
5 6 23 34
8 4 7 40
7 4 13 1
6 4 7 31
5 6 5 31
8 4 42 99
2 4 1 35
5 6 15 34
5 4 19 1
3 4 46 88
7 4 32 79
2 4 7 30
3 6 13 30
8 4 56 84
3 4 19 89
4 4 25 72
5 5 76 88
2 5 47 73
2 4 27 5
5 4 5 37
2 4 3 2
8 6 7 2
4 4 19 52
4 4 1 26
6 4 42 90
1 5 42 91
5 4 44 90
3 4 42 72
6 6 59 71
7 5 63 69
4 4 11 29
6 6 11 28
7 4 25 7
4 4 3 27
6 6 3 27
8 6 7 28
8 4 41 72
8 5 57 69
3 4 33 12
6 4 60 90
4 5 67 87
5 4 48 70
5 6 59 70
5 4 17 32
3 4 1 11
7 4 7 35
4 6 5 35
7 4 73 92
2 5 82 92
4 4 5 4
3 4 5 35
6 6 11 36
6 4 17 26
1 4 1 12
8 4 3 11
4 6 13 11
8 6 15 13
1 4 3 26
5 4 1 10
4 6 3 9
4 4 5 45
4 4 9 23
2 4 11 1
6 4 5 11
2 6 5 10
5 6 17 12
3 4 5 21
3 4 64 61
5 4 13 19
8 4 5 44
3 6 5 44
3 4 7 23
5 8 7 22
8 4 3 10
3 4 5 3
3 6 7 5
7 4 5 11
8 6 7 10
8 4 33 68
2 4 1 38
4 4 44 67
2 4 5 10
8 4 1 28
1 4 3 39
4 4 11 12
3 4 47 77
2 4 3 39
8 6 7 38
4 4 13 32
4 4 53 66
7 4 1 39
5 4 1 46
5 4 22 52
4 4 1 38
3 4 13 18
1 4 25 5
3 4 11 22
3 4 5 28
2 6 3 28
6 6 7 27
7 4 31 16
1 4 7 26
5 4 71 96
3 4 3 38
5 4 9 36
8 4 1 45
6 4 3 40
2 4 7 20
8 4 11 34
4 4 11 19
3 4 11 33
3 4 11 44
4 4 17 17
5 4 11 44
2 8 9 44
4 4 27 17
2 4 5 44
8 4 1 2
6 4 21 50
4 4 3 25
5 4 16 99
5 4 5 43
5 4 82 79
6 4 48 97
3 4 17 17
8 4 17 12
6 4 15 23
3 4 62 80
2 4 11 24
4 4 1 1
6 4 81 81
7 4 68 90
2 4 3 13
3 4 78 81
3 4 25 18
5 4 79 85
1 4 11 12
1 4 58 75
3 6 11 13
7 4 15 18
6 4 17 17
6 4 7 3
1 4 69 65
5 4 25 16
7 4 21 23
1 4 55 100
7 4 5 45
7 4 1 25
2 4 55 57
6 4 67 79
5 4 13 24
3 4 3 24
8 8 9 24
3 4 9 25
4 8 7 25
2 4 5 3
4 4 13 12
1 4 5 24
8 4 66 98
1 4 9 23
4 4 7 23
2 6 5 23
4 4 11 46
1 4 9 46
4 4 3 27
8 4 3 1
6 3 17 87
3 6 79 85
1 5 67 86
6 4 48 87
3 5 70 88
7 4 50 87
2 5 70 89
5 4 50 87
3 4 49 87
8 6 68 84
7 3 3 58
3 5 50 57
8 4 4 58
7 7 50 59
1 4 42 54
2 4 69 58
6 4 56 58
7 5 62 59
6 4 43 57
7 4 60 88
3 4 55 59
5 4 78 92
6 4 74 91
1 4 35 58
1 3 1 91
1 4 19 90
7 4 33 91
2 5 17 90
4 5 50 92
6 4 48 92
2 4 8 91
2 5 47 88
5 5 46 91
4 4 6 92
4 5 58 91
2 5 48 91
8 4 48 89
7 4 62 86
6 4 56 87
8 3 11 71
4 5 11 72
8 4 10 73
2 4 21 72
1 5 44 70
5 7 60 71
4 6 63 72
3 4 65 66
1 6 64 68
2 4 76 69
6 4 49 71
8 4 39 70
3 4 50 70
5 4 49 73
8 4 72 68
7 4 62 69
7 3 3 90
6 5 12 91
4 4 3 90
8 4 8 87
1 5 45 87
1 4 34 86
2 6 43 87
1 5 51 92
2 5 52 88
8 4 49 84
8 5 47 88
1 4 38 92
4 4 55 88
7 4 29 87
6 4 51 85
2 3 11 78
1 4 10 79
1 5 53 76
1 4 17 76
1 5 72 79
8 5 60 74
3 5 22 80
3 4 24 77
5 5 48 79
4 4 68 80
8 5 70 81
5 4 54 76
6 3 9 70
8 5 27 69
5 3 4 79
8 5 23 79
2 8 3 79
6 6 28 79
2 5 19 79
1 7 25 79
2 7 46 77
4 4 32 74
7 5 56 80
8 4 25 79
3 5 46 78
4 6 39 81
1 4 56 76
1 4 37 73
1 4 41 84
2 4 36 81
5 4 65 82
6 4 57 73
7 4 63 82
4 4 60 74
1 3 8 53
6 4 48 55
6 6 35 51
4 4 11 52
7 4 27 52
1 4 23 53
5 3 54 57
1 4 57 57
6 4 60 55
3 5 71 54
8 5 64 58
5 5 70 56
7 4 69 60
7 4 67 56
3 3 26 75
7 4 25 75
5 4 31 75
1 4 48 76
7 4 50 76
2 3 7 51
4 4 68 53
2 5 17 50
4 3 11 53
1 4 10 52
2 5 28 54
8 3 25 56
5 5 43 56
4 3 6 98
1 6 15 97
1 4 9 98
3 5 41 97
4 5 50 99
4 4 33 56
8 5 65 54
4 4 42 56
8 4 42 56
1 6 46 56
8 4 37 97
2 5 64 54
4 4 76 98
3 4 72 97
3 3 1 50
4 5 1 49
7 4 11 50
3 4 57 96
3 5 9 50
7 3 18 98
1 4 34 98
5 4 54 98
8 4 26 96
6 4 68 99
3 4 58 97
6 4 25 95
3 3 13 96
7 4 16 96
5 6 18 97
4 4 21 99
4 4 31 97
5 5 31 95
7 4 21 98
1 3 6 83
8 4 71 83
4 5 7 82
7 3 6 60
3 4 23 60
3 4 5 58
4 4 5 56
3 4 41 62
6 4 23 55
5 4 42 57
8 4 52 65
7 4 58 56
7 4 6 54
2 3 39 88
1 4 38 86
4 3 11 69
1 4 15 69
8 6 18 69
6 3 12 58
7 5 17 60
6 4 69 59
2 4 46 60
3 4 30 60
6 4 56 59
1 4 55 71
2 4 35 58
6 3 15 84
3 5 30 86
5 3 3 69
7 4 9 66
8 5 20 67
7 4 14 70
2 4 20 68
3 8 31 71
6 4 30 68
7 4 50 65
4 4 42 62
2 4 13 68
3 4 64 61
7 4 65 60
5 4 59 61
5 4 62 62
6 4 61 61
8 3 29 61
2 4 38 58
8 5 38 60
7 5 36 63
5 4 32 62
5 6 42 59
1 3 26 55
4 4 53 53
3 4 33 54
1 4 43 52
5 4 49 54
4 3 28 57
4 5 35 58
2 3 12 63
7 4 46 63
2 3 5 61
6 4 44 61
5 4 43 59
8 4 18 61
3 5 50 60
6 4 31 60
4 4 50 59
7 3 10 89
5 4 21 90
7 5 47 91
8 4 35 90
3 4 34 89
6 4 40 88
5 5 46 86
7 5 37 88
4 3 4 93
6 3 38 76
3 4 44 72
3 3 9 68
4 5 59 69
2 4 43 73
8 3 37 75
7 4 50 74
4 5 41 73
7 4 40 75
6 3 28 98
8 4 47 95
5 4 46 95
8 3 40 92
5 5 61 92
8 3 25 55
7 5 28 55
4 4 36 53
1 4 40 92
6 3 12 63
5 3 8 65
7 3 36 75
1 5 35 75
8 4 49 71
2 4 43 73
2 4 18 66
5 4 44 63
3 4 24 64
1 3 25 74
4 3 37 72
2 5 36 74
6 3 28 65
4 4 58 64
4 3 8 72
3 5 44 75
5 4 31 64
4 4 42 66
3 3 40 81
2 3 14 54
3 5 45 53
4 5 27 53
1 3 11 50
3 5 38 53
6 3 15 57
8 5 15 56
1 5 13 54
7 4 28 58
7 4 20 56
4 4 15 57
3 4 23 56
5 4 26 53
2 4 32 51
8 4 49 52
8 3 7 78
8 4 11 80
6 4 47 80
7 3 12 81
1 5 46 82
6 3 11 80
5 5 13 78
2 3 47 88
2 3 14 60
2 6 46 59
7 4 45 61
1 3 5 91
3 4 18 91
8 5 21 92
4 4 19 90
6 4 39 87
6 4 39 92
6 4 28 90
5 3 40 81
7 4 39 81
6 5 39 81
7 3 57 68
3 4 55 67
7 3 33 95
8 3 16 65
2 4 35 63
1 5 31 64
6 4 36 66
7 3 31 73
6 4 44 70
5 3 9 95
7 4 24 96
8 4 31 93
7 5 37 91
1 4 39 95
4 5 37 94
4 4 24 94
8 3 48 67
8 3 1 69
4 4 46 68
2 4 36 69
5 3 33 90
7 3 22 92
3 3 8 83
5 3 2 61
1 3 7 70
1 4 32 71
4 3 10 69
7 3 25 62
4 4 32 60
1 4 40 60
4 3 20 68
3 3 25 93
5 4 35 93
7 3 15 81
1 3 22 98
7 3 66 93
7 3 18 55
1 4 36 52
8 4 25 54
3 3 10 60
7 3 2 63
5 5 22 64
2 3 31 74
6 3 4 74
3 5 38 75
5 3 27 59
4 3 6 79
1 4 21 77
3 3 26 60
8 3 6 70
2 5 37 69
4 4 30 69
4 3 26 68
2 4 30 66
2 3 25 73
8 4 28 72
1 3 20 61
8 5 19 61
4 3 36 70
8 4 45 68
7 4 43 71
1 3 37 70
5 3 9 53
7 3 8 53
8 5 7 52
7 3 16 63
5 4 38 65
4 4 20 62
4 3 46 85
4 4 50 82
2 4 55 83
2 3 6 78
2 4 23 77
8 3 34 92
1 3 33 64
2 5 44 66
5 4 46 63
6 3 15 76
2 4 36 73
5 5 20 77
1 3 46 85
3 4 56 84
5 3 6 77
2 3 23 55
8 6 26 55
4 3 12 53
1 5 23 53
4 3 14 63
2 4 38 64
6 3 15 52
5 3 25 97
3 3 1 59
6 3 32 77
1 3 29 96
5 3 33 67
7 3 26 58
8 3 15 61
4 3 52 84
4 3 28 92
5 3 9 74
4 3 33 91
3 4 32 90
8 3 33 95
6 3 1 91
3 4 31 93
7 3 8 58
3 4 10 55
6 3 16 57
4 3 13 73
6 3 32 67
6 3 22 60
2 3 10 68
6 3 54 84
5 3 44 51
3 3 17 64
3 4 31 61
6 3 39 52
5 3 2 76
4 4 20 74
5 3 25 73
4 4 25 74
6 3 7 98
8 3 13 71
3 3 28 71
3 3 38 97
5 4 51 96
1 4 52 97
8 3 39 76
5 3 31 97
2 3 7 54
8 3 12 99
1 3 39 96
2 5 41 94
6 4 14 97
2 4 18 95
6 4 24 96
6 4 33 98
7 5 40 96
1 4 39 95
2 3 27 97
2 3 21 94
4 4 29 93
3 4 38 94
8 5 35 93
7 3 26 65
2 3 9 99
1 3 25 86
7 3 24 98
2 3 38 78
4 3 10 98
5 3 34 87
4 3 29 98
3 3 14 92
6 3 7 92
6 3 33 87
7 3 44 77
1 3 33 87
2 3 16 75
8 3 31 85
1 3 20 76
5 3 38 77
1 3 12 70
4 3 11 92
2 3 37 97
1 3 31 73
1 3 5 68
3 3 25 75
3 3 39 99
6 3 24 66
5 3 22 90
1 4 27 88
3 3 20 74
7 3 14 75
2 4 19 74
7 4 17 76
8 3 30 72
2 3 29 96
1 3 23 66
1 3 31 65
5 5 37 65
1 4 36 65
6 3 26 72
7 3 28 72
1 3 20 75
8 3 27 77
6 3 9 98
6 3 21 73
7 4 24 72
4 3 30 65
7 3 22 74
3 3 31 69
7 3 30 71
2 4 33 69
3 4 29 69
6 3 31 69
7 4 31 66
8 3 34 64
8 3 32 80
1 3 38 80
3 3 22 74
1 3 34 70
3 3 33 77
3 3 31 65
1 2 7 16
4 4 9 16
6 6 7 16
5 6 11 16
8 4 5 17
1 10 9 16
6 4 9 17
8 6 11 17
3 6 7 18
7 4 11 16
4 6 5 16
3 4 5 16
1 2 19 65
8 4 18 65
4 5 28 63
1 4 27 61
8 4 26 64
4 4 18 65
6 3 18 62
2 5 18 61
7 3 24 65
8 4 32 63
7 3 20 66
4 4 30 64
3 3 36 68
8 3 33 67
1 3 20 67
2 3 27 69
3 3 18 64
3 3 22 66
6 4 22 65
2 3 31 70
7 2 6 98
2 3 39 100
7 3 9 99
8 3 21 100
3 2 1 9
1 4 1 8
2 4 5 7
2 4 17 6
3 4 19 6
4 4 17 6
4 2 1 7
5 4 3 6
6 4 9 5
4 6 7 6
7 4 3 6
5 4 15 4
2 4 3 6
1 4 3 5
7 4 5 4
6 2 16 68
2 3 23 69
4 4 27 67
8 4 27 70
8 4 24 67
5 4 26 69
7 2 5 41
3 4 5 41
3 2 16 85
2 3 31 84
4 3 21 85
5 4 40 83
4 2 5 47
7 4 3 47
2 4 7 47
6 6 1 47
8 4 5 46
7 6 1 47
3 4 1 46
2 4 1 45
1 4 3 47
3 2 5 44
4 4 5 43
2 3 40 83
7 3 39 85
6 2 16 93
7 3 21 92
3 3 41 93
8 2 5 32
2 4 5 32
6 4 11 33
3 3 26 90
8 2 5 59
1 3 13 57
1 4 20 59
2 4 19 58
4 2 17 62
7 4 20 61
6 3 26 59
8 2 15 66
8 3 18 64
1 2 15 52
2 3 21 52
8 3 20 51
6 3 26 53
1 2 16 65
3 4 18 64
6 2 15 65
5 5 14 65
2 3 21 66
7 3 12 66
3 3 27 62
1 2 1 7
3 4 1 6
8 4 5 5
8 4 7 5
1 4 7 4
2 2 5 26
5 2 5 27
7 2 5 27
3 2 5 27
6 2 5 27
2 4 3 27
5 6 1 27
2 4 1 27
1 4 1 27
7 2 19 1
8 4 17 1
3 2 17 56
8 3 20 54
2 3 19 53
4 3 23 56
4 3 20 51
7 4 33 51
4 3 30 49
7 4 29 49
2 3 22 58
4 3 20 55
8 3 43 48
1 3 32 48
5 2 5 22
2 2 5 22
4 6 3 22
5 2 17 27
6 2 5 21
8 4 5 20
4 2 17 27
4 2 5 18
1 8 3 18
8 4 15 27
4 2 17 63
7 2 5 20
1 4 3 20
2 2 19 1
4 4 17 1
5 2 16 85
2 3 27 84
4 2 16 86
4 3 34 84
1 4 33 85
4 3 38 84
3 3 17 86
8 3 26 86
4 3 25 85
3 3 24 85
2 3 21 85
7 3 34 83
5 3 24 86
7 2 5 23
5 2 5 19
8 2 5 25
8 2 5 19
6 2 5 14
4 4 9 13
8 2 18 85
1 3 18 85
2 3 30 83
5 3 20 84
3 3 19 84
4 4 19 84
1 4 21 88
7 4 17 86
3 3 29 83
6 3 45 81
5 3 44 82
7 3 43 82
2 3 18 87
3 4 43 81
1 3 34 84
2 3 28 83
4 2 5 32
6 2 5 31
8 2 5 31
5 2 5 31
5 2 5 29
6 4 3 29
4 2 16 95
1 2 5 11
5 4 9 10
3 2 17 52
1 3 29 51
2 2 5 13
7 4 7 12
1 2 4 84
2 4 4 86
3 4 4 85
4 3 4 83
8 4 15 84
7 3 15 82
5 4 22 84
1 3 39 80
8 3 7 84
2 3 17 82
6 3 13 84
8 3 36 81
7 3 20 82
3 2 4 81
6 5 6 80
4 3 12 82
3 2 17 1
5 2 5 13
1 4 3 13
3 6 1 13
5 2 16 86
6 3 15 86
8 4 14 86
1 2 16 69
1 3 21 69
4 2 4 95
3 3 11 94
6 3 3 94
4 3 9 94
5 3 15 93
2 3 20 92
1 3 27 92
7 5 26 93
3 3 27 91
7 2 16 68
4 3 21 67
3 2 1 10
4 4 3 9
2 2 15 54
8 2 4 88
7 4 28 88
3 3 44 89
4 2 5 12
8 4 5 12
6 4 5 11
5 4 3 12
7 2 16 87
7 3 17 87
5 3 28 89
5 2 16 77
5 3 23 77
5 2 13 68
1 3 22 66
6 3 23 64
5 3 20 67
8 3 19 67
7 3 18 67
6 3 19 69
6 2 4 94
7 2 4 75
4 3 17 74
5 4 30 75
5 2 13 58
8 4 19 59
2 3 16 76
8 3 30 73
8 3 18 76
5 2 1 6
7 4 1 5
2 4 3 4
5 4 1 5
8 4 1 4
4 4 1 4
6 6 1 3
8 2 3 92
5 4 19 90
4 3 25 89
3 3 2 93
8 3 36 87
2 3 36 87
8 3 23 91
2 2 5 9
6 2 3 64
3 3 2 63
2 5 2 64
7 4 18 63
2 4 16 63
5 4 15 64
4 3 12 65
3 4 12 63
1 4 14 62
1 3 2 65
7 3 8 64
6 3 10 65
3 3 7 64
7 2 37 76
6 2 3 72
8 3 11 72
2 3 23 71
4 3 21 73
7 2 14 49
6 3 20 50
5 2 14 50
8 3 29 49
2 3 28 50
6 2 15 1
1 2 3 44
2 4 3 43
7 5 1 44
2 4 1 44
3 4 1 43
5 3 15 44
5 3 19 44
4 3 6 44
4 2 1 20
6 4 1 20
7 3 12 43
5 4 1 20
6 3 14 43
7 2 4 60
5 3 5 61
5 5 7 59
1 5 4 61
8 3 6 64
2 3 23 58
3 3 15 62
8 3 18 59
4 3 4 63
4 2 38 84
6 3 41 84
3 2 14 67
1 3 27 67
1 2 15 46
5 3 24 45
3 3 21 44
3 2 3 77
6 3 15 76
8 4 27 75
8 3 20 77
3 3 19 79
4 2 15 73
6 3 15 71
8 3 33 73
4 3 32 74
4 3 22 74
2 2 3 73
2 3 16 72
5 3 23 71
3 3 15 72
5 3 18 74
5 2 41 84
2 3 42 84
8 4 40 84
3 2 14 54
3 2 4 62
8 3 3 61
1 2 3 76
7 4 5 74
1 3 16 75
6 2 3 74
5 3 2 75
7 3 16 75
8 3 3 73
5 3 8 73
2 3 10 76
2 3 30 73
6 3 19 76
6 3 28 72
2 2 13 54
8 3 13 54
3 2 3 35
7 4 3 35
6 3 14 56
5 3 14 55
6 2 13 73
5 3 21 73
1 2 3 76
8 3 2 76
5 2 12 56
1 3 10 56
5 2 13 50
1 2 3 67
8 3 14 65
2 2 13 66
4 2 3 62
1 2 4 54
4 3 17 53
3 3 16 52
3 2 3 42
6 2 4 74
6 2 4 58
1 3 9 57
3 3 12 58
6 2 12 86
4 3 11 86
4 2 12 53
3 3 20 51
4 3 19 52
1 2 12 83
5 2 3 58
3 3 7 57
5 3 11 58
8 2 5 2
5 2 3 42
3 3 9 43
6 3 9 42
2 3 26 44
5 2 4 81
3 3 15 82
3 2 11 33
6 2 3 81
8 2 3 25
3 4 3 24
3 3 2 82
2 3 1 81
5 3 9 82
3 3 4 81
1 3 10 83
5 3 11 82
8 3 21 83
1 2 36 73
1 2 3 81
1 2 3 36
3 2 3 36
5 2 3 36
1 2 3 25
7 6 1 25
6 4 1 36
6 2 11 82
1 2 3 30
6 2 3 34
8 2 3 33
7 2 3 33
4 2 3 33
4 2 3 30
6 6 1 30
7 4 1 29
4 2 11 82
8 3 10 83
2 3 9 83
5 3 19 83
1 3 27 84
3 2 14 43
8 3 18 42
5 2 10 77
2 4 9 77
1 2 11 28
2 2 3 27
4 2 3 28
1 2 3 28
8 2 3 23
1 2 3 23
5 2 3 12
1 4 3 12
5 2 11 81
7 2 3 18
3 2 3 28
6 2 3 22
2 2 3 22
7 6 1 22
3 6 1 21
7 2 13 30
1 2 3 1
3 4 1 1
6 2 11 63
4 2 2 71
2 3 1 71
4 3 35 70
5 3 12 70
3 3 1 72
8 2 3 1
7 4 1 1
5 4 1 1
2 2 13 41
8 3 21 42
2 2 3 13
4 4 1 13
4 3 22 42
8 2 13 73
7 3 15 74
8 2 5 1
5 2 6 49
1 4 16 48
5 2 12 54
7 3 12 53
2 2 4 43
4 3 13 41
4 4 17 42
2 2 12 68
4 3 24 69
2 2 12 44
4 3 14 44
8 3 13 45
4 2 13 29
4 2 2 60
1 3 12 58
6 2 12 60
8 2 2 54
1 3 6 52
6 3 7 53
3 4 7 54
2 3 4 54
4 4 7 54
7 2 3 26
4 2 2 52
6 3 2 50
3 4 1 52
5 2 14 81
7 3 30 82
3 2 12 43
7 2 2 75
1 2 2 41
3 3 7 40
6 2 12 42
2 3 16 40
5 3 12 44
5 2 3 30
2 2 2 50
8 2 2 82
3 3 8 80
2 3 7 82
6 2 13 29
7 2 2 64
4 2 2 63
7 2 2 56
2 2 2 83
1 3 1 83
1 3 7 84
8 3 6 86
6 4 17 84
8 3 18 83
7 3 1 81
4 2 10 68
4 3 14 67
1 3 11 67
5 4 13 65
7 3 14 67
4 2 3 65
1 3 13 67
2 4 4 67
6 4 9 66
1 2 10 79
8 3 9 79
7 3 8 79
7 2 12 46
8 2 4 42
5 3 3 44
7 3 14 42
6 3 3 43
6 4 13 42
8 3 2 44
4 3 1 44
1 3 9 42
3 4 10 43
3 3 6 44
1 3 12 43
2 3 11 43
2 3 2 44
4 3 26 46
1 3 5 45
4 3 7 46
3 2 2 42
5 3 9 43
2 2 3 20
4 2 1 80
7 3 6 79
7 2 10 62
2 2 2 41
5 2 1 39
8 3 1 38
1 2 4 43
7 3 3 43
6 2 9 85
6 2 2 76
6 2 1 41
5 3 2 43
3 2 3 43
8 3 4 45
2 3 3 44
4 2 3 25
6 2 1 37
8 3 1 36
7 2 13 37
6 2 2 37
1 2 1 41
4 2 1 74
8 2 2 73
6 2 1 55
8 2 2 84
1 2 1 50
4 2 2 49
7 2 3 1
6 2 1 35
4 2 3 1
7 2 3 8
8 2 1 48
5 2 1 34
4 2 3 11
1 2 1 33
7 3 1 32
2 2 15 29
5 4 13 29
2 3 1 31
3 2 3 9
1 2 1 30
8 3 11 29
3 3 9 29
4 2 15 30
5 2 4 58
4 2 5 29
6 2 4 58
4 3 22 57
2 3 11 59
7 2 5 29
6 4 3 29
4 2 14 38
1 2 6 37
6 3 7 37
2 3 11 37
2 2 15 53
5 2 5 37
7 3 4 37
2 3 5 37
3 4 5 40
7 2 15 52
7 2 5 46
6 2 5 49
8 2 5 11
1 2 5 31
4 2 5 70
2 2 4 33
7 2 4 51
6 2 5 45
3 2 4 59
5 2 5 45
3 2 5 33
1 2 6 52
2 3 5 53
3 2 11 60
6 3 10 60
8 3 9 59
7 3 9 57
2 3 16 60
2 2 1 29
1 2 1 28
8 4 1 27
3 2 11 56
1 3 10 57
4 2 11 29
3 3 10 29
1 2 16 27
7 2 5 28
4 3 3 28
6 2 14 38
2 2 3 68
2 2 6 72
1 3 16 70
7 2 14 37
1 2 4 67
7 3 14 68
8 3 8 67
6 3 3 67
6 2 15 69
2 3 14 69
4 2 12 62
5 2 3 28
6 2 3 15
4 2 3 34
8 2 3 13
7 2 3 56
2 2 3 11
2 2 5 29
1 2 4 29
8 2 5 57
7 2 5 56
4 3 4 56
6 2 13 70
5 2 5 55
6 2 4 32
8 2 6 51
7 2 5 48
3 2 2 39
1 2 2 40
2 2 1 26
5 3 1 25
1 2 10 71
7 3 12 69
5 2 14 69
3 2 6 71
5 3 10 70
2 2 13 36
1 2 1 26
1 2 4 55
5 2 5 49
8 2 2 25
1 2 1 24
3 3 1 23
4 2 9 65
3 3 8 65
1 3 21 65
2 2 9 70
6 2 1 20
8 2 1 20
2 4 1 19
1 2 10 26
5 2 1 8
2 4 1 7
2 2 10 25
7 2 1 12
1 2 8 58
4 3 10 58
8 3 12 58
3 2 9 22
3 2 8 42
6 3 7 42
2 3 13 41
6 2 12 60
4 3 11 60
7 2 11 51
1 2 1 8
6 2 1 7
7 4 1 6
1 2 13 38
5 2 1 6
8 4 1 5
2 2 28 33
6 2 1 9
5 2 4 8
7 2 2 9
6 2 7 18
3 2 1 10
3 2 6 38
6 2 7 23
1 2 6 24
1 2 7 38
4 2 1 5
3 4 1 4
8 2 27 31
7 2 15 36
8 2 14 36
1 2 16 32
2 2 15 33
5 2 14 13
6 2 16 42
6 2 13 32
4 2 12 33
6 2 16 47
4 2 11 36
7 2 10 51
1 2 9 51
3 2 12 39
3 2 8 52
8 2 9 14
5 2 10 13
5 2 17 31
7 3 8 13
7 2 16 31
8 2 8 12
7 2 8 36
6 2 8 36
4 2 12 35
2 2 10 13
3 2 17 39
7 2 8 15
2 2 7 52
5 2 7 15
2 2 15 16
1 2 6 52
6 2 11 52
3 2 7 35
3 2 15 36
8 2 11 36
4 2 12 37
7 2 13 36
1 3 10 37
2 2 11 38
2 2 17 49
6 2 6 21
5 2 7 20
5 2 5 52
4 2 5 51
8 3 4 51
5 2 40 53
7 2 1 3
8 2 1 3
4 3 1 2
3 2 4 2
4 2 3 2
2 2 1 1
8 2 7 17
8 2 39 49
2 2 38 49
