41070
2498
2 6 22 5
3 2 66 61
1 2 9 12
4 2 37 21
1 3 34 83
1 2 79 34
7 2 4 39
3 2 54 25
4 2 70 36
6 2 70 48
3 2 51 50
2 2 36 17
6 2 53 45
1 2 6 68
2 3 37 67
4 2 71 46
2 2 69 28
6 2 6 6
6 2 15 97
4 2 19 75
4 2 13 72
8 6 45 13
2 2 69 16
7 2 59 32
6 2 84 7
3 4 63 11
4 4 27 2
5 2 77 11
2 4 8 13
1 2 35 53
5 6 47 24
8 4 10 88
3 2 90 1
2 16 58 40
7 4 13 42
6 2 30 88
3 2 78 38
6 2 2 44
8 2 59 90
7 2 48 16
7 2 44 1
4 4 78 25
4 2 5 45
6 2 19 77
7 2 9 31
4 3 9 72
8 2 73 21
4 2 51 15
5 2 33 1
1 2 54 69
4 2 39 30
5 6 82 39
6 2 56 90
3 2 75 90
2 4 56 43
8 2 25 39
5 2 61 80
7 2 34 89
8 2 56 49
6 2 23 92
8 2 57 26
7 2 75 80
1 6 47 14
1 2 65 48
4 18 79 33
3 4 48 77
6 2 40 50
2 4 27 2
8 2 76 54
6 2 62 43
1 3 63 56
3 2 77 24
4 17 69 50
7 16 27 2
8 2 52 42
5 4 32 42
4 2 4 72
3 2 26 77
1 2 20 46
2 2 81 70
7 18 79 40
5 2 66 56
6 16 84 46
5 2 27 77
4 2 12 44
5 2 58 29
8 4 37 42
1 2 59 16
8 2 63 34
2 2 62 26
5 14 7 43
2 2 69 23
2 14 26 34
7 2 13 34
3 2 97 65
5 4 96 27
8 2 82 23
4 4 47 45
7 14 47 11
4 2 32 37
8 2 56 77
5 2 65 36
4 2 77 22
2 3 7 78
6 2 87 19
2 8 83 4
2 5 23 72
2 2 18 10
2 4 87 29
5 2 96 61
4 14 53 27
7 14 58 5
6 2 50 44
4 2 67 40
5 6 27 2
8 12 18 27
6 2 83 34
2 2 23 40
2 3 34 50
8 2 5 28
3 2 67 14
6 4 82 29
7 4 82 46
1 2 19 9
1 2 15 10
2 18 75 39
5 2 63 7
4 2 3 36
2 6 44 10
1 2 86 32
7 2 85 17
4 2 32 43
6 2 31 39
6 2 67 43
6 4 40 5
4 4 87 30
5 2 81 27
4 2 57 30
2 8 63 45
4 2 48 10
8 2 93 12
2 2 45 10
2 2 29 50
7 4 74 23
8 20 86 20
2 16 90 30
4 2 79 8
7 14 1 28
4 2 62 37
1 4 14 23
4 14 43 5
7 14 46 24
3 2 34 61
1 4 57 13
6 2 41 6
1 2 55 36
5 4 58 5
6 14 65 31
5 2 35 5
8 4 54 36
3 2 17 33
1 2 49 26
8 2 89 15
4 12 25 13
3 12 35 17
4 2 9 73
8 2 44 13
3 2 79 37
5 2 71 46
2 4 73 3
6 12 37 87
1 2 24 19
8 2 35 14
3 2 65 32
3 12 39 47
4 2 7 17
4 2 21 25
7 2 40 88
3 4 77 34
7 2 88 17
7 3 72 86
2 2 14 68
8 2 75 68
5 4 82 34
5 6 47 11
3 2 1 34
3 4 62 13
1 16 68 46
5 6 79 33
3 2 75 25
6 2 29 5
1 2 25 19
6 14 54 36
4 4 21 32
5 2 26 49
7 2 43 48
7 2 37 31
5 2 80 95
6 3 96 81
2 14 55 12
1 14 64 5
2 2 13 30
3 2 47 47
3 2 72 22
2 14 72 35
2 2 50 45
8 4 92 18
3 4 13 47
6 2 69 39
8 2 13 47
8 2 42 10
8 2 94 68
3 2 77 22
1 2 70 4
1 2 1 8
3 2 37 6
6 2 70 36
5 14 58 5
3 2 81 3
4 4 26 4
8 2 24 82
7 12 5 34
6 12 37 16
8 2 74 90
3 2 17 33
7 2 86 9
7 4 51 33
8 2 77 2
7 2 61 85
4 2 23 10
2 12 43 31
2 2 90 41
3 2 11 14
7 2 78 93
4 2 52 6
5 2 74 39
8 12 49 42
4 11 24 68
5 2 65 70
4 2 83 54
5 2 32 10
4 5 21 71
5 10 13 8
6 2 24 25
5 2 77 30
4 12 40 14
5 2 75 99
7 2 31 33
2 2 70 43
3 2 38 66
1 2 4 34
5 4 50 11
4 2 40 33
4 4 29 20
4 12 5 34
5 2 19 13
7 2 70 21
1 2 36 35
8 14 45 13
6 8 25 32
1 2 38 35
8 2 7 33
8 2 71 15
1 2 55 7
3 2 19 14
4 2 66 44
8 2 50 34
7 12 31 34
5 2 17 11
7 10 16 10
4 4 7 9
3 2 5 21
5 2 47 41
4 12 37 20
2 12 76 21
5 2 59 64
6 2 31 33
3 2 2 22
8 2 7 10
8 12 15 11
8 2 27 71
4 2 43 32
3 2 33 6
6 2 6 13
7 2 70 66
8 10 9 10
2 4 15 10
8 2 46 7
1 2 85 81
3 18 16 7
6 2 61 40
2 10 16 37
4 2 50 4
5 2 51 37
2 6 51 5
1 2 1 13
6 2 15 6
7 16 49 36
1 2 46 41
1 2 36 12
8 12 50 4
7 2 54 7
1 3 53 89
2 12 63 39
3 2 2 9
1 10 3 8
4 2 43 5
5 4 7 39
4 2 39 19
6 12 31 11
2 3 24 87
2 2 84 78
1 4 21 11
5 14 29 14
8 2 62 37
6 2 43 4
2 2 25 18
7 6 33 7
6 2 5 15
7 2 96 62
6 2 61 41
5 2 19 20
8 12 28 7
6 2 71 21
3 2 1 12
7 12 10 15
1 2 34 88
1 2 75 27
2 2 23 10
7 2 50 61
8 2 37 4
2 12 37 20
2 2 21 31
8 2 56 20
4 4 42 21
8 4 43 31
4 2 8 19
5 3 64 86
3 2 86 79
8 2 38 35
1 12 7 17
2 4 66 18
5 2 58 17
3 2 41 6
7 4 14 12
1 2 7 9
8 2 55 23
4 2 6 19
7 4 21 19
5 2 7 37
3 18 56 20
8 2 43 20
6 2 19 24
1 2 40 31
1 14 43 21
2 2 9 35
8 2 24 14
7 12 15 14
5 2 33 13
8 2 33 11
1 2 45 12
5 2 44 36
2 2 47 8
7 2 90 96
5 2 51 21
4 6 41 40
8 2 54 20
2 2 2 43
1 4 24 43
7 2 31 18
4 14 43 15
1 14 48 21
7 12 40 4
6 2 40 20
6 2 61 1
7 2 57 20
5 2 20 17
7 2 33 24
5 2 51 22
2 2 66 7
1 2 28 5
3 2 43 14
6 2 23 16
6 2 61 24
4 14 61 23
1 2 28 33
3 12 25 16
6 4 43 20
4 2 54 15
7 2 58 40
8 2 13 38
2 12 41 33
6 2 11 12
6 2 58 27
5 4 79 41
6 4 27 13
6 12 45 33
5 12 58 40
3 2 63 16
1 3 90 79
2 2 66 50
4 4 17 11
3 2 48 4
1 2 27 26
4 14 56 43
2 2 70 99
2 2 18 43
3 2 15 27
8 12 36 11
3 2 54 86
4 2 95 59
6 12 33 13
3 10 20 5
4 2 29 66
1 2 23 10
3 10 23 33
4 6 19 6
1 2 21 42
4 2 18 49
6 2 28 34
6 2 47 48
4 2 4 34
8 4 38 40
2 2 53 45
3 14 51 38
6 2 55 42
4 12 45 49
7 2 40 32
1 11 50 49
6 2 31 41
5 6 73 49
2 2 59 30
4 4 35 37
7 2 63 30
7 2 41 30
1 2 45 6
8 10 20 11
6 2 93 74
4 2 21 11
5 10 21 9
2 10 25 23
6 10 24 8
3 2 17 8
5 8 35 14
7 12 48 15
6 2 45 28
3 12 62 30
7 2 49 31
2 2 62 53
7 2 33 7
6 2 1 34
5 2 12 49
4 2 81 87
3 6 13 4
1 4 60 46
4 2 2 49
5 2 13 20
2 12 63 45
2 2 52 97
4 6 30 8
3 12 35 8
5 10 2 33
2 2 28 34
6 2 32 32
6 2 40 50
6 10 15 30
4 2 27 31
5 12 13 30
2 12 52 30
6 2 6 8
4 10 20 50
5 10 28 33
6 2 71 26
1 10 26 5
3 10 27 31
2 4 11 18
2 2 21 29
4 3 68 75
2 2 31 24
7 2 51 17
6 2 14 12
4 4 7 45
5 11 80 72
2 3 72 50
7 2 63 1
4 2 83 72
1 2 77 73
5 2 55 8
4 2 42 4
7 2 4 5
1 10 22 18
4 10 23 33
4 2 1 12
5 4 21 48
6 2 55 46
5 2 43 16
7 14 43 31
1 2 23 6
3 2 36 28
5 10 11 13
7 2 91 91
7 2 28 16
1 10 24 30
3 10 30 24
3 2 60 24
6 2 78 71
5 10 33 42
2 2 13 43
4 4 73 70
7 2 53 27
3 4 31 50
3 7 34 72
3 2 10 49
6 12 18 49
5 2 16 26
6 2 60 66
7 11 31 50
5 10 37 20
7 14 33 20
1 2 9 18
7 2 19 21
8 2 80 87
6 2 28 40
2 2 22 46
7 4 37 21
4 2 49 8
3 2 49 41
4 2 13 30
1 2 29 50
8 2 21 48
8 2 48 27
3 2 43 50
2 10 25 39
3 3 92 54
2 10 25 45
8 6 27 50
5 10 29 49
3 10 33 20
6 4 28 50
7 4 28 44
2 2 28 17
5 6 23 23
1 2 67 26
3 4 28 12
5 2 19 53
5 12 48 15
7 2 72 52
2 12 48 15
6 10 46 75
5 2 34 22
8 10 46 24
6 10 46 24
1 2 4 21
5 2 3 13
3 2 36 41
8 10 17 20
3 2 6 47
6 2 36 45
5 2 7 22
2 2 44 17
6 2 52 41
6 2 61 69
1 2 64 38
4 10 56 43
4 10 73 75
1 2 12 45
2 3 86 60
6 2 29 17
8 2 59 78
6 2 25 30
1 2 62 75
2 2 84 97
7 2 79 81
8 10 51 44
8 2 40 15
4 4 15 21
8 2 61 67
1 2 89 89
2 2 9 14
5 2 62 36
5 3 52 53
4 2 46 81
4 10 56 17
6 2 39 17
5 4 20 45
2 2 24 20
7 2 2 20
2 10 2 17
2 10 78 88
2 2 1 29
7 2 87 74
5 4 24 19
2 9 15 50
1 2 80 97
7 10 15 50
7 2 17 47
2 8 2 49
7 2 30 47
4 4 29 20
7 2 57 37
3 3 15 50
2 4 44 74
1 10 55 37
1 2 20 90
1 2 63 82
3 11 87 81
1 2 38 29
7 2 8 47
8 2 54 37
3 4 43 8
8 2 70 79
2 10 18 49
4 2 25 50
6 2 31 16
6 10 43 8
7 2 62 75
8 2 31 46
8 9 72 73
3 6 33 16
5 2 84 86
7 2 20 29
1 2 78 77
2 2 41 7
4 10 35 30
8 2 19 32
5 2 25 52
4 2 32 9
2 10 43 53
5 9 90 91
3 2 63 53
4 2 11 35
1 2 95 63
8 10 10 34
4 3 25 52
5 2 39 28
5 2 21 6
5 3 80 89
1 8 5 15
2 12 24 14
2 8 4 45
4 2 24 9
3 8 4 45
8 4 38 46
4 2 25 42
1 2 44 91
5 2 17 28
4 2 52 24
7 4 14 12
6 2 79 74
4 12 4 49
7 2 36 45
6 2 44 18
4 12 18 27
1 2 31 50
6 2 62 78
7 2 41 71
2 2 42 27
7 12 50 27
2 2 19 26
7 4 36 49
5 4 19 14
7 4 50 22
6 2 5 28
6 2 16 92
3 2 79 51
4 16 19 14
3 2 25 41
7 6 2 14
8 2 31 41
1 14 11 10
4 2 30 36
4 3 86 93
7 10 18 27
1 2 6 13
1 3 35 53
3 2 5 15
7 3 47 74
4 12 5 15
8 2 43 27
6 2 25 9
6 10 23 46
6 10 31 40
5 10 46 24
7 2 2 44
6 2 21 27
4 4 17 45
3 6 2 14
4 2 17 25
7 2 27 31
1 12 17 46
1 3 45 74
1 3 71 73
4 4 8 2
5 2 7 34
4 2 28 23
6 14 4 4
7 2 20 45
3 2 24 3
1 3 79 52
6 4 42 9
5 11 23 49
2 2 15 50
7 2 25 30
4 12 15 50
5 2 41 42
4 2 1 1
2 2 4 4
1 10 10 34
7 4 35 36
4 2 42 38
2 3 26 82
8 10 23 27
5 2 21 25
1 2 23 49
2 2 33 29
4 2 14 6
4 2 28 51
1 2 21 43
4 2 10 43
6 2 24 26
6 2 42 26
1 2 15 6
1 2 43 16
6 2 33 23
5 12 39 28
1 4 2 48
1 2 5 26
6 4 40 42
6 2 31 22
2 10 17 7
6 10 20 5
5 10 27 31
1 10 39 28
2 2 15 27
3 2 29 44
1 10 37 42
4 10 42 26
7 2 82 80
6 2 37 28
8 10 42 26
2 2 20 33
5 10 55 76
7 6 8 14
7 2 44 41
5 9 7 49
3 2 20 45
8 8 4 45
1 2 19 27
5 2 88 81
8 10 35 30
7 2 79 81
4 2 12 44
3 2 29 25
6 10 30 24
7 2 14 46
4 2 60 76
3 2 42 71
2 2 57 76
3 8 2 43
4 2 18 27
1 4 33 40
4 2 24 25
8 2 14 41
6 4 16 47
1 2 52 18
4 3 42 83
6 12 42 39
5 2 48 37
5 2 5 26
7 2 34 43
3 14 19 30
3 2 53 51
7 2 5 27
1 3 65 75
8 2 28 24
2 2 65 75
8 2 5 49
5 4 15 21
3 3 44 75
6 2 25 51
4 2 21 49
5 2 19 21
4 8 15 40
8 2 4 21
7 10 13 23
2 4 25 40
3 10 20 40
4 8 22 41
8 2 33 42
6 2 4 83
3 2 39 39
8 8 18 49
2 12 17 46
8 2 83 69
3 2 6 6
8 12 42 39
5 2 31 23
8 2 19 38
5 4 13 26
3 11 18 49
4 2 11 43
3 14 29 43
3 2 19 21
7 10 12 27
7 10 19 43
6 2 1 29
1 10 21 20
8 8 8 72
2 4 1 45
1 8 10 15
3 4 22 18
2 12 10 15
5 4 8 18
4 10 8 14
6 2 10 49
1 2 3 48
5 2 5 31
8 10 22 18
3 8 7 49
7 11 4 49
6 8 4 49
6 8 5 31
1 2 7 46
6 2 16 19
7 2 7 45
6 3 82 80
8 2 7 17
3 8 4 45
5 4 35 2
2 2 21 44
3 8 11 42
8 8 10 43
5 2 14 40
1 2 10 26
4 3 27 75
8 10 14 40
1 2 3 46
4 9 35 75
6 2 24 2
1 2 17 11
1 2 62 72
3 6 2 33
1 2 2 14
7 10 16 11
5 8 6 47
8 4 78 82
4 12 11 46
5 3 68 52
6 8 9 45
5 3 4 79
5 2 69 52
1 8 10 40
6 8 10 37
6 2 51 3
3 6 17 1
8 2 9 19
3 2 3 47
8 2 57 67
1 2 33 36
5 2 73 77
8 2 84 93
6 2 13 38
4 2 72 70
2 2 12 21
3 14 32 37
7 2 4 22
8 2 53 89
5 12 22 2
7 14 13 1
2 2 13 42
4 12 38 36
7 8 7 46
1 8 10 21
7 6 7 19
6 4 1 11
3 3 48 77
2 2 52 2
6 12 10 21
8 2 5 34
4 2 5 5
2 10 11 10
7 2 23 29
4 2 11 2
1 2 43 16
7 2 47 1
4 10 17 1
2 4 1 39
1 2 15 29
6 2 34 39
8 2 23 38
6 2 49 65
2 2 58 72
1 2 17 8
4 2 21 2
7 10 11 39
1 10 22 37
1 2 60 75
2 2 10 26
5 8 5 5
1 4 33 1
6 2 1 8
4 2 3 46
5 10 39 3
2 2 8 20
6 2 5 4
4 2 47 1
4 2 2 38
5 2 33 35
1 2 61 89
6 2 37 73
5 2 92 63
2 2 27 37
5 2 34 88
7 10 37 35
8 9 55 72
6 4 21 3
8 2 2 4
5 8 7 26
4 2 9 35
6 2 9 25
5 4 10 32
2 8 11 23
3 8 18 4
2 4 21 2
8 8 19 30
7 2 49 66
7 6 3 30
3 2 3 19
2 2 45 74
6 2 15 22
4 2 84 69
8 6 4 26
4 12 1 28
1 2 9 25
6 2 77 80
1 10 3 30
6 4 2 20
1 2 92 94
4 10 11 20
7 10 10 21
3 8 4 26
1 8 9 29
2 12 10 27
4 8 28 17
1 8 27 8
6 8 27 2
8 8 35 8
5 2 27 25
2 8 68 59
1 2 5 42
4 2 87 58
6 8 2 43
7 2 25 2
7 2 38 7
7 2 20 33
2 4 7 32
7 2 13 39
4 8 9 32
8 4 1 45
5 8 2 43
5 2 9 41
8 8 33 1
4 8 80 95
5 3 88 96
6 2 21 43
5 2 15 38
8 8 85 85
2 2 6 40
2 4 8 41
1 2 74 86
7 2 27 58
4 4 14 29
2 2 4 21
5 4 1 24
8 2 19 80
1 2 82 96
3 2 3 13
7 2 38 66
2 2 13 28
5 2 41 57
2 3 46 81
6 2 5 28
8 2 47 79
5 2 9 44
1 3 47 63
6 2 73 90
3 2 69 74
6 3 47 56
8 12 6 41
3 2 68 71
4 2 8 8
8 2 51 62
6 8 2 26
8 8 2 20
8 3 61 56
1 2 2 43
8 8 5 15
4 2 59 73
8 2 89 84
5 2 8 19
3 4 23 16
7 8 5 15
1 8 17 17
3 2 4 22
6 2 46 97
4 3 44 73
5 8 19 24
5 2 17 18
4 4 15 4
8 2 40 79
2 2 15 38
3 2 75 91
1 10 16 36
7 2 43 70
7 4 9 3
3 2 15 23
8 2 1 23
2 2 17 3
6 10 12 4
7 2 11 32
6 2 25 23
4 8 17 17
6 2 9 7
4 2 73 88
2 2 80 68
6 2 8 31
1 2 3 36
1 2 8 36
3 2 23 92
3 2 13 25
7 8 5 34
3 8 3 36
7 2 52 87
7 8 5 31
8 8 3 30
4 2 75 88
8 8 19 24
1 8 39 57
4 4 4 27
3 2 2 31
7 8 54 65
4 2 38 57
5 2 20 67
3 2 69 57
7 3 78 54
8 2 38 59
8 2 64 51
4 2 17 3
4 8 54 65
6 2 6 24
2 2 22 56
2 2 17 3
2 9 76 53
3 8 18 4
5 2 53 66
4 10 13 4
1 2 13 32
1 2 82 81
8 2 3 1
8 2 38 85
2 2 34 55
4 2 9 35
7 2 29 51
7 4 16 37
7 2 49 61
8 10 16 36
1 9 70 55
5 2 7 23
8 2 20 63
8 2 3 36
2 2 62 53
3 8 16 39
8 2 8 36
3 3 77 56
8 8 22 2
3 3 70 54
3 5 61 58
8 2 1 17
1 2 74 91
7 9 69 56
3 2 6 30
6 7 21 65
5 3 60 59
4 2 2 65
2 2 13 37
7 7 33 71
7 2 59 70
6 8 49 71
8 2 1 2
7 2 25 91
1 4 14 12
8 2 63 76
8 7 82 97
8 2 2 94
8 6 5 34
5 3 39 96
7 4 53 73
2 10 5 34
3 2 6 18
3 4 74 96
4 2 38 57
1 2 6 12
6 2 80 62
8 2 40 70
2 2 85 94
4 3 50 61
6 7 83 88
1 2 67 99
3 2 58 95
8 7 62 98
6 6 2 17
6 2 50 64
5 2 5 11
7 6 4 84
3 2 8 2
1 2 49 97
7 3 75 54
6 6 4 45
6 2 24 96
3 2 27 84
2 6 2 43
6 2 70 95
8 3 15 68
3 2 36 63
7 6 4 9
7 2 1 34
4 2 1 7
7 2 64 94
6 6 3 40
4 2 46 80
2 2 9 97
7 2 51 55
2 2 71 64
2 3 60 93
4 4 26 66
5 2 62 66
8 2 72 59
2 2 49 97
4 3 11 54
1 9 67 65
3 3 1 56
1 8 3 40
4 8 27 53
8 2 15 58
4 3 68 59
6 7 56 65
1 2 69 54
2 2 55 93
4 2 30 59
8 2 6 74
8 2 18 68
4 2 52 53
5 2 16 65
1 2 7 60
8 2 43 73
1 3 39 84
6 2 60 86
1 11 80 56
5 2 83 60
8 10 30 69
8 2 9 31
8 3 59 59
5 4 55 57
2 8 64 56
2 2 7 57
1 7 75 51
3 3 45 54
7 2 51 58
8 2 73 82
6 3 56 55
4 2 73 53
7 2 48 96
7 6 6 41
8 3 2 66
5 3 2 66
1 9 16 71
1 9 32 72
6 2 5 10
5 8 70 65
6 2 8 3
6 6 3 30
3 2 6 6
6 3 73 59
6 2 69 56
2 2 36 73
1 2 9 76
2 4 4 10
7 2 4 6
1 8 4 4
2 3 63 67
5 2 34 78
2 7 27 76
7 2 4 5
6 6 1 5
4 6 4 16
4 2 63 48
3 3 47 60
1 2 6 66
3 2 1 40
6 10 46 59
5 2 65 73
6 2 47 68
2 2 75 52
3 7 65 66
2 2 53 58
2 2 17 2
6 7 63 58
3 6 5 11
8 6 4 4
1 3 70 75
5 10 4 4
2 2 31 69
2 2 17 63
4 2 42 49
5 2 42 56
2 6 1 2
3 6 6 79
5 2 88 89
7 4 8 3
2 2 3 40
8 6 7 55
1 6 7 35
5 2 81 80
7 6 8 24
1 2 3 40
5 6 6 41
8 4 3 2
4 4 63 78
1 4 10 15
4 3 18 60
1 2 5 61
1 8 1 2
4 3 70 49
8 7 66 81
8 2 2 5
4 6 2 4
3 2 5 22
2 2 54 53
7 2 12 61
2 4 4 11
8 2 22 53
7 2 78 79
3 4 13 20
8 9 58 50
5 8 69 50
1 3 15 50
5 6 4 10
3 6 8 30
8 2 1 24
6 2 34 60
3 2 4 39
5 7 59 61
6 2 3 40
5 2 31 61
7 8 3 40
7 2 17 14
7 2 9 79
2 3 24 48
7 2 62 75
3 3 40 59
3 9 12 78
4 7 43 60
8 2 73 79
3 2 70 78
8 2 63 70
7 4 54 77
4 3 62 64
4 2 6 30
8 2 18 50
6 2 16 48
4 4 8 77
5 4 1 34
1 2 14 70
7 2 56 69
6 2 11 77
8 2 63 58
1 8 21 45
3 2 2 49
1 3 11 47
2 3 59 47
6 2 50 59
7 7 65 47
7 2 83 88
6 6 4 35
8 2 56 45
6 7 61 49
5 2 34 46
4 2 25 1
7 6 4 35
6 6 5 31
6 2 78 83
5 4 50 51
8 6 7 20
8 3 65 64
5 6 14 69
6 2 7 27
2 4 1 6
1 6 12 27
2 3 45 60
3 8 52 59
3 2 4 53
1 2 61 79
8 7 45 62
3 3 9 62
4 2 14 47
4 2 50 61
4 2 57 58
3 2 7 68
6 2 68 53
7 7 57 53
3 2 1 1
4 2 27 64
5 4 50 56
8 7 63 45
6 6 11 36
1 4 5 77
7 2 44 65
4 8 11 36
5 3 33 53
1 2 30 47
3 7 24 75
8 2 4 77
4 2 46 77
6 7 51 54
7 2 5 20
4 2 32 49
4 6 3 20
2 2 68 73
1 2 15 72
8 2 29 55
6 2 42 73
2 6 7 36
4 2 32 70
6 6 12 78
4 2 16 15
1 2 4 21
6 2 51 79
5 2 42 50
4 2 8 67
8 7 50 78
2 6 13 23
2 2 58 76
7 2 34 56
6 3 38 54
1 2 1 41
3 6 1 41
5 2 24 66
3 6 13 14
7 3 14 74
3 2 53 55
3 3 63 47
5 2 3 41
1 2 6 23
5 7 58 72
6 2 49 64
6 2 63 75
6 7 56 62
1 6 3 43
5 2 36 57
2 3 47 62
4 2 66 73
1 3 48 65
7 10 47 65
5 6 4 23
7 2 30 80
2 6 16 15
5 6 16 7
3 8 24 8
3 2 61 79
6 2 9 44
7 2 58 54
5 2 55 68
1 2 17 22
1 6 13 43
7 6 17 7
2 2 35 66
2 6 19 8
6 6 21 87
2 2 33 59
6 2 16 7
7 2 3 81
1 2 1 90
6 7 44 87
4 2 13 88
2 4 12 84
2 7 52 85
1 2 1 39
8 6 3 40
3 2 51 90
6 2 7 23
4 6 19 88
3 6 22 60
1 2 40 91
1 2 7 21
3 4 21 81
8 2 17 61
6 4 68 91
3 2 59 70
6 3 17 79
6 7 66 77
3 3 79 85
5 2 33 80
4 3 7 90
2 2 52 57
3 2 23 56
1 2 9 22
6 8 7 88
2 2 36 60
1 2 45 88
5 2 59 92
6 2 32 60
1 4 52 46
1 3 28 44
4 9 58 50
6 2 58 45
5 2 39 62
2 2 51 91
8 2 19 59
7 2 24 92
4 2 1 41
7 8 70 81
5 2 10 77
6 2 47 46
7 7 3 40
4 2 42 61
2 2 53 56
6 2 8 7
3 2 55 79
8 4 1 11
8 2 4 22
2 2 17 56
4 3 11 80
7 8 2 23
3 2 15 57
3 2 29 89
1 4 9 8
4 3 61 73
8 2 3 40
4 2 30 77
7 2 1 84
5 4 16 13
4 2 19 7
2 2 3 72
2 2 41 80
4 2 12 76
4 8 19 75
6 7 66 84
3 3 11 86
6 2 63 51
5 2 47 73
6 2 11 76
8 2 77 84
4 6 2 23
6 2 54 42
2 6 1 21
7 2 22 69
4 2 38 69
3 2 60 70
4 7 56 68
5 2 12 84
8 2 44 83
1 2 61 66
4 2 59 77
8 2 9 75
4 6 3 20
6 3 57 46
4 6 4 10
5 2 50 55
4 6 7 7
3 2 36 73
8 2 24 53
8 2 19 53
1 2 6 6
8 2 10 88
3 2 44 73
5 7 64 85
7 6 16 13
6 6 16 7
3 3 26 63
3 3 1 39
2 6 23 1
8 6 32 75
3 6 33 81
8 6 30 52
7 6 41 75
5 3 42 61
2 2 62 79
8 3 45 74
6 4 54 69
5 3 54 80
2 2 44 69
6 2 49 80
8 2 28 46
4 2 28 52
5 7 44 61
3 2 1 8
7 2 4 78
4 2 63 81
3 2 55 48
1 7 51 54
7 6 28 46
8 7 42 45
5 6 53 66
3 2 44 69
8 4 15 55
1 6 22 53
5 6 23 52
7 2 39 49
7 2 43 48
7 2 17 54
3 6 24 53
3 2 41 65
1 2 52 64
2 2 34 54
8 2 29 79
8 6 35 53
3 6 42 55
4 2 51 51
7 2 25 61
6 2 1 7
6 3 15 45
5 2 12 53
1 3 28 53
3 9 43 60
4 2 67 87
5 2 56 49
7 2 3 8
4 2 32 77
2 2 5 45
4 3 53 77
7 2 37 46
8 2 60 81
5 2 52 80
3 7 42 48
5 7 61 78
5 6 2 7
8 6 2 7
7 8 2 4
1 2 21 44
7 2 49 55
2 2 16 71
2 2 37 55
6 2 29 73
1 3 29 42
3 2 40 50
4 2 28 56
6 3 15 61
6 2 5 71
6 6 56 78
5 3 19 82
7 2 40 77
8 2 26 77
3 2 51 48
3 6 60 47
8 6 59 84
2 2 7 11
2 2 57 49
6 6 6 12
3 6 70 84
4 2 43 60
8 2 38 50
1 2 49 47
4 6 43 46
8 6 43 50
5 4 14 64
3 3 22 54
1 7 41 65
7 6 38 65
6 6 40 62
2 2 46 64
6 3 24 60
4 2 2 59
6 2 4 60
3 2 32 52
1 7 37 58
2 2 17 51
3 2 4 5
3 2 6 13
7 2 5 50
6 2 53 64
4 6 5 5
1 2 48 65
3 6 27 53
4 2 60 73
6 5 2 62
6 2 63 84
6 2 18 52
8 2 47 75
1 2 50 46
2 2 1 35
7 3 27 47
6 7 24 53
1 2 36 58
8 6 35 59
3 3 11 70
6 2 3 35
6 2 26 72
8 2 4 6
7 2 44 66
2 8 1 5
2 6 47 75
8 5 4 49
1 2 20 46
3 2 32 61
5 3 13 49
8 7 51 63
2 5 4 64
8 5 11 58
2 2 40 84
4 2 18 62
5 2 19 66
6 2 51 45
7 5 28 81
4 8 44 81
3 2 41 63
3 6 56 81
3 2 20 46
5 2 51 69
2 3 11 47
8 2 19 47
1 2 21 50
2 2 1 80
1 2 34 79
6 2 5 82
6 8 18 46
2 2 4 47
5 2 63 78
7 2 36 81
4 4 40 48
6 5 11 46
3 3 3 48
4 5 15 39
2 2 46 63
1 5 16 65
5 6 20 65
6 2 34 67
4 2 24 37
7 2 47 79
2 6 51 38
1 2 52 64
5 2 52 70
6 2 32 63
6 2 52 68
2 6 58 78
4 5 26 79
2 3 20 50
7 5 25 35
6 3 27 36
2 4 6 64
3 3 40 65
8 3 29 54
5 2 1 12
3 10 34 62
5 3 50 38
4 2 4 66
1 2 9 11
2 2 25 47
6 2 3 47
3 2 29 72
4 7 31 50
8 2 34 63
7 2 30 64
6 5 43 82
2 2 22 48
8 2 42 38
4 4 23 50
3 2 48 73
5 2 31 68
3 7 47 36
1 2 45 71
4 3 31 79
6 2 18 64
4 2 59 75
7 6 6 12
3 6 14 62
2 2 24 79
7 4 9 5
5 3 33 80
5 4 5 37
1 3 19 75
5 2 40 79
8 2 17 52
1 9 46 84
7 3 14 53
7 7 27 76
6 2 46 75
5 2 48 82
2 3 16 58
3 3 12 67
5 2 16 66
4 2 33 77
1 7 28 55
8 3 23 40
1 2 42 61
5 2 4 11
4 7 49 84
3 2 45 83
5 6 7 6
5 2 29 54
8 6 19 72
4 2 2 72
8 2 11 82
5 3 23 51
6 8 29 49
1 2 36 42
6 2 24 81
7 4 5 76
2 2 33 47
7 2 29 70
6 2 40 63
7 6 23 49
5 2 18 72
1 3 37 82
2 2 41 41
5 3 13 83
8 8 33 84
2 6 25 38
1 2 46 36
2 3 34 43
2 2 12 38
6 7 23 36
4 7 34 43
2 2 38 80
5 4 16 37
3 6 36 65
6 2 19 41
4 2 11 57
5 4 2 4
1 2 32 37
5 2 35 66
6 3 16 41
2 2 21 64
3 3 3 52
2 2 5 79
4 2 25 64
6 2 1 75
3 2 37 82
7 3 23 66
1 2 32 65
4 3 38 75
5 2 23 45
3 2 6 74
4 6 7 4
5 2 41 80
1 4 27 80
8 2 2 4
2 3 37 38
5 2 35 82
1 2 46 43
3 6 2 4
4 6 28 68
2 3 47 73
7 2 32 65
8 6 29 78
5 2 47 76
7 2 40 82
4 2 34 37
8 6 36 75
4 6 39 63
7 6 40 65
4 3 11 64
5 6 10 66
4 5 24 83
8 6 25 83
4 5 5 76
1 5 7 81
5 2 54 72
1 3 3 74
7 3 36 75
2 5 16 52
7 5 16 58
2 2 29 83
7 5 16 81
5 2 33 74
1 7 32 76
2 2 30 82
5 2 25 63
6 2 31 73
4 2 4 52
8 2 60 76
2 3 46 75
4 2 26 78
1 3 15 66
5 2 25 58
6 3 13 65
3 2 46 80
3 2 24 75
2 2 10 50
8 6 24 62
8 2 17 74
3 2 16 64
7 2 2 60
2 6 32 60
7 2 35 61
6 2 7 63
1 2 19 75
7 2 11 69
6 2 42 54
3 6 35 72
1 2 23 66
7 2 42 58
6 4 5 54
4 2 27 53
6 5 16 65
2 2 30 69
7 5 16 52
2 2 8 80
8 2 16 52
8 2 42 83
2 2 33 70
6 2 4 66
3 2 7 72
8 2 43 60
7 2 7 49
1 2 12 63
2 4 13 64
2 3 27 53
6 3 33 68
4 2 6 64
6 2 21 65
5 6 35 72
5 6 34 68
5 5 15 66
8 2 4 75
2 2 42 61
7 5 14 62
3 2 47 71
3 2 9 78
2 7 48 72
4 2 23 45
3 2 37 72
7 8 40 72
8 2 36 74
4 2 40 38
3 5 18 72
5 2 23 74
6 2 32 46
3 2 27 83
3 5 18 62
2 2 1 66
7 2 14 68
2 2 14 46
3 2 24 77
7 2 25 71
7 2 28 68
3 2 26 72
6 8 32 72
8 2 4 66
2 6 21 71
5 2 22 61
7 5 5 66
8 2 23 52
5 2 29 66
4 7 28 68
2 2 14 68
1 2 4 71
3 2 29 70
3 3 38 69
5 2 12 45
2 6 16 61
8 3 15 46
6 2 5 66
8 3 37 82
2 6 24 53
1 2 17 70
7 2 54 76
3 3 4 49
1 2 16 50
8 2 5 63
8 2 6 68
1 3 6 68
3 2 37 54
5 2 13 64
1 7 25 68
8 5 11 65
4 2 4 69
2 3 56 77
2 2 37 54
3 2 16 52
4 5 12 62
7 5 12 46
8 5 26 69
4 5 31 65
1 2 13 64
3 2 23 74
5 5 31 56
1 5 37 74
3 2 14 76
5 2 16 75
6 5 39 34
3 2 13 56
6 5 39 82
3 5 40 59
1 3 7 60
3 2 3 69
2 3 11 57
8 2 11 82
6 6 10 56
1 3 21 47
4 2 25 68
7 4 6 57
3 6 21 42
2 4 14 74
2 3 3 52
5 2 21 51
2 2 20 45
7 6 10 53
4 2 20 58
5 2 11 70
1 3 35 59
6 2 9 63
2 4 15 43
8 2 8 49
7 2 3 52
6 2 4 74
2 6 21 42
8 6 18 45
7 2 24 59
3 2 16 52
7 2 14 43
1 2 11 57
4 6 34 72
2 4 24 69
2 2 18 52
4 3 4 72
2 2 17 56
8 2 26 55
7 6 24 68
5 2 3 50
5 2 23 34
1 6 9 55
4 5 5 69
4 2 1 65
4 5 19 53
1 5 20 59
6 2 19 50
5 4 2 32
3 4 2 32
2 2 18 60
7 3 15 49
7 2 24 44
5 5 23 61
3 4 2 15
4 2 12 53
8 2 36 56
5 4 2 9
2 2 5 15
3 2 17 67
4 3 36 56
1 2 56 74
1 2 23 39
6 7 20 62
1 2 21 64
6 5 54 74
7 2 11 69
5 3 17 50
7 2 21 71
8 5 15 50
1 2 15 46
2 4 1 56
5 2 7 49
5 5 4 57
1 2 10 66
4 2 2 56
6 5 18 58
6 4 1 57
7 4 2 32
8 2 4 54
7 4 4 38
5 2 25 41
1 2 28 34
4 2 8 54
1 2 13 54
6 2 11 36
8 3 9 50
4 2 11 42
4 2 3 40
3 5 13 42
2 2 7 58
3 2 43 39
7 2 30 31
3 2 1 57
3 2 11 35
7 2 15 72
2 2 23 55
8 2 42 74
3 6 15 56
3 2 14 77
5 5 36 79
7 2 14 35
6 4 16 53
8 2 14 57
7 6 35 33
7 2 23 75
6 2 1 34
6 2 17 75
8 2 13 64
3 2 1 65
7 3 36 40
2 5 7 33
4 2 17 58
7 2 3 35
7 2 11 31
3 2 22 58
4 2 4 79
7 5 15 50
6 5 18 52
3 2 17 52
5 2 6 35
3 5 52 75
2 4 3 19
3 4 1 18
3 2 18 62
8 2 11 59
4 2 7 17
7 3 22 35
5 3 8 75
5 2 46 36
8 2 35 36
2 8 25 39
1 3 8 59
8 2 23 79
7 2 11 35
2 2 19 32
5 6 19 75
4 2 11 31
6 5 10 34
4 3 21 79
8 6 9 32
1 2 32 70
4 2 1 73
5 2 23 38
6 6 23 78
4 5 19 36
5 2 2 32
2 3 9 62
5 2 3 37
8 2 11 32
3 3 26 77
4 6 23 33
2 5 20 79
3 5 34 74
8 5 34 72
6 2 33 36
4 3 4 34
6 2 6 72
5 3 36 40
8 5 18 33
5 2 1 19
4 4 1 18
3 2 19 35
8 4 1 17
1 4 3 19
1 4 4 16
5 4 3 12
7 3 6 40
4 3 25 67
2 2 1 17
8 2 25 37
5 2 11 60
7 2 9 35
7 2 11 35
1 2 8 33
7 2 1 19
8 5 10 34
6 2 1 12
8 2 12 66
3 2 7 51
1 5 19 39
3 2 6 35
7 5 21 36
1 3 8 42
1 5 23 65
3 2 10 33
5 4 12 41
3 2 23 67
2 2 23 38
8 3 16 35
1 3 11 75
1 5 15 75
2 4 17 61
4 2 7 33
2 2 20 74
1 7 19 59
8 2 23 66
7 2 11 33
5 2 17 76
4 2 20 31
6 5 16 36
4 3 10 37
1 2 20 73
5 2 10 39
6 2 32 33
7 5 16 32
8 2 31 36
8 2 14 35
6 3 11 68
8 2 20 61
2 6 22 66
1 3 4 49
5 5 7 49
5 4 1 17
4 4 1 11
1 2 23 49
8 2 3 47
2 3 4 66
1 5 4 68
7 5 6 66
8 2 20 70
3 2 8 69
1 2 14 61
2 4 1 11
7 2 17 39
2 4 4 9
5 2 4 51
8 4 2 9
6 2 9 58
5 4 3 1
5 4 4 40
7 2 22 63
7 2 31 69
8 5 23 65
4 2 5 40
4 2 16 42
1 2 11 44
3 2 2 15
2 2 9 39
8 4 2 14
5 2 4 63
4 5 19 65
2 2 20 39
3 2 6 63
3 2 21 66
5 5 17 62
8 2 1 59
6 4 3 63
6 4 5 37
7 3 7 56
4 2 4 15
7 4 4 15
4 2 4 62
3 4 3 65
2 4 14 46
5 2 11 29
5 5 4 64
6 2 16 24
2 5 23 49
4 2 17 58
6 2 2 37
1 2 8 65
7 4 4 17
4 2 1 17
3 2 1 8
2 2 3 59
8 4 2 15
6 4 1 7
2 2 11 54
4 2 20 39
6 4 3 1
3 4 7 26
2 2 18 27
1 2 7 68
6 2 20 69
7 3 16 70
2 2 1 62
1 5 18 27
7 2 17 47
6 2 11 63
7 4 7 37
4 4 5 14
1 2 4 38
3 2 4 38
1 2 5 48
7 4 7 10
5 4 6 1
5 2 7 28
1 4 6 1
3 2 6 36
1 2 14 48
6 2 2 16
1 3 8 49
2 2 15 23
4 5 13 49
7 2 2 10
4 2 11 46
5 5 14 24
5 4 2 15
3 2 9 61
6 2 3 68
6 2 5 45
6 2 11 46
1 2 23 57
6 2 29 26
5 4 1 11
6 4 1 11
3 2 11 26
3 2 3 1
5 3 10 33
7 6 3 1
8 6 15 30
4 2 14 30
3 3 8 35
4 5 12 27
3 2 13 31
3 4 1 11
1 4 3 12
5 2 13 26
8 4 3 1
1 2 6 46
3 2 22 26
7 5 23 45
7 2 4 46
5 2 10 37
4 4 1 1
1 4 7 49
1 2 9 35
4 5 7 49
3 2 8 41
3 5 10 52
7 2 9 40
3 2 2 49
3 2 2 10
4 2 13 16
5 4 1 51
2 4 2 9
2 2 9 48
3 4 9 45
5 4 9 38
1 2 9 52
3 4 9 6
4 4 9 6
4 4 10 32
7 2 4 32
8 2 29 20
2 2 10 43
1 2 10 39
2 2 12 39
3 3 14 47
3 4 12 21
4 4 13 37
1 4 13 19
2 2 19 50
2 2 12 47
7 5 12 46
3 4 14 24
7 2 8 47
3 4 15 10
5 4 17 61
8 3 5 48
3 2 4 22
2 2 5 15
2 4 17 12
3 4 22 52
1 3 3 23
8 2 4 21
2 4 13 25
2 2 13 61
5 2 6 25
4 2 4 16
3 4 13 18
5 3 8 15
7 4 7 17
3 2 5 26
3 2 8 18
4 4 27 58
8 2 4 15
3 2 17 63
6 2 12 40
8 2 4 63
6 2 5 52
3 4 36 57
7 4 41 57
1 3 14 63
7 2 16 42
5 2 6 51
2 2 14 41
2 4 6 51
2 2 2 22
5 2 17 61
5 4 5 21
1 2 9 52
5 4 15 44
3 2 14 20
4 2 6 51
7 2 11 24
1 2 6 31
6 3 13 19
7 2 6 23
1 4 9 23
5 3 3 25
8 4 7 26
6 3 11 23
8 2 10 17
5 2 13 51
4 4 7 26
7 4 25 61
5 2 11 18
5 2 4 44
6 2 9 45
8 3 3 53
2 3 5 38
4 3 5 56
1 2 9 24
2 2 9 57
6 3 6 51
7 2 15 62
4 3 6 29
1 4 6 29
4 4 15 61
7 2 6 26
2 3 5 31
6 6 7 33
5 3 7 49
8 2 2 48
7 2 2 27
3 2 21 60
5 2 3 27
1 2 17 61
5 2 5 28
8 6 4 29
1 3 4 27
7 2 3 23
1 2 20 61
2 2 16 58
1 2 15 56
2 3 2 28
3 2 5 16
1 3 3 23
1 2 5 17
6 4 7 15
8 2 2 27
1 2 25 58
5 2 13 61
6 2 7 60
6 3 14 59
6 4 4 26
8 4 13 59
3 3 12 61
3 2 6 57
2 2 7 15
2 8 16 61
5 2 23 58
2 5 25 58
8 3 7 49
7 3 7 43
4 2 10 60
2 2 3 57
1 2 3 48
1 2 2 50
3 2 15 56
7 5 10 60
5 4 16 58
8 2 7 43
6 2 3 57
3 2 14 59
1 4 13 42
3 3 6 35
1 3 9 60
4 2 7 56
7 2 10 37
6 2 9 62
8 2 24 57
7 4 7 56
8 5 6 57
4 3 9 62
5 2 10 55
4 3 9 55
6 2 20 58
5 2 3 57
2 3 9 18
4 2 6 37
8 3 5 38
4 3 10 62
2 2 7 61
2 2 5 62
8 3 11 41
2 2 12 58
8 2 16 59
7 4 11 58
6 3 11 57
3 2 8 37
4 4 11 57
5 3 11 23
1 2 6 57
1 3 11 57
7 2 2 49
6 3 5 48
8 2 12 40
4 4 11 41
8 2 7 60
4 2 7 60
2 2 4 56
8 3 11 19
4 3 13 50
8 2 4 57
7 2 3 50
7 2 6 61
4 3 11 58
5 3 11 57
7 2 10 40
2 3 13 25
6 2 9 41
5 3 9 40
3 3 24 20
1 2 1 18
6 2 2 14
2 2 4 24
1 2 2 14
4 3 2 14
3 2 9 57
7 3 9 56
2 3 14 23
6 2 13 22
5 2 7 16
7 3 6 15
3 2 5 16
4 3 5 15
2 2 2 14
7 2 1 13
3 3 8 13
1 2 1 12
3 2 4 22
3 2 5 22
5 5 6 12
7 4 5 21
2 3 1 12
7 2 3 12
4 4 3 12
4 3 9 21
8 2 5 22
1 3 5 22
6 2 1 11
3 2 1 11
5 3 1 11
8 3 1 11
1 3 7 10
8 2 2 9
6 2 3 19
4 4 2 9
5 3 7 17
6 2 2 10
6 2 3 8
8 4 2 9
7 2 2 11
5 2 4 9
7 2 1 8
1 3 1 7
8 2 1 6
7 2 1 6
6 3 1 6
3 2 1 6
1 2 2 5
2 2 2 4
7 2 2 3
8 2 1 2
6 2 1 1
1 2 1 1
1 2 3 36
6 2 4 49
1 2 4 43
4 2 4 21
1 2 4 21
1 2 4 38
7 2 4 38
7 2 5 39
6 2 5 31
2 2 5 14
5 2 6 46
5 2 6 43
2 2 6 29
3 2 6 29
4 3 8 30
2 2 6 23
8 2 6 18
8 2 6 6
1 2 6 6
4 2 7 33
8 2 6 23
5 2 6 20
5 2 7 13
8 2 8 9
6 2 9 50
8 2 8 32
5 2 8 32
3 2 8 25
5 2 10 6
1 2 10 45
7 2 10 10
4 2 10 9
3 2 11 1
5 2 11 18
8 2 11 13
7 2 13 37
1 2 14 6
7 2 18 6
8 2 19 18
6 2 21 21
1 2 21 21
