23484
3334
2 4 100 11
8 2 90 2
7 2 83 56
2 2 14 63
1 4 56 22
5 2 68 12
4 3 38 77
8 2 52 23
3 4 78 21
2 2 68 1
1 4 54 9
2 2 13 54
4 2 4 36
8 4 90 56
3 2 78 68
6 2 96 10
8 2 60 24
3 2 24 62
6 3 38 81
1 4 28 18
6 4 78 31
6 2 98 53
8 2 36 69
8 2 18 47
5 4 20 44
7 2 18 47
6 2 70 26
6 2 79 72
8 2 50 24
7 2 13 85
1 2 32 21
7 2 92 14
7 2 70 41
4 4 70 12
7 2 23 75
3 2 35 61
6 2 28 47
3 2 78 39
6 2 8 62
4 4 62 66
1 2 28 47
7 2 28 50
3 2 97 64
2 8 4 17
2 2 65 81
6 2 22 12
4 2 36 13
1 2 52 35
7 4 92 49
4 2 86 32
5 2 34 23
3 2 62 59
2 3 32 50
8 2 26 4
8 2 91 69
8 6 66 22
8 2 22 28
7 2 68 37
7 2 26 18
4 6 18 34
1 2 72 14
3 2 81 72
6 2 52 25
6 2 20 77
2 2 1 83
2 2 80 45
3 6 34 68
5 2 35 81
2 6 90 29
5 3 28 83
5 2 46 75
3 2 5 84
6 2 51 53
1 2 82 3
6 2 49 57
8 2 56 47
1 3 15 78
5 2 66 73
1 2 78 37
7 2 18 7
2 2 36 54
6 2 80 34
5 2 34 49
5 2 70 39
4 2 66 18
3 2 46 28
5 2 13 95
5 2 14 18
1 4 24 54
2 2 66 28
2 2 28 12
8 2 24 43
4 2 52 33
1 2 8 47
2 2 20 48
5 4 85 89
1 2 88 10
8 2 18 35
3 2 16 7
1 2 16 10
5 2 96 35
2 2 42 49
6 2 5 74
7 2 46 12
7 4 50 2
8 2 10 10
6 5 3 76
5 2 50 36
2 3 40 99
2 2 44 32
5 4 84 5
4 4 70 78
3 3 47 72
7 2 67 88
7 2 96 44
3 3 8 89
2 2 34 43
4 2 6 19
1 2 80 18
6 2 38 4
1 2 44 54
4 2 44 8
8 4 84 10
7 2 60 26
7 4 30 37
6 2 6 29
3 4 17 96
8 2 68 37
8 2 82 5
4 2 34 89
6 2 10 32
5 2 86 33
2 2 70 2
4 4 98 42
4 2 20 99
3 2 20 33
1 2 40 46
7 2 22 47
3 4 80 17
2 2 6 80
5 2 11 95
6 2 82 19
1 2 18 20
4 2 60 12
8 3 58 51
4 2 95 80
5 2 51 90
8 7 70 84
4 4 64 30
4 4 32 37
5 2 92 7
8 2 8 21
2 2 88 32
8 2 52 4
7 2 60 14
4 2 62 3
6 2 50 24
6 2 86 29
3 2 32 46
4 4 27 55
8 2 80 26
5 2 92 89
2 6 74 44
3 6 64 11
6 3 62 71
8 2 10 32
7 2 19 70
7 3 50 74
3 2 54 30
5 2 84 4
3 2 44 3
2 2 22 57
6 2 20 73
3 2 32 18
3 2 40 3
8 2 39 70
2 8 30 23
8 5 72 58
7 2 1 94
5 4 24 3
6 2 56 3
6 2 46 3
1 2 28 40
1 2 2 30
4 2 50 39
2 2 82 12
7 2 16 55
4 2 4 12
7 2 20 16
2 4 6 2
4 8 88 29
3 2 50 69
5 6 84 22
3 2 88 38
5 2 12 10
8 2 62 35
2 2 66 10
8 2 58 26
3 2 74 7
8 2 50 45
7 6 12 50
2 2 80 89
1 2 34 16
2 3 89 88
2 2 16 63
8 4 59 64
3 2 46 14
8 4 50 37
7 2 58 41
4 2 30 12
1 2 48 74
1 4 23 81
8 2 96 1
7 6 68 35
7 2 26 3
7 2 88 24
1 2 7 68
3 2 74 97
2 2 54 12
7 4 82 91
5 2 91 76
3 2 74 84
5 2 90 44
3 2 34 17
4 2 60 21
7 2 29 75
3 2 80 16
2 10 24 43
5 2 16 1
3 2 92 61
3 4 58 3
2 6 74 40
7 4 16 18
7 2 70 9
3 2 16 45
6 3 44 59
6 3 88 91
1 2 63 95
3 4 56 8
2 4 78 35
7 2 54 32
8 2 42 7
7 2 86 94
3 2 85 51
5 2 24 38
4 2 22 53
6 4 34 7
4 2 80 8
8 2 88 11
4 2 94 1
3 2 64 47
8 2 42 8
5 2 2 10
3 4 22 40
4 6 48 47
5 2 84 36
7 2 80 17
8 2 42 20
3 3 46 77
8 2 16 11
6 2 26 25
1 2 32 2
2 2 4 49
8 4 31 69
8 2 36 22
7 3 30 98
6 4 24 38
3 2 50 36
2 2 24 38
8 2 91 83
3 6 78 48
4 4 78 23
8 4 28 10
2 2 14 6
6 2 34 82
7 10 90 39
8 4 38 26
6 2 63 88
8 2 72 62
3 2 80 42
3 2 64 11
6 2 47 67
7 2 94 27
7 3 70 68
6 2 56 83
5 2 60 22
1 2 62 13
3 2 85 79
7 3 20 59
5 2 68 23
4 2 2 73
8 2 80 39
3 2 60 13
1 2 46 17
5 3 77 76
1 2 52 1
6 2 90 41
6 4 88 6
6 2 82 26
5 4 38 42
2 4 88 34
6 3 50 62
5 2 26 24
4 4 72 14
8 2 34 11
2 2 68 75
4 2 76 44
4 2 80 8
5 3 83 97
1 2 6 39
1 2 48 93
3 3 65 65
1 2 4 21
2 2 96 27
5 2 46 41
7 2 30 4
7 2 4 39
7 6 44 37
6 2 5 98
2 6 84 5
7 2 44 16
6 2 24 16
5 4 2 24
4 2 76 38
6 2 10 17
1 2 16 36
7 4 44 35
4 2 36 32
2 2 18 8
8 2 30 34
7 4 76 26
4 2 6 90
6 10 86 46
3 2 64 38
8 2 82 93
3 3 57 96
4 2 66 50
3 2 34 32
6 4 6 42
1 2 22 73
8 2 67 93
8 2 55 55
5 2 74 50
4 4 38 30
5 4 91 92
8 2 6 28
1 2 12 21
3 2 80 42
4 2 52 35
3 4 28 31
1 2 2 8
7 2 8 8
4 2 54 64
6 2 38 29
7 2 50 35
5 3 69 71
5 2 16 49
8 2 56 15
3 2 16 27
1 2 79 75
3 2 56 35
7 4 66 44
4 2 52 7
6 2 54 26
5 2 18 14
7 2 52 82
7 2 14 50
6 2 49 98
1 2 13 65
8 2 90 15
5 2 40 46
1 2 44 36
6 3 75 57
1 2 22 42
7 2 9 79
1 2 62 19
8 2 40 22
5 2 61 79
5 2 64 21
2 2 16 19
5 4 14 29
2 4 4 22
5 2 82 77
3 6 14 4
2 2 16 14
4 4 34 46
1 6 36 19
6 2 43 98
4 2 46 32
4 6 68 9
8 2 74 1
6 6 64 69
6 2 44 30
2 6 74 39
5 4 12 8
8 2 18 4
1 2 42 35
4 2 11 73
5 2 82 25
3 2 84 56
5 3 32 95
8 2 2 23
7 10 16 21
7 2 62 17
4 3 29 99
4 3 77 87
7 6 34 73
7 4 36 6
7 4 10 27
1 2 13 76
4 6 60 15
6 6 44 42
7 6 30 2
5 4 6 23
3 6 78 20
5 2 22 26
7 3 7 61
4 2 11 78
2 7 74 53
1 2 77 92
6 2 60 17
5 2 20 34
7 2 22 22
6 10 46 77
2 3 25 82
4 2 60 25
2 2 64 42
1 2 80 28
4 2 72 26
2 2 13 74
5 2 18 8
5 2 43 87
2 2 84 16
1 2 10 9
5 2 46 39
2 3 17 60
8 3 32 68
2 2 4 45
1 2 11 66
5 2 24 28
8 2 42 34
1 2 82 5
6 2 23 92
7 2 55 58
4 2 28 10
4 2 7 56
2 2 76 21
2 4 54 14
3 2 16 16
4 2 66 85
8 5 32 63
6 6 36 3
2 2 8 35
6 2 9 90
3 2 12 44
7 2 68 45
4 2 60 4
5 5 65 92
8 2 44 6
3 3 16 60
8 2 22 71
5 2 64 19
5 2 24 53
6 2 80 27
2 2 59 92
8 2 68 3
6 2 4 20
6 10 18 31
8 2 88 27
8 2 42 42
3 2 28 41
4 2 91 82
4 2 2 65
2 2 47 81
2 2 52 26
2 2 42 8
6 2 48 12
2 2 48 10
6 2 16 42
4 2 26 1
8 4 20 39
7 2 42 62
7 6 60 23
8 2 58 89
7 2 48 4
7 4 12 5
6 2 45 94
1 2 72 26
4 2 16 32
1 2 10 99
1 2 84 62
4 2 70 25
8 2 60 2
1 3 44 91
3 2 28 35
4 2 50 27
4 4 32 18
1 2 36 15
6 2 24 30
2 2 16 31
3 2 84 37
5 2 78 100
3 2 42 31
5 2 64 47
7 2 60 31
6 6 28 8
2 9 68 58
5 8 54 15
5 6 30 12
4 2 21 89
5 8 46 1
3 2 60 14
3 2 65 69
7 2 58 15
2 2 17 51
6 2 75 86
5 2 32 65
2 4 50 33
1 4 48 1
4 3 7 98
5 2 67 73
1 2 56 13
6 2 16 34
2 2 76 19
8 2 76 49
6 2 82 49
1 4 6 8
4 2 50 48
4 2 24 2
1 4 69 59
6 2 78 59
3 2 22 14
3 3 52 94
4 6 30 29
7 2 40 32
3 4 24 11
8 4 44 42
6 4 24 46
4 4 6 2
4 6 39 93
1 2 37 73
1 2 62 36
7 2 64 31
2 2 40 16
6 4 10 1
3 2 10 43
2 2 37 96
5 4 5 52
7 4 10 42
5 7 8 49
8 2 44 49
3 2 23 89
1 2 40 12
1 2 62 4
3 2 68 18
6 2 32 20
7 2 62 67
2 6 62 6
2 3 10 99
1 2 78 36
7 2 78 46
5 2 61 99
5 2 40 62
8 6 62 10
4 2 26 16
3 2 15 69
7 2 26 31
4 2 50 50
4 2 2 1
8 2 31 78
7 2 74 26
2 8 38 19
2 2 18 31
7 2 42 27
7 2 74 40
5 2 58 2
4 2 72 69
7 2 8 38
8 2 33 79
7 2 86 33
4 2 23 69
1 4 11 53
4 2 14 95
2 2 82 66
5 2 54 33
7 2 24 93
7 2 16 12
5 2 81 98
5 2 16 11
4 2 42 28
5 2 8 37
1 2 66 27
1 2 88 79
5 2 24 38
1 2 60 48
5 2 76 9
3 2 70 1
4 2 78 21
7 2 16 19
8 2 36 34
2 6 64 30
4 2 24 32
5 2 74 27
2 2 26 48
3 2 54 49
2 2 58 50
1 6 12 40
3 2 48 97
7 2 20 63
7 2 84 20
7 5 22 50
7 2 36 23
3 2 39 75
3 2 34 46
4 2 79 55
5 4 38 14
2 4 32 20
7 2 72 20
3 2 18 15
6 2 76 34
8 2 26 38
4 2 48 33
1 2 68 36
4 4 4 26
1 8 4 15
3 2 42 44
1 4 26 43
7 2 12 50
2 4 42 15
5 6 39 59
1 2 52 10
4 2 6 33
8 4 67 73
1 2 44 38
7 4 56 5
7 4 12 1
6 2 19 98
2 4 48 15
7 2 63 60
3 3 18 93
5 2 53 59
2 2 10 10
7 2 4 90
1 3 16 69
5 2 64 7
7 3 70 92
4 2 82 66
6 4 48 22
6 6 54 12
7 2 76 45
1 2 80 6
6 2 44 24
6 4 83 89
8 2 19 63
1 6 70 27
5 2 41 93
2 2 44 9
6 2 50 55
1 2 12 35
7 3 4 57
5 6 18 23
5 6 54 29
6 3 76 62
4 2 4 38
3 4 36 41
5 2 24 1
5 2 68 22
6 2 77 64
8 2 64 27
2 6 24 40
1 3 66 50
4 3 46 58
4 2 19 98
4 2 41 84
5 6 46 42
4 2 18 12
3 2 2 12
8 2 44 85
3 2 7 69
1 2 10 34
6 4 20 63
5 3 69 98
5 2 14 32
4 2 55 84
8 2 88 13
7 2 45 84
8 2 76 39
6 2 90 81
2 2 8 4
2 2 16 34
4 2 18 33
4 4 16 16
7 2 11 59
4 10 34 20
2 2 50 47
2 2 8 17
7 3 36 96
3 2 46 25
7 2 22 37
5 4 4 6
1 2 26 11
2 2 77 55
5 6 36 23
3 2 58 40
2 6 54 33
4 2 59 89
2 2 11 96
1 4 28 34
4 2 60 49
2 6 54 38
6 2 51 97
2 2 48 17
8 2 64 30
2 2 62 9
7 2 14 48
7 2 84 52
1 4 38 28
1 3 32 55
6 2 42 33
1 2 18 17
8 2 51 94
7 2 76 81
6 2 54 5
8 4 50 98
3 2 21 93
1 2 25 84
5 4 28 42
8 8 48 13
8 2 78 68
7 2 30 43
8 2 56 8
7 2 62 20
4 2 38 37
8 2 46 49
4 2 12 44
6 2 8 31
5 5 37 97
8 2 18 19
6 2 12 25
4 2 4 24
4 3 50 62
2 2 5 78
1 2 40 29
3 2 22 7
4 2 36 36
8 2 4 31
8 2 16 45
5 2 53 60
6 4 28 74
5 2 46 37
1 4 10 23
7 2 71 60
1 2 17 70
2 4 40 8
3 2 55 85
2 2 16 67
4 2 18 52
4 2 52 56
8 2 10 8
7 2 32 58
7 2 56 30
2 2 54 10
7 4 44 45
4 2 32 38
7 4 68 35
5 5 79 66
2 2 26 24
2 2 33 80
3 2 70 37
1 2 56 34
3 2 86 86
7 2 34 13
5 2 20 8
8 4 8 7
7 2 50 80
4 2 73 90
5 2 37 81
4 2 16 17
8 2 36 28
1 3 19 77
8 2 34 12
6 3 18 84
1 5 30 83
3 2 42 16
7 2 62 19
4 2 83 96
4 2 8 28
2 4 34 9
7 4 62 3
3 2 46 16
6 2 36 83
8 4 20 44
3 2 8 36
7 2 72 16
5 12 66 15
1 4 70 56
8 2 2 12
4 2 36 14
5 4 22 34
6 4 60 28
3 2 30 29
8 4 22 20
6 2 12 6
2 2 63 69
5 4 36 3
7 3 58 66
4 2 42 27
4 2 56 46
7 4 46 50
8 2 38 34
7 4 35 94
3 2 20 47
8 5 4 64
8 2 84 87
4 2 12 13
3 2 1 85
5 6 13 75
4 4 54 3
2 2 63 58
2 2 7 87
7 4 46 37
4 3 68 97
6 2 8 20
7 8 28 26
7 7 68 53
3 2 56 26
2 2 50 48
6 2 20 10
8 2 68 45
6 2 66 18
1 3 32 53
3 2 57 86
3 2 56 50
2 2 45 65
3 4 30 1
2 3 42 78
7 2 54 44
2 2 38 89
6 2 49 73
1 4 30 29
4 2 12 49
8 2 42 37
2 2 2 90
2 2 30 34
3 2 34 49
5 2 30 19
2 2 7 97
7 2 42 28
4 4 10 34
4 6 22 7
5 2 60 10
1 2 20 31
2 2 6 89
2 2 64 33
5 2 74 41
7 4 38 38
2 2 74 36
7 2 28 81
3 2 32 86
5 4 30 34
3 6 26 24
3 10 46 21
2 2 46 16
6 4 12 1
4 2 44 26
3 3 2 50
3 2 16 29
5 3 5 79
1 2 34 42
7 2 54 5
8 2 57 98
5 4 78 48
3 2 71 86
5 2 43 70
3 4 14 2
6 10 30 17
7 4 10 15
3 2 6 6
4 2 30 17
5 2 42 22
4 2 2 49
7 2 2 77
8 2 22 48
6 2 61 66
7 2 27 92
4 2 8 39
4 2 56 36
6 2 40 13
1 2 44 37
8 2 40 1
7 2 16 9
6 2 22 8
3 2 58 24
4 4 20 42
4 4 68 20
2 2 50 27
5 2 83 57
6 2 54 50
6 2 48 23
8 2 72 5
5 2 42 33
7 2 48 42
4 2 46 37
8 2 72 77
8 2 62 20
8 2 10 46
6 2 32 6
4 2 26 53
4 2 12 19
2 2 46 15
7 2 52 9
2 4 22 20
2 2 24 37
4 4 10 45
5 2 18 53
2 2 26 17
8 4 50 21
3 3 90 87
2 2 64 25
5 2 20 13
4 2 48 15
7 2 38 22
1 2 6 78
3 2 33 89
3 2 28 49
2 2 58 7
6 4 20 12
7 2 56 74
3 2 30 13
5 4 16 45
8 2 8 12
4 2 71 67
7 4 20 30
6 2 14 16
1 2 24 45
6 4 29 77
4 2 1 93
2 2 46 34
4 2 44 57
8 4 13 98
5 2 8 22
2 2 22 29
3 2 2 1
1 2 4 40
8 2 36 8
8 2 74 43
6 2 48 33
2 2 48 11
4 3 46 57
8 2 2 45
3 2 46 48
2 2 26 19
6 2 8 24
3 4 40 12
3 2 32 18
2 2 30 47
2 2 85 71
1 2 10 20
6 2 64 9
1 2 42 20
4 2 60 4
2 2 42 93
2 2 24 10
3 2 33 75
8 4 75 72
3 2 14 36
4 4 8 48
2 2 34 55
7 3 68 85
6 2 50 41
6 2 30 45
4 2 41 81
5 2 42 13
6 3 18 94
6 4 4 37
8 2 18 36
7 2 12 7
4 2 49 53
1 2 10 16
5 2 60 99
5 5 66 73
2 2 20 17
3 2 58 9
2 2 68 40
6 2 6 30
5 2 60 46
1 6 28 4
8 4 16 21
4 2 32 70
4 3 77 59
4 6 28 11
2 2 36 44
1 2 10 14
7 2 56 71
1 8 60 46
7 3 37 78
4 2 10 15
6 4 36 20
7 2 14 51
4 4 12 8
2 2 30 30
7 2 22 55
3 2 50 44
6 3 56 61
2 2 52 35
3 2 8 18
7 4 70 43
1 2 22 54
3 2 32 56
7 2 3 88
1 2 56 49
3 2 36 95
6 4 68 13
4 3 32 56
3 2 28 86
3 4 8 11
1 2 50 37
7 2 54 9
2 2 16 18
2 2 18 28
7 14 56 23
8 2 6 32
7 2 4 5
8 2 60 26
2 4 56 1
6 2 18 28
8 4 36 19
8 2 42 42
8 2 50 5
1 2 36 2
1 2 66 97
7 8 20 2
4 2 44 41
6 2 34 32
8 2 26 50
2 4 6 20
1 2 8 98
3 2 44 33
5 2 56 69
1 2 32 48
4 2 32 35
2 2 44 6
6 2 38 2
5 4 51 76
6 2 2 44
4 2 44 50
4 2 50 23
3 2 18 27
8 2 20 28
4 2 4 34
6 2 3 83
3 14 20 18
7 4 6 9
5 2 47 51
2 4 28 72
1 2 4 23
1 2 15 54
3 4 50 28
4 2 26 41
2 5 6 50
1 2 12 25
1 2 30 41
5 2 22 36
2 2 10 32
6 2 40 23
8 3 84 65
3 2 35 71
6 2 30 51
5 2 24 22
3 2 36 18
8 4 10 10
4 2 40 12
1 2 52 16
4 2 7 87
7 6 48 15
5 2 78 51
1 2 41 63
1 2 14 19
4 4 44 9
5 3 77 95
3 3 17 89
8 2 11 100
6 2 31 79
6 2 40 1
3 2 4 38
2 2 4 29
2 4 54 21
5 2 19 82
1 2 68 47
1 3 67 70
8 2 52 36
7 6 46 22
6 6 30 33
4 2 70 43
8 2 60 70
3 6 10 42
8 2 2 19
3 2 64 97
4 12 32 40
5 2 14 21
4 2 18 22
8 2 18 32
7 2 30 37
3 2 38 66
7 5 3 85
8 2 18 42
8 4 48 23
7 2 50 88
3 2 36 47
8 3 10 73
7 2 67 83
1 2 47 86
4 10 28 29
3 2 18 25
7 3 27 62
1 2 34 16
5 2 1 84
8 6 48 90
7 3 3 64
7 4 64 14
4 4 60 33
2 4 40 23
4 3 25 95
6 2 44 14
2 5 40 55
2 2 2 10
6 2 55 92
1 2 52 16
4 2 53 60
6 2 36 29
7 3 39 91
7 2 43 84
3 2 36 10
6 2 50 51
2 4 40 47
8 2 50 2
2 2 46 33
7 2 38 15
5 2 8 11
5 2 30 46
8 2 40 48
4 3 14 72
8 2 49 84
7 3 54 83
1 12 48 45
5 2 24 97
3 4 10 8
8 2 6 17
5 4 10 9
5 2 30 14
8 2 40 37
6 3 75 99
5 2 12 34
4 2 38 19
2 2 58 47
7 2 52 40
3 2 43 64
8 2 52 77
7 2 28 44
5 2 68 6
2 2 28 46
8 2 24 56
5 2 25 52
8 2 36 44
8 3 42 50
1 2 50 38
2 4 67 78
6 2 35 51
2 2 34 22
4 2 34 71
5 2 24 33
6 6 62 39
4 4 16 19
1 4 34 50
2 3 11 67
1 6 40 49
6 2 8 15
2 10 20 34
8 6 32 31
2 4 62 30
3 2 22 28
1 2 63 75
4 3 78 87
4 2 24 34
2 2 42 2
8 2 30 99
5 4 13 99
3 2 42 10
7 4 46 61
2 4 8 13
4 2 75 58
1 3 62 73
4 2 36 37
5 2 45 71
3 2 65 84
7 2 66 6
5 2 36 41
4 8 26 23
4 2 10 34
1 2 35 78
6 2 50 27
5 10 66 5
5 5 17 63
1 2 26 86
6 2 14 37
4 2 4 89
4 2 28 34
2 2 10 35
8 3 32 98
4 2 18 11
5 4 62 39
8 2 19 70
1 2 48 32
6 2 1 54
3 2 2 9
3 2 15 63
7 2 24 58
4 2 2 23
2 2 2 43
3 2 24 30
6 4 40 31
8 2 37 64
2 4 58 4
4 2 47 99
4 7 14 52
8 4 28 40
2 2 4 7
8 2 16 20
1 2 4 15
1 2 26 20
1 2 30 42
5 4 4 3
6 2 53 51
8 2 14 7
2 2 40 97
8 3 31 60
2 4 36 43
1 4 34 21
8 4 34 9
7 2 65 62
5 2 30 43
8 2 28 34
2 4 52 76
5 2 6 3
3 2 32 43
7 2 38 14
4 2 1 82
8 4 16 38
2 2 49 62
1 3 45 65
6 12 6 3
5 2 44 73
1 2 24 38
6 2 24 42
1 2 38 2
3 2 10 84
1 2 58 40
8 2 54 47
1 2 15 60
1 2 46 79
5 2 38 1
8 5 18 61
1 2 32 31
5 6 14 30
1 2 48 29
1 2 18 12
2 2 26 77
2 2 22 14
6 3 11 70
1 2 34 54
7 2 75 56
8 2 68 52
7 2 72 70
7 4 16 11
3 2 56 49
4 2 4 10
4 2 52 49
3 6 26 80
5 2 52 26
4 2 16 49
6 2 32 47
6 2 32 52
8 2 20 35
2 2 20 35
6 2 26 67
4 4 34 18
8 2 40 1
8 2 40 29
7 10 16 18
7 6 4 13
4 2 8 6
3 8 24 15
6 2 8 21
4 2 46 25
1 3 56 73
5 2 68 94
4 8 44 5
7 2 4 14
3 2 48 4
7 4 20 41
4 2 58 89
1 2 8 8
8 5 51 96
7 4 33 83
6 2 30 88
7 4 26 30
3 2 42 4
1 2 69 52
4 4 48 46
4 3 19 96
5 4 44 44
1 2 72 57
7 2 42 31
3 4 6 22
8 2 44 10
3 2 2 46
8 2 37 99
2 3 81 92
3 2 40 43
7 2 26 25
4 4 4 93
4 2 68 98
7 2 46 41
8 2 22 38
4 2 8 54
4 4 38 24
6 2 32 3
6 2 15 75
2 4 34 3
3 2 40 7
1 4 24 53
5 2 58 57
1 2 34 41
7 2 46 95
3 2 4 9
3 2 42 66
4 2 28 45
4 2 52 40
5 3 28 68
5 2 36 10
6 4 34 65
6 2 73 80
2 2 34 30
8 4 18 18
5 2 53 54
4 2 54 44
7 2 46 1
7 2 48 39
5 2 34 1
4 4 4 49
7 3 54 99
5 2 30 28
2 2 69 58
6 2 8 37
6 2 60 78
5 4 22 26
7 2 16 18
7 18 6 28
1 2 1 96
1 2 4 12
5 3 47 83
1 2 4 42
8 3 2 69
4 2 60 7
2 3 13 68
6 2 20 11
2 3 65 53
1 2 34 31
4 2 10 6
1 2 74 90
7 2 50 17
1 2 71 70
8 2 26 11
2 4 4 54
5 2 48 41
4 2 26 30
8 2 24 1
1 2 38 38
4 3 9 83
1 2 30 5
4 2 6 19
5 2 51 57
8 2 41 79
7 2 18 14
6 3 36 87
1 2 20 50
1 3 49 77
8 2 8 84
4 4 59 81
3 3 10 50
8 2 34 54
5 2 65 79
2 4 20 42
3 2 50 70
7 2 16 16
1 2 34 48
7 2 10 31
4 4 30 24
2 4 49 57
3 2 77 74
5 2 10 40
7 2 46 7
1 4 69 60
5 2 2 18
4 2 18 1
1 4 12 99
5 8 40 29
6 6 4 25
7 2 42 31
3 2 26 8
8 2 22 48
8 2 60 99
4 2 24 18
7 2 60 36
1 2 43 98
6 2 37 64
5 2 36 38
5 2 18 42
8 2 20 39
1 4 14 23
2 6 16 5
1 2 24 16
4 2 9 95
4 2 14 1
1 2 15 91
5 6 38 32
6 4 36 43
6 2 48 26
2 2 36 45
8 2 38 32
2 2 34 27
4 2 18 19
3 3 52 80
6 2 12 22
3 2 62 56
8 2 14 9
6 2 42 9
2 2 45 70
3 2 38 29
8 2 38 28
8 4 18 6
4 6 48 25
3 2 68 91
4 2 36 43
6 3 55 94
8 2 60 98
4 2 2 88
3 3 44 76
2 4 20 26
2 2 4 92
6 2 22 25
8 2 28 38
5 2 22 16
6 2 40 7
8 2 1 95
4 2 54 65
4 2 18 21
3 2 73 88
4 2 4 59
7 2 12 43
5 2 16 41
7 4 30 27
6 4 22 1
3 2 2 34
1 2 52 44
2 2 9 90
3 2 26 27
6 2 69 71
1 2 8 9
7 2 38 37
8 2 12 35
3 2 16 45
5 2 23 90
6 2 28 16
8 2 32 25
2 2 30 1
2 12 24 40
5 2 43 94
5 2 48 74
7 2 21 53
4 2 20 45
7 2 28 18
1 2 8 35
8 4 7 87
4 2 63 74
2 2 24 45
1 6 4 9
8 6 10 27
3 2 20 32
1 3 61 65
4 2 38 35
7 2 2 20
2 2 38 96
3 2 63 95
1 2 31 88
7 3 12 68
8 8 8 40
3 4 48 6
4 2 16 17
8 2 28 39
6 2 30 86
8 2 42 47
4 2 8 16
5 2 10 28
4 4 14 31
8 2 30 65
4 2 26 57
4 8 16 38
1 2 40 24
3 2 36 64
1 2 30 47
2 2 22 85
6 2 60 63
7 2 12 39
3 8 22 39
7 2 32 4
2 4 21 69
1 4 22 19
5 2 40 28
2 3 49 91
4 4 12 46
7 2 36 7
4 2 8 69
8 4 22 36
6 4 50 94
2 2 36 74
8 2 24 5
6 2 42 40
1 3 64 63
4 4 24 2
6 2 20 15
1 3 27 59
1 2 16 46
8 4 46 11
1 2 30 13
3 2 58 58
4 2 32 33
4 2 9 92
7 2 18 92
4 2 8 2
8 3 57 83
5 2 6 13
4 2 38 3
3 2 6 24
6 2 24 54
8 8 10 32
4 4 52 36
6 2 32 3
2 2 40 41
7 2 12 14
8 2 42 25
2 2 16 33
5 3 4 76
5 2 16 32
4 2 20 43
6 4 67 58
3 2 41 78
3 6 8 33
3 2 9 68
1 2 66 87
7 2 74 87
7 4 18 35
4 2 6 17
5 2 38 9
4 2 6 3
4 2 38 6
7 2 30 58
2 2 22 10
2 20 38 39
7 3 62 71
2 2 30 37
7 2 6 37
1 2 32 31
6 4 10 47
3 2 22 17
8 2 50 7
4 4 51 84
7 2 12 21
4 2 6 27
4 4 14 69
5 2 10 8
5 2 30 78
5 6 24 4
6 3 59 91
3 2 30 3
4 2 2 7
1 4 55 78
6 4 27 66
4 2 26 38
8 3 7 73
4 2 49 76
8 4 10 36
3 2 4 27
2 2 18 85
1 2 20 43
6 2 30 28
6 2 6 50
6 3 19 87
8 2 30 2
7 4 36 16
4 2 63 64
5 2 24 8
8 4 32 44
4 2 5 88
7 2 13 66
3 2 35 72
8 2 53 68
1 2 32 14
2 2 43 90
5 2 38 96
1 2 28 29
3 3 72 100
6 4 28 46
5 2 67 52
1 4 31 98
4 4 28 49
3 2 56 80
6 5 17 65
3 6 20 49
6 3 2 63
2 3 17 77
4 6 38 43
8 2 12 42
7 4 6 91
4 2 50 93
1 2 58 77
6 3 36 97
8 2 38 49
7 2 26 16
7 2 32 41
1 4 16 30
3 2 37 79
6 2 12 85
1 6 32 21
7 4 32 26
8 2 28 37
5 2 68 70
3 4 34 24
7 8 30 6
7 2 10 69
7 2 50 4
4 2 60 69
1 2 5 76
5 2 6 16
1 18 18 37
3 3 16 50
5 2 25 80
5 2 32 2
5 2 52 93
6 2 2 28
6 4 38 36
2 2 39 78
7 2 13 99
8 3 29 95
2 2 22 31
1 2 38 26
8 2 22 36
4 2 4 99
8 3 72 85
4 2 10 9
2 4 43 54
2 2 13 99
5 4 18 18
1 2 24 33
1 2 8 48
2 3 71 56
4 2 4 4
4 2 67 81
5 6 30 11
3 2 35 91
7 3 51 58
1 5 38 95
8 3 17 80
8 8 40 44
7 3 44 71
7 2 28 92
2 2 28 81
4 2 46 54
3 2 37 53
6 2 36 5
3 2 6 76
5 2 35 53
4 4 30 1
4 2 20 47
1 2 33 84
5 4 20 16
8 2 26 46
6 6 14 17
3 2 46 4
5 2 12 49
8 3 10 52
3 4 2 41
4 4 44 4
4 3 58 75
2 2 58 52
4 2 37 94
8 6 32 18
6 2 8 43
5 2 6 75
5 2 68 62
5 2 32 7
3 3 54 99
3 2 24 21
1 2 52 82
7 2 10 11
2 2 52 60
8 3 33 68
6 4 8 83
2 4 32 9
3 2 64 54
7 2 24 13
4 2 16 47
6 8 26 4
6 8 16 50
5 2 13 62
1 2 59 87
8 2 33 84
5 4 44 48
8 2 6 38
6 2 34 35
4 2 12 23
1 3 3 91
6 2 63 82
3 2 22 39
5 2 9 85
2 2 31 70
7 2 18 46
1 6 35 57
1 6 12 46
4 2 49 66
8 2 8 29
7 2 61 78
8 2 30 27
2 2 24 45
2 3 22 50
4 3 33 62
2 4 26 50
6 2 24 46
4 2 26 8
5 2 8 5
4 2 31 77
6 14 14 32
2 5 46 91
5 2 38 91
4 5 17 85
2 2 40 62
6 2 24 13
7 2 24 47
7 2 10 72
8 2 46 92
4 3 10 57
6 2 22 55
8 4 16 26
8 3 20 68
1 2 56 87
4 3 28 83
8 4 20 5
2 2 26 44
6 2 18 8
8 2 27 57
4 2 28 10
8 5 25 98
7 2 10 9
2 4 14 15
1 2 22 89
3 2 32 7
1 2 67 51
6 3 55 54
7 4 16 29
1 2 4 48
5 3 4 61
7 4 40 7
1 2 32 33
2 2 64 93
6 2 5 85
6 2 44 6
3 2 4 49
5 2 30 27
4 2 47 52
6 2 8 22
1 2 45 89
1 3 46 76
8 2 68 52
1 2 24 14
4 2 22 28
7 2 40 47
5 2 30 36
3 3 52 90
6 4 2 92
2 2 10 48
4 3 19 71
3 2 10 31
1 2 16 11
1 2 19 96
5 2 22 95
8 2 52 69
5 2 32 4
6 4 16 39
3 2 10 60
7 4 28 37
2 2 8 80
6 2 18 20
4 3 19 52
6 2 29 59
7 3 15 81
4 2 50 62
4 2 42 6
2 2 54 84
2 2 8 87
1 2 32 4
7 2 2 25
4 2 23 62
6 3 16 58
7 2 18 36
4 2 54 13
7 2 8 65
4 2 6 5
2 2 26 3
7 2 54 62
2 8 8 6
3 2 59 55
3 2 34 33
2 2 14 25
1 2 18 16
2 2 10 40
6 4 34 4
7 2 51 57
5 2 30 24
3 6 19 80
6 3 30 87
8 2 32 9
6 12 40 47
2 4 34 44
8 2 51 56
6 4 32 32
1 4 6 85
3 2 64 62
7 12 20 10
3 3 7 90
1 2 42 48
5 2 32 26
3 3 28 89
7 3 25 72
4 2 24 39
7 2 8 62
1 2 30 26
7 4 53 81
5 2 26 32
2 2 20 44
4 2 2 17
4 2 6 73
6 2 10 34
1 2 28 3
3 2 37 57
7 2 22 43
6 5 30 62
6 3 45 90
2 2 16 15
5 2 30 64
8 8 26 39
5 2 52 83
5 2 66 72
3 2 66 71
4 2 28 98
1 4 12 43
2 2 10 10
5 2 10 3
2 2 42 73
7 4 25 62
3 2 54 98
7 2 18 10
4 6 12 37
3 2 6 74
6 8 16 23
6 2 16 21
6 2 32 72
5 2 38 11
4 2 45 70
3 4 26 20
8 4 2 26
1 2 26 27
7 2 55 77
8 2 20 90
2 3 18 65
2 2 43 89
4 6 20 4
3 2 12 79
4 2 64 67
4 2 14 59
7 6 26 1
8 2 20 2
1 2 48 70
8 2 8 22
4 2 30 2
1 2 69 67
2 2 25 96
3 2 43 61
2 2 2 41
3 4 14 41
8 2 21 61
6 4 2 15
4 2 12 29
7 2 30 28
4 2 2 28
7 6 8 14
7 2 2 44
2 2 12 1
8 2 4 15
8 8 16 15
5 2 6 65
3 8 16 36
6 2 18 12
8 2 42 25
4 2 17 66
7 2 31 65
4 2 58 87
6 2 20 11
3 3 28 98
1 6 16 21
2 2 14 37
7 2 48 64
8 2 57 94
6 3 53 65
2 2 30 45
1 2 9 96
1 2 42 64
3 5 11 87
6 4 18 57
3 2 50 65
1 4 36 91
8 2 53 58
4 10 12 15
2 2 7 91
1 3 45 51
5 2 38 73
4 8 8 27
5 3 2 69
2 2 60 52
5 2 20 73
4 2 17 86
3 8 22 30
5 2 8 17
4 2 13 64
2 2 3 58
4 2 56 67
1 2 21 68
2 2 45 57
8 4 26 4
4 2 22 4
8 2 49 91
5 2 30 96
1 2 7 77
8 2 2 4
5 2 23 70
7 2 12 3
3 2 34 13
5 2 30 67
8 2 19 91
3 6 47 53
4 4 21 75
2 2 8 18
8 2 36 76
7 2 40 25
1 5 23 97
5 2 20 17
4 6 20 16
2 4 19 78
1 2 4 1
2 2 3 61
2 2 30 24
8 2 8 44
8 2 41 72
7 2 44 48
3 2 36 25
7 2 26 52
4 2 52 95
3 2 46 94
4 2 30 26
5 18 8 43
6 2 37 91
1 2 66 59
1 2 21 51
7 2 12 8
6 4 14 4
8 2 32 13
3 3 59 82
3 2 62 81
7 2 2 16
5 2 16 17
3 2 8 11
2 2 44 53
5 6 18 20
5 2 18 30
1 2 12 97
4 4 24 95
2 2 3 79
7 2 37 58
1 2 1 84
7 2 12 1
4 3 30 96
5 10 16 9
2 6 12 31
1 2 30 13
6 2 16 32
8 2 20 73
6 3 51 72
6 2 12 20
1 2 16 45
4 2 53 93
8 2 16 18
5 2 30 88
4 2 10 32
4 2 20 6
6 3 13 81
5 4 6 39
2 2 16 19
4 2 16 31
3 2 18 41
4 6 26 12
2 2 14 46
1 2 39 97
5 2 22 13
4 4 23 72
6 2 22 26
2 2 14 50
4 2 8 29
6 4 4 11
1 5 53 55
8 4 12 19
7 4 28 2
4 2 34 94
4 7 43 67
5 2 38 13
8 5 11 71
8 2 18 12
5 2 14 5
1 2 26 61
7 3 23 88
8 3 21 71
7 2 25 59
2 4 20 24
8 2 16 5
8 2 4 49
1 2 48 56
8 2 6 21
2 2 39 86
2 2 63 66
1 2 31 93
1 4 18 19
7 2 14 43
7 6 12 21
4 2 11 74
5 3 49 69
3 2 44 58
7 2 56 91
5 2 38 56
7 2 12 36
2 3 6 50
1 2 10 78
8 2 31 100
5 2 17 96
5 10 6 32
6 2 30 7
3 3 5 82
4 2 33 98
5 2 32 80
4 2 62 64
2 6 30 51
8 3 41 85
4 2 6 91
2 2 22 52
7 2 10 13
8 2 24 14
3 2 6 1
3 3 30 89
2 4 16 3
3 2 36 6
2 2 13 91
4 2 44 73
4 2 2 43
8 4 3 58
6 10 18 43
8 2 10 10
6 2 32 33
1 2 59 94
6 5 9 62
8 2 27 79
6 2 13 53
7 5 22 79
6 2 14 34
5 2 40 48
7 2 20 30
3 8 22 47
2 4 3 75
6 2 12 83
3 4 28 76
6 5 44 73
5 3 25 53
2 3 36 63
4 2 2 76
7 2 16 4
2 2 50 74
6 2 34 25
1 2 12 1
4 2 8 21
6 2 10 49
1 5 46 100
2 6 14 28
5 3 51 67
6 2 4 42
1 3 51 79
6 2 48 52
4 3 42 70
3 5 34 81
5 2 2 56
1 2 49 96
5 2 34 51
5 2 20 27
1 8 14 25
6 2 24 41
1 2 28 79
5 2 14 24
4 14 16 13
6 6 18 39
4 2 59 93
3 2 23 87
6 2 20 30
1 3 12 52
4 2 24 97
3 2 10 55
2 2 16 34
7 2 8 50
7 2 16 43
3 3 31 76
3 4 2 64
4 2 18 49
1 2 31 83
3 2 20 65
7 2 24 47
1 2 4 7
6 14 20 34
8 2 20 12
8 8 4 1
8 6 16 30
2 6 30 66
8 4 4 11
7 3 26 59
8 3 27 76
1 2 31 51
7 3 13 86
4 3 4 85
7 2 17 99
3 2 2 55
6 2 20 45
1 2 39 94
8 2 43 97
6 4 16 84
5 12 8 19
2 2 46 88
4 2 12 35
8 2 11 65
8 3 15 71
3 2 19 52
7 8 4 2
1 2 43 64
6 2 4 38
6 2 4 13
7 3 13 59
6 2 6 27
3 6 10 39
3 2 2 84
1 3 2 66
7 2 54 62
6 2 63 59
1 4 10 16
4 3 20 99
5 2 14 75
7 6 12 21
2 2 18 8
6 3 43 63
5 2 38 73
2 2 6 60
7 2 27 88
5 2 6 9
3 2 23 85
2 2 2 35
8 2 31 83
2 2 27 59
7 4 4 31
6 18 6 8
2 3 49 95
3 2 19 78
6 3 45 81
3 2 19 64
4 2 31 60
2 10 24 28
6 12 9 96
8 2 23 81
1 3 20 77
3 2 10 36
3 2 4 66
7 2 12 5
2 3 12 75
1 2 20 46
5 2 57 60
4 2 40 48
4 2 16 44
2 2 20 13
7 4 2 49
2 2 41 67
1 2 10 12
5 2 49 86
8 2 46 63
2 2 30 73
5 2 20 83
3 2 48 79
8 2 16 28
4 2 31 86
2 2 20 85
4 2 30 6
7 2 22 75
2 2 8 51
5 4 22 40
3 2 2 8
8 2 4 11
7 2 42 82
2 2 36 83
5 4 6 11
6 2 16 7
8 4 14 56
8 6 20 19
1 2 36 52
4 2 14 11
5 3 20 64
7 2 14 6
2 10 6 24
8 2 38 48
8 2 25 69
6 2 9 85
3 2 9 61
5 4 18 14
7 2 4 22
3 12 8 3
6 2 18 30
5 2 12 50
1 2 6 75
1 2 15 62
4 2 38 79
1 4 22 70
3 4 45 80
2 2 4 30
3 2 6 33
4 2 4 22
6 2 14 86
7 2 29 60
6 2 18 53
4 2 16 93
8 3 35 58
7 2 10 2
1 2 20 95
4 2 16 74
4 2 6 40
8 2 3 92
4 2 8 27
7 2 9 96
5 2 40 87
1 2 31 88
3 2 12 26
5 2 18 34
5 2 6 62
2 3 16 93
8 2 9 60
1 4 22 52
8 2 2 18
4 3 39 61
2 2 4 92
2 2 43 86
4 3 9 72
4 2 34 25
8 2 49 89
3 2 56 68
5 2 1 89
1 2 16 17
3 2 16 83
2 2 6 30
2 2 37 65
7 2 4 13
4 2 8 86
8 2 45 54
6 2 34 86
8 3 16 87
6 2 20 43
1 2 25 59
4 4 8 44
7 2 7 74
5 3 34 60
8 3 21 63
3 2 50 97
4 14 12 22
4 4 8 25
8 2 6 10
6 2 18 47
1 2 6 90
1 3 24 78
8 2 12 23
2 2 8 30
1 2 17 92
4 6 6 49
6 2 6 21
4 3 22 83
7 8 14 25
6 2 34 53
4 2 16 77
2 2 47 89
8 2 5 88
6 2 16 9
2 2 4 12
3 5 10 50
2 2 24 51
8 4 42 65
4 3 37 74
6 2 31 59
1 2 26 87
6 5 16 62
7 2 5 87
5 2 2 36
6 2 31 97
7 2 34 60
4 2 51 51
5 12 18 49
3 2 52 51
1 2 23 86
4 2 16 47
2 2 20 14
2 3 42 63
3 2 12 39
4 2 8 40
2 2 1 96
4 2 13 66
2 6 5 78
5 6 12 44
4 10 16 35
4 6 8 3
4 2 21 78
1 4 10 21
1 2 12 10
8 2 19 86
5 8 8 48
4 2 44 55
4 3 23 81
2 4 12 13
4 2 2 12
8 2 26 56
4 4 46 68
5 2 34 78
8 2 8 31
1 2 18 29
5 2 10 29
1 3 4 79
2 10 4 47
5 2 24 51
2 2 51 88
3 2 12 98
2 2 10 35
4 2 14 40
5 6 18 25
8 8 20 25
7 2 14 100
8 3 20 84
5 2 29 54
2 3 9 61
3 3 37 62
8 6 4 43
3 4 10 30
2 3 7 78
8 3 26 80
8 2 26 62
7 2 8 39
3 2 16 69
7 2 5 53
6 4 14 18
5 2 35 84
3 3 33 57
2 3 22 56
2 2 15 87
4 2 6 32
8 2 18 13
8 2 53 92
1 4 4 36
2 2 27 59
6 2 41 67
1 6 4 4
4 2 4 24
8 2 53 55
5 2 16 19
4 2 26 81
7 3 35 81
1 3 13 91
1 2 2 50
3 2 22 60
7 2 16 9
5 3 32 77
6 3 31 84
7 2 16 43
2 2 25 51
8 4 35 68
8 2 8 39
3 2 54 75
3 3 6 83
4 3 10 92
5 2 9 88
4 2 50 66
4 2 35 58
8 3 25 71
1 2 13 70
8 2 49 89
2 2 16 23
6 2 24 60
4 2 47 88
2 2 2 4
2 2 38 83
4 2 26 68
8 2 22 71
1 2 12 49
2 2 18 96
4 2 29 70
3 2 2 91
5 2 32 80
7 2 17 89
2 2 4 33
1 2 6 27
5 3 3 65
1 2 51 82
3 3 1 59
6 7 23 90
7 12 6 11
5 2 49 85
1 8 4 11
6 2 43 61
3 5 26 56
3 6 4 32
8 2 4 41
5 2 7 78
6 3 38 79
3 4 23 60
7 6 18 33
5 5 28 63
2 2 32 54
1 2 8 36
3 2 35 72
3 2 14 37
7 2 36 70
2 2 10 39
4 2 11 51
4 2 34 64
6 2 4 3
1 20 24 6
3 4 50 67
6 5 15 96
4 3 17 65
8 3 31 79
3 4 4 58
8 2 6 27
4 2 1 64
5 2 9 71
7 4 27 85
4 2 2 45
4 4 2 9
3 3 27 87
3 2 12 43
2 6 4 9
8 2 14 57
7 2 35 74
2 2 17 53
3 6 4 13
2 2 43 62
8 2 6 12
4 3 24 73
8 2 11 63
3 2 2 9
7 2 42 73
8 2 54 81
6 2 4 21
7 3 49 91
3 2 6 18
4 2 13 77
4 6 14 2
3 2 18 63
3 2 26 72
1 2 11 91
8 2 4 8
6 2 37 68
1 2 6 9
4 2 9 61
8 2 20 58
7 2 8 66
7 2 13 85
3 2 12 44
5 2 14 82
2 4 41 66
4 4 35 76
3 2 14 71
4 2 14 45
2 4 22 47
7 2 5 88
1 2 4 5
2 2 16 83
1 2 26 69
1 3 39 80
6 2 21 96
5 2 15 51
6 2 26 65
1 2 6 26
7 3 24 64
8 2 8 60
8 4 33 87
7 2 11 69
3 2 47 55
3 2 24 60
2 2 13 77
1 2 6 6
6 4 21 51
2 2 37 76
3 2 40 87
2 4 28 65
7 2 12 18
5 2 14 19
6 4 30 74
2 5 24 87
8 2 14 99
5 2 36 95
7 3 29 82
8 2 5 76
8 3 4 57
5 2 8 56
5 2 14 66
7 2 38 96
5 2 12 36
4 2 7 60
7 2 9 74
3 2 18 40
6 2 2 42
8 2 29 95
8 2 39 66
8 2 38 81
3 2 14 44
3 3 44 91
7 4 6 10
1 4 12 64
7 34 12 33
3 3 10 64
6 2 2 35
3 2 10 15
8 2 10 88
7 3 33 67
6 2 40 79
5 2 43 84
3 2 6 61
7 2 2 48
6 2 17 59
5 2 43 66
5 6 4 14
2 2 37 68
3 2 21 73
5 2 8 24
3 2 31 59
3 2 11 61
2 3 13 53
8 2 7 68
8 3 24 50
8 3 40 80
1 3 29 83
4 2 40 78
7 3 14 68
3 9 23 93
4 2 16 92
1 3 5 71
8 2 18 32
1 2 2 8
3 4 10 24
3 2 11 70
1 3 30 56
5 2 20 90
4 2 8 24
2 2 32 94
1 2 9 73
8 2 2 27
5 3 29 55
4 8 18 47
2 2 12 94
4 2 11 53
5 4 2 6
8 2 4 34
5 4 6 34
5 2 4 4
5 2 40 65
2 2 28 98
2 2 10 42
6 3 7 50
8 2 10 77
3 2 36 55
1 2 13 79
3 2 2 8
7 2 17 82
2 2 24 96
3 4 4 35
8 2 27 55
2 2 28 95
5 2 21 63
8 4 8 28
5 2 6 19
5 2 14 27
7 2 20 90
7 2 4 71
8 2 21 55
2 22 8 36
4 8 18 65
8 5 35 74
4 2 38 51
6 3 33 95
1 2 9 69
8 2 15 65
8 2 17 53
2 2 6 70
5 2 30 84
8 3 9 72
6 2 5 75
6 2 35 61
3 8 8 12
8 2 4 72
7 2 18 92
6 2 31 89
4 2 2 20
2 3 17 71
7 2 26 85
2 2 3 66
1 2 23 53
6 8 4 8
5 2 31 50
1 2 2 61
7 4 6 44
7 3 31 76
7 2 17 65
5 2 2 35
4 2 2 44
4 6 14 30
4 2 23 71
7 2 2 35
1 2 9 90
5 2 2 1
5 2 36 73
5 4 33 56
7 3 36 74
6 5 9 90
7 2 8 26
6 2 41 80
5 2 34 76
3 2 36 56
8 4 12 7
3 2 37 65
2 2 10 30
8 3 14 48
1 2 13 82
3 2 42 80
5 2 4 83
5 2 24 76
5 2 11 87
2 2 30 94
8 5 22 53
4 2 9 53
2 10 8 25
4 2 6 27
6 6 12 41
7 2 2 7
7 3 21 46
4 2 5 77
7 2 14 55
3 2 29 78
4 2 44 67
1 4 26 49
7 2 18 50
7 2 4 37
6 7 24 84
8 2 26 65
4 2 2 20
6 3 21 55
2 12 6 13
5 2 5 47
8 2 8 20
4 4 17 49
8 2 27 75
2 2 10 87
7 6 6 20
7 5 36 53
1 2 24 77
6 4 8 66
1 2 16 52
4 2 25 76
6 2 10 73
6 2 10 89
1 3 35 68
2 2 9 81
8 3 5 81
1 3 4 57
6 2 29 49
6 2 34 46
8 3 1 79
5 3 31 85
2 2 14 68
7 2 24 74
5 3 17 75
2 3 7 55
1 2 2 37
1 2 9 53
3 2 44 80
2 4 14 40
4 2 10 81
5 2 17 53
4 2 10 13
4 2 17 68
4 2 32 85
5 2 6 58
6 2 23 80
1 2 2 22
6 3 5 86
5 3 9 53
4 4 23 90
1 2 17 54
1 4 14 67
4 2 18 35
1 2 35 57
1 6 6 34
2 5 15 55
2 2 23 76
3 2 25 72
6 2 23 76
7 2 23 70
6 3 16 86
3 4 10 14
5 2 2 32
3 2 6 88
6 2 34 91
7 3 16 92
8 2 14 55
8 2 33 57
8 2 2 4
5 2 30 88
2 2 6 26
6 3 15 72
4 4 2 4
8 2 25 56
7 2 23 53
8 2 4 11
7 2 25 44
1 2 11 69
2 2 29 51
5 2 2 41
3 5 13 45
2 2 20 44
7 3 21 79
7 3 28 44
3 2 7 85
1 2 20 62
7 2 27 69
8 2 33 82
2 2 17 56
6 2 6 8
1 2 18 52
7 2 9 44
8 2 19 78
1 3 32 78
4 2 10 11
7 2 9 78
8 2 39 74
8 2 34 84
2 3 22 73
5 3 21 45
7 2 6 33
6 3 20 76
3 2 20 54
8 3 11 72
3 2 29 67
2 4 2 1
4 2 35 48
3 2 33 90
1 2 25 43
6 2 20 52
3 18 10 16
3 2 7 50
1 3 9 76
6 2 9 81
1 2 23 77
8 4 13 83
7 2 24 82
5 2 14 67
4 3 22 73
8 2 13 69
6 2 2 20
8 2 16 82
4 10 18 11
3 2 2 26
8 2 20 85
6 4 8 12
1 2 11 46
8 3 12 85
3 2 2 20
7 2 20 85
5 2 19 47
2 2 12 77
1 2 19 61
7 5 21 81
1 2 21 48
2 10 12 10
7 2 9 79
2 2 18 59
3 2 14 59
8 2 2 7
1 2 22 60
6 2 29 82
5 2 23 55
3 3 7 73
4 2 24 70
6 5 10 73
5 4 27 69
1 2 37 70
1 2 13 48
6 2 14 53
8 2 5 53
4 3 13 83
7 2 11 85
5 4 2 5
7 2 5 52
3 2 18 82
6 2 4 31
3 4 2 28
1 3 4 69
6 6 6 15
3 2 8 27
6 2 9 59
5 2 29 41
4 2 9 84
2 2 26 79
7 2 14 52
7 2 2 8
7 3 23 73
5 2 38 41
4 2 12 37
4 2 6 64
8 2 13 49
5 2 14 76
4 3 14 64
2 3 20 69
1 2 9 74
4 2 33 59
8 2 7 79
5 5 20 82
2 12 8 30
3 2 21 82
5 2 4 59
5 2 10 17
8 4 8 15
8 2 4 64
8 2 4 67
6 2 11 43
3 2 9 44
4 2 30 49
8 2 7 51
5 6 6 1
3 3 8 42
2 2 24 75
1 2 20 66
7 2 41 77
4 2 2 49
1 2 12 79
3 3 27 36
1 2 4 49
5 2 14 63
5 2 12 61
7 2 7 78
8 3 9 36
5 3 30 76
4 2 22 75
8 2 7 70
3 2 24 54
3 2 12 71
8 2 26 78
1 2 12 82
8 2 8 30
6 2 22 67
1 2 16 60
4 2 24 76
3 2 20 73
6 2 24 68
4 2 13 36
7 2 2 68
6 3 31 51
3 4 3 69
8 2 25 81
2 2 29 78
3 2 7 62
4 4 9 42
4 4 16 37
5 2 36 58
7 3 14 70
5 2 21 67
5 2 5 60
3 7 12 80
8 2 4 40
7 3 11 36
5 3 13 45
2 2 22 53
8 2 15 50
5 2 25 70
6 2 18 61
3 2 18 83
4 2 27 73
7 2 24 59
5 8 4 13
5 2 9 51
1 2 25 58
5 2 15 79
6 2 25 38
8 2 9 70
3 18 6 1
6 18 8 23
1 2 12 69
7 2 22 65
3 2 6 41
3 3 17 44
6 2 8 75
3 3 11 54
1 2 14 45
6 2 6 19
1 2 12 65
5 2 20 52
2 2 15 46
5 2 10 65
4 2 12 76
6 2 15 72
1 2 27 57
6 10 6 25
3 4 4 21
8 2 7 33
6 2 5 63
4 3 10 55
2 3 18 49
1 2 4 63
3 2 12 75
7 2 23 67
1 4 6 20
3 2 14 43
2 2 19 35
3 2 13 65
5 2 10 56
5 2 10 33
4 5 15 67
2 2 13 65
8 4 2 19
3 2 21 64
8 2 20 33
4 2 21 40
3 6 6 11
1 7 8 45
3 2 12 30
6 2 17 52
2 2 2 18
7 2 4 13
5 2 13 38
3 2 26 65
8 2 16 56
8 2 5 61
3 2 12 54
7 2 12 25
3 2 23 71
6 3 17 70
1 2 21 47
1 3 12 37
4 4 4 44
4 2 6 43
3 2 6 45
2 2 16 47
5 3 14 61
5 2 2 1
4 2 2 55
4 2 6 35
2 2 20 34
1 2 21 39
4 2 16 60
3 2 8 50
3 2 9 38
2 2 30 28
1 3 13 41
8 3 9 63
5 2 23 46
5 2 18 63
6 2 15 63
2 2 26 70
5 2 17 62
1 16 6 11
8 3 20 43
8 2 4 19
5 2 6 40
1 26 6 1
1 2 20 54
2 2 23 58
1 2 24 36
2 5 10 45
6 2 28 58
2 4 21 62
1 2 13 48
8 2 15 16
4 2 12 37
2 2 16 44
4 3 11 48
4 2 7 53
6 2 13 33
7 2 18 60
7 2 9 46
5 3 19 55
5 2 23 34
5 2 11 60
7 2 19 62
1 2 13 33
5 2 9 63
2 2 14 57
3 2 24 58
7 3 11 48
8 2 18 51
1 4 16 40
8 2 15 47
3 3 18 46
2 2 15 64
7 2 18 53
7 2 19 56
2 2 7 52
7 2 4 16
8 2 26 33
1 2 8 4
6 2 2 11
1 2 25 27
4 2 13 54
1 2 15 56
6 2 3 62
2 3 6 38
8 2 7 25
8 2 4 63
7 2 12 24
3 8 6 9
7 7 3 15
2 3 13 15
5 4 10 13
1 2 8 14
2 2 12 49
7 2 17 23
2 2 25 32
6 2 25 56
8 12 6 4
5 5 9 53
5 2 3 15
5 2 2 11
4 2 16 35
2 2 19 18
8 3 17 20
5 2 4 3
8 2 4 15
5 3 9 37
5 2 32 14
1 2 13 39
5 3 17 47
4 4 4 1
1 2 14 53
8 2 14 49
7 2 25 51
1 2 8 13
3 2 8 33
7 2 22 28
2 3 8 52
4 2 2 2
4 2 24 56
8 2 17 47
6 4 11 39
4 2 21 27
4 2 2 8
7 2 8 29
7 2 8 12
7 2 14 16
6 2 22 28
2 2 8 35
6 2 17 38
3 2 15 27
2 2 16 54
6 2 15 28
6 2 11 25
5 2 7 44
2 2 11 28
4 2 14 14
7 2 7 20
3 2 20 11
1 2 2 11
8 2 7 29
2 2 8 17
6 2 3 13
2 2 9 54
2 2 3 11
1 2 11 44
7 2 11 14
7 2 23 13
5 2 4 12
8 2 10 41
7 6 4 1
3 2 9 38
7 2 9 10
2 2 16 45
2 2 16 17
7 2 6 44
4 2 5 29
1 2 16 44
3 4 9 19
5 2 12 53
4 3 16 34
4 2 2 1
5 2 4 34
7 3 9 49
7 4 4 1
6 3 2 5
3 2 12 34
1 3 14 15
5 2 4 37
8 2 17 25
4 2 17 16
2 2 12 42
6 3 6 8
1 2 20 46
5 2 9 25
5 2 12 39
3 2 10 42
5 2 19 16
3 2 11 48
7 2 15 28
6 2 10 36
6 2 24 9
7 2 13 24
7 3 14 44
8 2 23 27
7 3 25 27
1 3 15 33
4 2 15 47
8 3 17 6
4 2 8 46
2 2 14 33
8 3 11 48
5 2 16 23
2 2 15 49
3 4 13 29
7 2 10 40
6 2 25 27
3 2 2 6
7 2 17 7
7 2 10 8
4 2 6 25
7 3 15 20
8 2 6 23
7 2 11 24
2 2 2 5
4 2 16 8
3 16 8 2
3 2 10 38
8 2 8 45
5 2 19 27
7 2 19 13
3 2 13 44
4 2 2 4
1 2 12 49
6 2 14 24
6 2 11 5
4 2 10 12
3 2 10 4
7 2 12 48
8 2 14 19
5 2 21 49
4 2 10 37
2 2 4 35
8 2 21 20
3 2 10 34
8 2 4 4
6 3 16 20
7 2 23 17
8 2 16 29
3 2 18 18
1 2 9 4
1 2 18 18
8 2 8 22
8 3 9 3
7 3 7 28
2 2 19 40
5 2 10 5
4 2 4 2
2 2 13 24
4 2 9 46
6 3 3 29
4 2 11 8
7 2 4 2
3 3 2 3
4 2 19 14
1 2 6 35
8 2 14 6
5 2 17 9
6 2 12 44
2 2 10 44
7 2 12 13
4 4 7 3
3 2 16 13
6 2 9 5
3 2 11 20
6 2 14 6
4 2 11 24
2 2 7 13
1 2 14 13
5 3 9 14
1 2 1 2
2 3 2 3
2 3 8 21
5 2 10 40
3 2 9 5
8 2 13 44
7 2 8 12
4 2 2 4
3 2 11 23
1 2 19 6
4 2 14 11
3 2 4 3
8 2 8 43
1 2 9 24
6 2 13 39
1 2 4 1
2 2 9 36
5 2 13 12
5 3 14 6
4 2 4 1
7 2 15 35
2 2 12 21
6 2 17 9
1 2 17 49
5 2 13 31
5 2 11 41
5 3 10 24
5 2 25 16
4 2 12 20
5 2 12 40
1 2 25 16
6 2 9 13
6 2 17 17
1 2 7 5
6 3 6 35
6 2 12 19
7 2 6 5
1 2 2 4
6 2 12 26
4 2 14 35
7 2 6 30
8 2 10 41
3 2 12 39
6 2 2 2
7 2 2 5
4 2 11 29
2 2 14 25
7 2 13 12
8 2 13 35
1 2 8 31
8 3 8 12
3 2 8 12
2 2 17 50
8 2 9 30
6 2 12 35
8 2 8 32
5 2 6 35
6 2 19 49
4 2 8 6
3 2 9 12
3 2 8 36
7 2 13 32
1 2 2 6
4 2 4 28
2 2 18 24
2 2 17 17
6 2 9 7
3 2 12 25
5 2 9 7
6 2 4 30
7 2 12 24
8 2 16 26
4 2 15 26
3 2 12 24
6 2 5 29
7 2 13 25
2 3 9 8
7 2 9 8
5 2 2 5
1 2 8 8
3 2 7 31
4 2 12 32
4 3 9 25
8 3 6 27
3 2 2 6
3 2 12 35
2 2 8 9
7 2 7 6
2 3 12 32
7 2 12 35
3 2 9 9
2 2 10 25
1 2 7 9
5 2 3 1
6 2 6 30
4 3 12 9
4 2 7 6
2 2 9 10
6 2 12 9
6 3 6 6
6 2 6 9
5 2 6 28
4 2 6 10
3 2 7 9
4 3 8 9
2 2 10 11
7 2 18 16
6 2 7 8
8 2 18 17
8 3 7 9
5 2 9 11
3 2 6 9
6 2 6 9
4 2 6 28
7 2 6 28
