833679
2846
1 4 9 35
1 2 52 69
1 5 41 59
1 2 95 29
1 4 14 23
1 2 44 11
1 2 85 50
1 4 46 22
1 3 70 55
1 2 21 90
1 2 27 86
1 8 67 19
1 2 11 10
1 2 7 15
1 2 36 16
1 2 97 6
1 2 15 55
1 3 24 73
1 3 26 54
1 3 11 53
1 6 10 41
1 2 50 16
1 6 40 19
1 2 14 10
1 2 40 88
1 8 77 6
1 2 28 6
1 2 44 91
1 2 69 37
1 8 62 50
1 2 65 10
1 2 90 18
1 2 15 76
1 2 36 59
1 2 30 13
1 4 64 2
1 6 84 46
1 3 21 77
1 2 82 65
1 2 85 37
1 2 89 32
1 2 7 36
1 8 76 45
1 3 89 81
1 2 76 12
1 6 50 22
1 2 57 1
1 2 3 21
1 2 49 31
1 2 1 97
1 4 32 37
1 3 33 55
1 2 23 9
1 2 72 21
1 4 72 43
1 2 12 18
1 2 91 36
1 4 86 14
1 2 52 84
1 2 45 38
1 2 87 12
1 4 46 40
1 4 61 7
1 4 21 52
1 2 92 42
1 2 56 36
1 2 88 50
1 4 72 59
1 2 65 75
1 2 18 69
1 2 54 88
1 2 5 88
1 2 68 78
1 2 94 38
1 4 56 21
1 2 7 26
1 2 85 38
1 4 6 20
1 4 50 9
1 2 77 34
1 2 80 4
1 2 5 39
1 2 36 23
1 2 93 79
1 2 1 8
1 2 13 98
1 3 96 89
1 4 50 14
1 2 19 12
1 2 52 79
1 2 80 80
1 2 58 7
1 2 23 40
1 2 56 38
1 2 3 40
1 2 32 26
1 2 35 2
1 4 8 18
1 2 55 96
1 4 92 26
1 2 9 12
1 2 7 47
1 2 56 13
1 2 30 17
1 2 32 65
1 2 27 36
1 3 80 55
1 3 88 74
1 2 7 42
1 2 6 66
1 6 81 21
1 2 35 72
1 2 89 48
1 2 2 13
1 3 92 67
1 2 26 46
1 3 15 78
1 4 33 25
1 2 27 46
1 2 86 28
1 2 76 37
1 8 35 31
1 2 41 45
1 4 33 43
1 4 77 12
1 5 23 81
1 2 27 11
1 2 33 8
1 4 23 19
1 2 95 5
1 2 9 14
1 2 37 16
1 2 95 94
1 2 82 76
1 4 16 4
1 2 59 54
1 2 26 37
1 2 79 38
1 6 49 7
1 2 42 86
1 2 40 29
1 2 73 29
1 2 19 33
1 2 88 28
1 2 22 44
1 4 71 52
1 2 65 27
1 2 79 33
1 2 66 16
1 3 1 91
1 3 33 83
1 3 13 90
1 4 63 46
1 2 9 76
1 2 45 54
1 3 37 53
1 4 6 8
1 2 32 53
1 2 90 44
1 2 84 20
1 4 58 19
1 6 82 26
1 4 49 16
1 4 49 99
1 2 12 48
1 2 38 5
1 2 97 56
1 2 75 77
1 2 33 70
1 2 87 99
1 2 11 65
1 2 62 82
1 2 66 14
1 2 56 75
1 2 38 43
1 6 31 4
1 2 30 89
1 2 34 15
1 4 89 60
1 2 80 73
1 4 46 47
1 2 61 13
1 2 7 63
1 2 40 31
1 2 44 45
1 2 56 20
1 2 83 32
1 2 5 17
1 2 95 47
1 3 18 92
1 2 79 86
1 2 43 93
1 2 69 41
1 2 41 43
1 2 16 78
1 4 21 36
1 2 88 40
1 2 5 30
1 2 6 10
1 2 61 48
1 2 53 16
1 2 48 29
1 2 70 96
1 2 36 98
1 4 58 13
1 2 95 49
1 2 41 48
1 2 49 50
1 2 11 20
1 2 46 35
1 4 74 56
1 2 49 28
1 2 25 81
1 2 20 43
1 2 50 65
1 2 64 90
1 6 3 15
1 2 14 7
1 2 76 9
1 2 60 82
1 2 72 27
1 2 69 36
1 2 40 13
1 3 89 64
1 2 20 19
1 2 95 24
1 2 31 47
1 2 18 26
1 2 6 37
1 2 30 21
1 2 23 50
1 2 42 58
1 2 8 17
1 2 94 80
1 4 13 20
1 4 11 29
1 4 80 3
1 2 42 100
1 2 91 62
1 2 46 87
1 2 7 29
1 2 63 4
1 2 10 99
1 2 96 5
1 5 38 78
1 2 73 78
1 2 5 72
1 2 9 16
1 4 37 34
1 2 65 63
1 2 11 35
1 2 89 77
1 2 7 68
1 2 43 33
1 2 56 51
1 2 29 37
1 2 17 72
1 2 17 45
1 3 41 73
1 2 9 9
1 2 63 45
1 2 49 12
1 2 63 2
1 2 61 38
1 2 18 9
1 2 64 19
1 2 42 12
1 2 35 46
1 2 37 36
1 2 82 96
1 3 61 100
1 2 35 11
1 2 10 79
1 4 74 16
1 2 80 16
1 2 1 30
1 2 40 38
1 2 37 12
1 2 45 90
1 2 16 36
1 3 46 70
1 2 47 60
1 2 75 92
1 2 57 8
1 2 22 62
1 2 73 31
1 2 43 41
1 2 62 27
1 2 53 1
1 2 20 46
1 2 31 96
1 2 59 26
1 2 45 35
1 2 54 88
1 2 24 42
1 2 80 46
1 2 58 72
1 2 76 70
1 2 10 69
1 2 88 31
1 2 39 92
1 2 79 70
1 2 16 25
1 2 11 79
1 2 47 52
1 2 54 31
1 2 61 57
1 2 46 80
1 2 7 23
1 2 48 88
1 2 79 10
1 2 5 5
1 2 48 66
1 2 55 79
1 2 3 48
1 2 12 1
1 3 68 77
1 2 80 49
1 2 41 27
1 2 56 29
1 2 37 29
1 2 58 36
1 2 61 42
1 2 84 81
1 2 71 75
1 2 63 52
1 2 93 3
1 2 77 54
1 2 83 10
1 2 89 51
1 2 84 52
5 2 50 29
5 3 5 79
1 2 51 80
5 2 78 4
5 2 54 91
5 4 22 23
5 2 68 71
1 2 80 72
5 2 25 52
1 2 27 52
5 3 46 70
5 8 13 20
5 8 46 1
5 2 50 19
5 4 37 89
5 2 59 33
5 2 20 9
5 4 12 9
5 2 20 42
5 2 18 11
5 4 74 32
5 2 49 39
5 8 86 4
5 4 10 10
5 2 85 67
5 4 56 18
5 2 68 17
5 3 62 91
5 2 24 11
5 2 25 49
5 2 43 52
5 6 40 20
5 2 91 22
5 4 57 29
5 3 37 59
5 2 51 16
5 2 74 67
5 6 51 14
5 3 3 69
5 2 18 32
5 4 72 27
5 2 53 15
5 2 89 93
5 4 54 34
5 4 85 39
5 5 29 81
1 2 27 84
1 2 77 84
5 2 89 86
5 8 29 9
5 2 55 13
5 4 25 64
1 2 53 63
1 2 44 63
5 2 72 36
5 4 4 6
5 2 74 9
5 10 8 45
5 2 54 7
5 2 91 89
5 4 30 90
1 2 87 89
5 3 84 63
5 4 5 53
5 2 68 19
5 10 63 29
5 2 63 37
5 2 72 20
5 6 31 49
5 2 76 31
5 2 73 45
5 2 44 41
5 4 36 95
5 4 16 77
5 2 70 77
5 2 16 41
5 2 6 31
5 3 70 65
5 4 37 11
5 2 39 32
5 2 21 26
5 4 78 74
5 2 60 99
1 2 62 98
5 2 23 31
5 2 72 90
5 2 38 1
5 4 1 25
5 4 79 5
5 3 83 77
5 2 73 13
5 3 14 76
1 2 48 74
5 2 19 13
5 2 52 36
5 2 74 48
5 4 36 5
5 2 79 23
5 2 66 7
5 2 70 99
5 2 84 92
5 2 50 25
5 4 6 75
5 4 85 35
5 4 76 48
5 2 10 22
5 4 4 46
5 2 22 17
5 3 30 97
1 2 73 98
5 2 75 77
5 2 80 7
5 4 3 3
5 2 2 18
5 2 27 7
5 2 33 1
5 2 87 28
5 6 44 12
5 2 49 5
5 4 19 30
5 2 5 37
5 4 17 3
5 2 60 11
5 2 2 10
5 4 22 45
5 4 72 49
5 2 84 72
5 2 7 13
5 2 36 75
5 4 30 42
5 2 27 24
5 2 26 34
5 2 72 42
5 4 43 30
5 4 18 44
5 2 73 12
5 2 43 92
1 2 44 93
5 2 22 34
5 8 61 48
5 2 64 54
5 2 23 22
5 2 51 37
5 3 79 89
5 2 81 66
5 4 9 8
5 2 53 44
5 6 8 26
5 2 7 23
5 2 30 12
5 2 14 32
5 2 53 22
5 2 79 47
5 2 85 96
1 2 85 97
5 2 78 8
5 6 38 25
5 2 45 66
5 5 8 76
1 3 10 77
5 2 13 48
5 3 64 87
1 2 68 86
5 2 84 44
5 4 68 17
5 2 16 37
5 2 43 8
5 2 56 26
5 2 56 73
1 2 66 72
5 2 88 66
5 2 61 3
5 3 47 76
1 2 70 77
5 2 22 36
5 4 41 60
5 2 42 43
5 6 2 32
5 2 55 3
5 2 81 2
5 2 52 41
5 2 64 44
5 2 74 2
5 2 23 38
5 2 31 12
5 2 36 27
5 2 10 40
5 2 80 49
5 2 51 2
5 2 64 57
5 4 30 44
5 5 5 50
5 2 82 10
5 4 78 15
5 3 58 72
5 2 43 60
1 2 55 60
5 2 36 46
5 2 8 65
1 2 10 65
5 2 37 54
5 2 29 24
5 2 23 23
5 2 56 1
5 2 14 62
1 2 76 62
5 2 8 43
5 2 26 34
5 6 67 6
5 3 68 50
5 2 55 79
5 2 36 83
5 4 73 98
5 3 61 93
5 2 20 21
5 2 78 92
5 2 20 68
5 2 24 21
5 2 15 48
5 4 27 34
5 2 90 57
5 2 15 68
1 2 36 68
5 3 42 88
5 2 9 29
5 2 78 52
5 2 89 35
5 2 71 25
5 2 37 97
5 2 35 36
5 2 9 65
5 2 60 79
5 2 5 16
5 2 82 98
5 3 49 56
5 2 73 38
5 6 25 15
5 2 12 30
5 2 38 8
5 2 71 40
5 2 35 38
5 2 63 14
5 2 56 10
5 2 76 98
5 2 71 56
5 4 79 22
5 2 68 40
5 2 35 2
5 2 48 20
5 6 33 42
5 2 43 3
5 2 34 22
5 2 60 22
5 2 6 24
5 2 62 23
5 2 39 20
5 4 59 73
5 2 71 11
5 2 24 28
5 2 27 47
5 2 77 33
5 2 10 95
5 2 65 14
5 2 65 9
5 2 10 26
5 2 41 16
5 2 5 40
5 2 62 78
5 3 4 61
1 2 36 61
5 2 14 26
5 2 58 1
5 2 32 46
5 2 39 18
5 2 48 53
5 2 57 4
5 2 41 75
1 2 54 75
1 2 67 75
5 2 75 78
5 2 22 53
5 2 86 41
5 2 24 13
5 2 79 97
5 4 75 15
5 2 51 33
5 4 38 14
5 2 73 30
5 5 53 60
5 2 52 17
5 2 30 9
5 3 58 57
5 2 52 12
5 2 61 86
5 2 81 41
5 2 52 21
5 2 21 25
5 2 34 73
5 2 68 24
5 4 49 95
1 2 62 95
5 2 35 64
1 2 71 66
5 2 57 83
5 2 77 86
5 2 56 63
5 2 25 97
1 2 35 96
1 2 50 96
1 2 57 97
1 2 53 95
5 2 53 54
5 2 18 88
5 2 56 90
5 2 46 6
5 2 54 61
5 2 53 49
5 2 66 39
5 2 38 4
5 2 29 52
5 3 46 90
5 2 42 23
5 4 55 42
5 2 52 75
5 2 65 16
5 2 12 25
5 2 6 3
5 2 78 35
5 2 78 27
5 2 27 28
5 2 15 14
5 3 41 57
5 2 24 48
5 2 43 54
1 2 49 53
5 2 11 49
5 2 57 65
5 2 59 76
5 2 64 84
5 2 31 81
5 2 76 68
5 2 84 39
5 2 74 87
5 2 17 3
5 2 32 95
5 3 70 95
5 2 72 32
5 2 13 1
5 2 83 81
5 2 9 18
5 2 60 26
5 2 88 80
5 2 17 8
5 2 21 97
1 2 84 98
5 4 8 5
5 2 7 39
5 2 52 100
5 2 2 36
5 2 71 27
5 2 51 97
5 2 55 98
5 2 18 100
5 2 18 49
5 2 40 24
5 2 56 46
5 2 32 14
3 6 11 41
3 2 54 21
3 3 55 65
1 2 60 64
5 2 87 63
3 7 41 76
5 2 40 74
5 2 64 74
3 2 6 18
3 6 43 42
3 2 78 58
3 2 5 36
3 2 70 31
3 2 66 29
3 2 14 18
3 2 43 57
1 2 72 58
3 2 29 6
3 2 86 64
3 3 82 84
3 2 10 3
3 4 53 93
3 4 22 46
3 2 61 41
3 2 72 99
3 2 79 57
3 12 41 21
3 2 37 75
3 2 4 15
3 2 40 68
5 2 88 67
3 2 57 61
5 2 83 60
5 2 84 62
3 4 46 79
3 6 14 87
1 2 65 87
5 2 41 85
5 2 54 85
3 4 20 89
1 2 30 90
1 2 41 91
5 2 68 91
3 4 42 26
3 2 32 50
3 4 14 47
3 3 2 50
5 2 50 51
5 2 72 51
5 2 53 52
3 2 16 27
3 4 64 51
3 2 52 4
3 16 30 47
3 2 30 23
3 3 35 88
1 2 70 87
3 2 66 56
3 2 55 14
3 2 42 39
3 4 1 41
3 2 77 93
3 2 71 57
3 2 28 39
3 2 63 24
3 6 15 5
3 4 24 17
3 2 54 33
3 6 21 2
3 2 27 17
3 2 41 31
3 3 5 66
1 2 76 66
5 2 78 66
5 2 10 66
5 2 36 65
1 2 36 66
5 2 14 64
5 2 24 64
3 2 81 61
3 3 1 60
1 2 8 59
5 2 54 59
1 2 73 60
5 2 19 59
3 2 3 55
1 3 39 55
5 2 10 56
5 2 69 55
3 2 69 86
3 2 62 78
3 4 68 38
3 2 68 25
3 2 54 50
3 6 24 68
5 2 37 67
3 4 6 47
3 2 84 93
5 2 87 93
3 4 17 33
3 2 42 66
3 4 62 13
3 2 10 9
3 3 69 92
3 4 64 42
3 2 39 50
3 4 66 80
1 2 89 81
3 2 59 43
3 2 26 86
3 2 39 85
3 2 12 27
3 4 25 80
5 2 54 81
5 2 24 80
3 2 28 29
3 2 12 14
3 8 14 40
3 2 33 43
3 2 38 77
1 2 53 77
3 2 76 55
3 2 72 7
3 2 25 26
3 2 70 37
3 2 46 8
3 2 14 42
3 2 8 77
1 2 19 77
5 2 20 78
3 6 56 47
3 2 9 19
3 3 60 96
5 2 61 96
3 3 51 87
3 2 74 28
3 4 8 83
1 3 7 84
1 2 16 85
3 2 19 1
3 4 51 4
3 2 22 89
3 4 26 15
3 3 42 90
5 2 42 91
5 2 50 91
3 4 62 6
3 2 35 49
3 4 65 12
3 4 3 46
3 2 41 7
3 2 20 27
3 3 8 89
5 2 25 90
3 6 23 81
5 2 53 82
3 3 24 78
1 2 34 78
5 2 33 79
3 2 5 6
3 2 13 56
3 2 36 62
3 2 54 45
3 2 6 81
5 2 18 83
5 2 25 83
1 2 45 84
1 2 31 83
5 2 19 82
3 2 42 18
3 2 28 64
3 4 71 97
5 2 75 97
3 2 82 54
3 2 50 17
3 2 69 4
3 2 49 96
3 4 41 11
3 6 18 6
3 2 11 49
3 2 20 85
3 4 33 39
3 2 49 57
3 2 38 27
3 4 49 40
3 4 58 20
3 2 45 6
3 4 56 9
3 2 38 37
3 6 45 78
5 2 54 80
3 2 38 44
3 4 9 15
3 4 9 5
3 3 49 99
3 4 19 11
3 3 41 72
1 2 69 71
5 2 90 70
3 2 41 11
3 2 23 7
3 4 45 29
3 2 69 44
3 3 83 87
3 2 36 14
3 2 31 7
3 4 15 96
3 2 48 77
3 6 28 36
3 10 24 30
3 2 58 81
3 2 62 33
3 8 47 18
3 2 50 44
3 2 26 33
3 8 33 94
1 2 42 94
1 2 80 95
5 2 47 93
3 2 57 22
3 4 12 7
3 2 36 64
3 2 37 8
3 2 19 36
3 2 57 16
3 2 53 88
5 2 65 89
3 4 7 33
3 2 63 88
5 2 77 87
3 2 29 45
3 8 21 19
3 2 47 7
3 3 33 66
5 2 47 64
3 4 52 59
3 2 54 13
3 3 70 73
3 3 63 50
3 2 30 35
3 2 23 65
3 2 34 1
3 2 85 70
3 3 4 69
1 2 7 70
5 2 33 68
5 2 60 71
3 3 15 76
3 2 37 30
3 2 74 68
3 2 61 90
3 2 10 69
1 2 41 70
3 2 77 72
3 2 45 49
3 2 34 9
3 2 16 47
3 2 2 12
3 2 26 36
3 2 38 64
3 2 39 16
3 3 31 98
3 2 49 42
3 2 35 70
3 2 26 3
3 2 31 24
3 2 68 10
3 2 45 88
3 4 56 53
3 4 23 23
3 2 28 91
3 2 56 32
3 2 20 41
3 2 12 29
3 2 39 36
3 2 31 26
3 2 35 25
3 2 4 59
1 2 21 59
5 2 54 59
1 2 76 58
3 2 67 28
3 2 61 32
3 2 69 34
3 2 65 79
3 2 33 71
3 4 11 11
3 6 40 2
3 2 44 7
3 2 71 81
3 2 69 44
3 2 77 98
3 4 34 31
3 2 48 13
3 2 11 24
3 2 1 85
1 2 44 87
3 4 31 16
3 2 28 6
3 2 39 69
1 2 45 70
5 2 75 70
3 2 58 95
1 2 66 95
5 2 65 93
3 2 78 82
5 2 78 82
3 2 35 28
3 2 3 21
3 4 71 37
3 2 9 38
3 2 73 86
3 2 66 1
3 2 24 93
3 2 2 9
3 2 27 18
3 2 3 32
3 2 18 93
1 2 27 93
3 3 32 88
3 2 13 45
3 3 66 94
3 2 26 32
3 2 31 14
3 2 29 41
3 3 29 68
5 2 54 69
1 2 81 71
5 2 61 70
3 2 70 24
3 3 78 100
3 2 7 11
3 2 40 23
3 2 27 86
3 2 63 49
3 2 20 18
3 2 41 77
3 2 12 9
3 2 29 64
1 2 54 63
3 2 29 25
3 2 50 99
3 2 50 6
3 2 24 54
3 2 66 66
3 2 59 70
3 2 38 16
3 2 25 24
3 2 34 36
3 2 42 50
3 2 60 24
3 2 43 14
3 2 6 14
3 2 29 47
3 2 51 82
3 2 2 34
3 2 32 32
3 2 20 3
3 2 23 25
3 2 5 84
3 4 54 38
3 2 28 49
3 2 48 81
3 2 1 22
3 2 53 4
3 2 31 7
3 2 43 16
3 2 53 18
3 2 47 10
3 2 64 84
3 2 2 31
3 2 42 28
3 2 48 26
3 2 65 47
3 2 18 25
3 2 3 43
3 2 54 55
3 2 59 8
3 2 53 85
3 2 59 17
3 2 30 76
3 2 6 22
3 2 57 3
3 2 22 48
3 2 62 97
3 2 4 1
3 2 40 97
3 3 11 84
3 2 56 28
3 2 11 36
3 2 46 22
3 2 49 32
3 2 23 83
3 3 20 62
3 2 5 42
3 2 13 79
3 2 49 30
3 2 39 41
3 2 65 54
3 2 36 48
3 2 57 22
3 2 50 26
3 2 41 43
3 2 29 82
3 2 15 23
3 2 18 8
3 2 6 60
1 2 62 60
1 2 14 59
3 2 56 61
3 2 67 61
3 2 58 19
3 2 43 60
3 2 52 10
3 2 21 60
3 2 57 39
3 2 57 35
3 2 17 14
3 2 9 44
3 2 19 59
5 2 61 60
3 2 47 62
3 2 30 61
3 2 6 46
3 2 11 61
3 2 27 13
3 2 51 30
3 2 58 60
3 2 75 63
3 2 56 18
3 2 71 95
3 2 56 70
3 2 72 51
3 2 72 74
3 2 44 21
8 4 2 32
8 2 52 1
8 6 54 19
8 6 53 99
3 2 72 100
3 2 57 99
8 2 66 30
8 2 8 21
8 10 5 26
8 2 70 69
8 3 7 73
5 2 66 72
5 2 59 72
3 2 25 74
1 2 29 73
5 2 69 74
8 2 38 70
8 2 59 68
8 3 23 65
8 2 7 74
5 2 15 73
8 3 15 70
3 2 46 71
8 3 71 70
8 2 64 34
8 4 67 27
8 4 57 27
8 8 63 23
8 4 49 20
8 2 26 14
8 6 39 38
8 9 31 61
3 2 42 63
3 2 49 64
8 3 53 86
8 4 58 25
8 7 65 65
8 4 28 30
8 3 11 72
5 2 23 71
1 2 22 70
8 8 21 5
8 6 21 34
8 11 38 48
3 2 74 51
8 4 65 39
8 6 58 44
8 2 64 45
8 4 39 85
8 4 27 68
8 2 54 92
8 2 15 71
3 2 32 72
8 2 53 1
8 2 46 64
8 4 3 63
3 2 23 65
5 2 27 64
3 2 61 62
8 8 6 41
8 2 48 43
8 2 25 36
8 3 45 82
8 2 47 29
8 2 44 7
8 4 17 42
8 4 15 98
1 2 16 98
5 2 15 99
1 2 27 98
1 2 47 100
8 2 14 45
8 3 25 79
5 2 29 77
8 4 50 49
8 2 36 15
8 2 55 7
8 3 9 52
8 2 52 48
8 8 35 12
8 2 48 47
8 8 29 24
8 2 59 21
8 2 63 1
8 2 28 37
8 2 29 28
8 2 53 58
8 3 56 84
5 2 66 83
1 2 69 85
5 2 68 84
3 2 71 84
8 4 46 1
8 2 44 80
8 4 12 43
8 2 40 41
8 2 11 36
8 2 47 27
8 10 14 22
8 4 12 9
8 2 33 46
8 2 81 85
8 5 28 98
8 10 24 10
8 2 47 37
8 2 52 21
8 2 58 13
8 4 21 11
8 2 11 56
1 2 17 56
5 2 13 56
3 2 30 57
3 2 65 56
8 2 53 35
8 2 45 58
8 8 51 12
8 4 34 79
8 5 35 98
3 2 50 100
3 2 53 96
8 2 3 1
8 8 61 10
8 3 22 69
8 4 5 36
8 4 10 88
8 4 26 18
8 12 30 45
8 2 6 33
8 4 41 69
1 2 55 70
5 2 65 69
3 2 55 69
8 5 35 65
5 2 34 64
5 2 54 63
3 2 35 66
8 2 53 2
8 2 69 2
8 2 28 36
8 2 15 10
8 6 17 44
8 2 14 56
8 2 42 8
8 6 44 26
8 2 37 28
8 4 17 4
8 2 11 32
8 2 14 11
8 2 64 98
8 2 49 23
8 2 28 41
8 2 18 57
3 2 36 56
5 2 52 57
3 2 71 54
8 2 46 75
3 2 49 75
8 4 42 11
8 2 4 18
8 2 24 11
8 2 19 42
8 4 47 55
8 4 1 46
8 2 34 19
8 2 19 32
8 2 31 27
8 2 30 82
8 2 26 22
8 12 6 11
8 2 49 37
8 2 64 33
8 2 10 36
8 4 47 96
8 2 33 44
8 6 54 8
8 2 63 17
8 8 32 38
8 2 25 58
8 4 34 31
8 6 35 23
8 8 14 26
8 2 49 61
8 2 40 89
8 2 62 15
8 2 39 42
8 2 12 13
8 3 2 69
1 2 9 70
3 2 8 68
3 2 15 67
8 2 17 35
8 7 35 70
8 3 61 98
8 2 18 89
5 2 23 88
3 3 22 87
3 3 33 86
8 2 27 96
3 2 47 95
8 2 48 94
3 2 66 92
8 2 14 29
8 4 52 18
8 2 61 90
8 2 62 39
8 3 49 87
8 2 44 92
8 3 65 87
8 4 43 40
8 2 48 38
8 2 50 7
8 2 1 87
1 2 5 86
8 2 43 15
8 2 11 81
5 2 10 80
5 2 41 81
8 2 64 55
8 2 20 30
8 2 17 28
8 3 50 94
3 2 54 94
5 2 53 93
8 2 48 79
8 6 52 97
8 2 20 51
8 4 27 35
8 2 21 71
3 2 33 71
8 2 40 13
8 2 11 38
8 2 13 100
1 2 13 100
5 2 48 99
8 2 68 83
8 2 10 87
5 2 13 88
8 5 60 58
8 2 18 39
8 4 41 21
8 2 38 95
8 4 43 4
8 2 15 67
8 4 33 5
8 2 10 26
8 3 18 61
1 2 27 61
8 2 21 64
8 2 42 96
8 2 17 48
8 4 47 14
8 2 68 75
8 2 47 8
8 2 28 63
8 2 10 65
8 2 4 32
8 3 60 85
8 2 43 65
8 2 23 40
8 2 41 32
8 2 30 11
8 2 49 5
8 3 32 59
8 2 10 29
8 2 52 58
8 4 34 85
8 2 45 44
8 2 61 68
8 2 6 44
8 2 2 19
8 2 32 18
8 4 29 7
8 3 7 58
8 2 35 34
8 2 63 58
8 4 37 22
8 2 11 15
8 2 28 44
8 2 4 12
8 2 11 60
3 2 58 61
8 3 8 78
8 3 69 82
8 2 2 2
8 2 31 10
8 2 19 28
8 2 10 20
8 3 72 52
8 3 36 100
8 2 8 17
8 2 8 56
8 4 8 7
8 2 55 2
8 2 63 35
8 4 58 3
8 2 4 41
8 2 15 22
8 2 26 70
1 2 25 71
8 2 15 17
8 2 36 91
8 2 37 37
8 2 53 5
8 2 37 54
8 2 8 47
8 2 45 22
8 2 23 61
3 2 23 61
3 2 56 60
8 2 15 80
8 2 56 78
8 2 29 56
1 2 39 54
1 2 65 54
3 2 46 53
8 2 21 87
8 2 61 77
8 2 18 66
8 2 44 24
8 3 22 67
8 3 63 52
3 2 66 52
8 2 13 4
8 2 54 12
8 2 12 49
8 2 19 48
8 2 50 37
8 2 46 90
8 2 36 31
8 2 28 20
8 2 7 40
8 2 12 2
8 4 58 73
8 2 38 58
8 3 27 92
8 2 35 4
8 2 64 95
8 3 65 84
8 2 57 54
8 2 68 84
8 2 24 34
8 2 3 21
8 2 6 28
8 2 28 72
8 2 34 1
8 2 63 73
8 2 32 20
8 2 60 94
8 2 21 14
8 2 52 27
8 3 53 50
8 2 29 92
5 2 49 93
3 2 32 94
8 2 26 22
8 2 54 47
8 2 38 19
8 2 14 35
8 2 53 30
8 2 46 5
8 2 42 20
8 2 1 23
8 2 20 46
8 2 10 78
8 2 7 1
8 2 15 80
8 2 52 99
8 2 33 72
8 2 27 80
8 2 37 32
8 2 71 95
8 2 66 94
8 2 65 51
8 2 35 13
8 2 27 4
8 2 30 73
3 2 38 73
8 3 31 94
1 2 50 92
8 2 40 72
8 2 45 53
8 2 56 91
8 2 51 52
3 2 68 52
5 2 67 51
8 2 22 38
8 2 57 72
8 2 41 78
8 2 19 39
8 2 56 76
8 2 20 41
8 2 41 26
8 2 16 79
3 2 22 79
3 2 48 77
8 2 2 4
8 2 46 74
8 2 39 57
8 2 18 20
6 3 20 99
5 2 28 97
8 2 48 96
8 2 54 99
8 2 52 96
6 4 33 34
6 4 62 54
6 2 44 9
6 2 20 15
6 2 19 12
6 4 21 12
6 4 34 90
6 4 45 68
3 2 44 68
6 4 39 98
6 14 12 32
6 10 42 47
6 3 39 71
6 3 12 72
6 4 6 7
6 4 1 31
6 6 37 4
6 2 34 14
6 7 54 99
6 6 54 34
6 2 39 49
6 4 50 39
6 2 44 18
6 8 23 44
6 16 4 4
6 4 29 83
8 2 43 83
8 2 62 82
6 2 65 35
6 4 14 87
3 3 58 87
8 2 51 86
6 2 14 52
6 2 58 51
6 2 51 51
6 8 11 41
6 6 3 31
6 7 53 95
6 8 29 23
6 4 26 26
6 14 14 5
6 2 50 65
6 10 28 16
6 2 63 62
6 5 21 63
6 10 43 12
6 3 57 90
6 8 49 28
6 3 62 89
6 6 43 29
6 2 42 24
6 2 29 3
6 4 15 26
6 2 4 13
6 2 44 8
6 5 2 78
3 2 19 76
8 2 29 76
1 2 57 75
8 2 50 76
8 2 57 75
3 2 59 75
6 3 34 65
6 4 22 4
6 3 42 91
6 4 54 45
6 2 8 6
6 5 56 63
6 6 1 42
6 14 15 8
6 5 22 77
8 2 39 80
3 2 51 79
6 2 41 19
6 3 63 81
6 2 10 2
6 2 21 8
6 6 36 51
8 2 42 51
6 2 18 16
6 5 6 96
1 2 10 96
3 2 9 95
5 2 9 96
3 2 20 97
8 2 57 93
6 2 28 7
6 2 26 22
6 6 43 71
6 2 20 43
6 2 12 97
6 4 49 49
6 2 2 44
6 2 7 17
6 2 21 17
6 6 39 31
6 3 18 57
6 2 38 26
6 8 53 73
6 3 23 82
1 2 46 84
5 2 28 81
6 2 34 53
6 2 44 27
6 8 16 41
6 3 16 95
5 2 15 94
6 8 47 47
6 2 14 30
6 3 6 76
1 2 9 76
3 2 6 75
1 2 31 76
8 2 29 76
6 6 2 24
6 2 24 32
6 2 51 54
5 2 50 54
6 4 41 61
8 2 56 60
6 4 32 77
6 5 29 86
6 2 49 80
6 3 45 61
6 2 16 47
6 4 25 17
6 2 44 33
6 5 53 58
6 2 50 40
6 6 24 39
6 4 39 6
6 4 22 49
6 6 8 1
6 2 45 44
6 2 37 34
6 2 1 8
6 3 1 92
3 2 13 92
8 2 45 93
8 2 20 91
8 2 61 90
8 2 21 91
6 6 9 47
6 2 10 98
5 2 51 99
8 2 36 100
6 6 30 98
6 3 35 87
6 2 41 41
6 2 29 41
6 3 65 90
6 8 35 90
3 2 34 90
8 2 38 88
8 2 35 89
6 2 33 90
6 3 66 58
6 2 31 45
6 2 42 6
6 3 35 57
6 2 18 20
6 2 5 1
6 2 66 53
6 4 41 68
8 2 51 70
6 2 12 20
6 2 24 49
6 6 28 42
6 2 7 24
6 4 6 4
6 2 6 21
6 2 8 51
1 2 56 52
6 8 32 32
6 2 14 44
6 2 26 26
6 2 34 43
6 4 27 8
6 4 25 33
6 2 4 84
5 3 4 85
5 2 13 85
8 2 4 82
6 2 29 74
6 2 48 9
6 3 10 64
8 2 24 64
8 3 14 65
6 3 62 52
6 4 24 69
6 4 32 63
6 4 51 38
6 5 30 50
1 2 31 52
6 2 8 22
6 4 1 15
6 7 16 91
6 2 30 9
6 2 30 48
6 2 56 59
6 3 25 67
6 3 35 74
6 2 20 84
6 8 47 35
6 6 17 33
6 4 27 39
6 2 15 84
3 2 47 83
3 2 22 84
6 2 6 76
6 4 3 11
6 2 8 99
1 2 29 99
8 2 28 100
8 2 11 98
6 4 11 42
6 2 48 66
6 3 32 60
6 2 22 29
6 2 27 67
8 2 27 69
8 2 52 68
6 5 11 66
6 2 29 2
6 3 11 84
8 2 32 84
3 2 34 85
8 2 16 85
1 2 28 85
6 2 12 32
6 6 22 88
8 2 27 87
6 4 14 11
6 4 18 38
6 2 5 98
6 6 26 20
6 2 10 96
6 2 7 20
6 2 32 23
6 3 52 55
6 2 7 16
6 2 34 5
6 2 52 94
6 2 39 92
6 2 54 94
6 2 37 12
6 2 43 43
6 2 29 37
6 2 6 15
6 2 40 64
6 2 9 24
6 3 36 83
6 2 18 18
6 2 8 37
6 4 9 11
6 4 26 44
6 4 39 24
6 2 13 19
6 2 4 20
6 2 41 23
6 2 5 47
6 2 40 21
6 4 23 1
6 2 14 64
6 2 29 1
6 2 47 10
6 3 7 70
8 2 6 70
6 2 10 77
3 2 12 78
6 2 17 50
6 2 19 7
6 2 46 45
6 2 24 81
6 6 23 76
6 2 10 4
6 2 33 92
6 2 16 46
6 4 28 42
6 2 45 78
6 2 18 21
6 2 34 36
6 4 29 19
6 2 37 74
6 2 7 85
1 2 9 85
6 2 37 8
6 2 35 41
6 2 21 34
6 2 19 30
6 2 19 57
6 2 3 70
1 2 2 71
3 2 24 69
8 2 12 70
8 2 35 71
3 2 41 73
6 2 23 87
5 2 25 87
6 2 7 31
6 2 9 38
6 2 11 62
6 2 30 56
8 2 29 57
8 2 54 57
6 2 21 91
6 2 11 28
6 2 30 16
6 2 1 55
6 2 5 8
6 2 39 47
6 4 36 49
6 3 17 95
6 2 37 40
6 2 4 25
6 2 48 2
6 2 60 66
6 2 45 72
8 2 45 71
6 2 28 26
6 2 42 90
6 2 4 37
6 2 18 65
6 2 34 60
8 2 58 60
6 2 15 25
6 2 12 54
8 2 60 55
6 3 20 96
1 2 44 97
6 2 44 92
6 6 18 36
6 2 54 66
6 2 36 17
6 2 19 36
6 2 5 38
6 2 5 74
1 2 10 74
3 2 45 75
6 4 15 58
5 2 37 59
3 2 14 58
1 2 20 59
8 2 43 60
6 2 45 92
6 4 20 47
6 2 39 98
6 3 20 65
8 2 33 63
6 2 7 90
8 2 18 89
6 2 33 62
6 6 25 12
6 2 51 72
6 2 24 88
6 2 25 5
6 2 40 99
6 2 40 85
6 2 6 29
6 2 25 48
6 2 9 37
6 2 36 28
6 2 1 71
1 2 6 71
6 2 3 99
8 2 5 99
6 3 28 79
8 2 29 80
6 2 12 48
6 6 21 23
6 3 38 55
6 2 27 58
6 2 18 28
6 2 21 73
8 2 41 72
6 2 12 63
6 2 43 83
6 2 33 3
6 2 27 24
6 2 17 25
6 2 27 71
1 2 45 72
6 2 48 60
6 2 40 71
6 2 41 9
6 2 23 54
6 3 32 53
6 2 37 38
6 2 26 69
6 3 55 82
6 2 52 60
6 2 30 7
6 2 33 66
6 3 48 64
6 2 31 70
8 2 33 69
6 2 38 60
6 2 11 22
6 2 37 70
2 3 6 89
2 16 35 89
3 2 29 90
3 2 36 90
8 2 44 89
2 4 45 17
2 2 51 78
2 20 38 38
2 6 19 97
8 2 21 94
6 3 30 94
2 3 46 78
2 3 10 77
2 8 40 28
2 6 48 50
2 18 35 28
2 66 16 46
2 2 32 50
2 3 19 61
2 4 39 10
2 8 5 80
6 2 34 78
5 2 47 78
6 3 14 79
6 2 48 80
5 2 47 81
6 2 22 80
8 2 44 79
6 2 3 79
5 2 37 77
6 2 19 82
2 5 25 81
6 2 44 81
2 6 49 54
2 8 35 12
2 4 2 39
2 2 1 83
6 2 12 83
6 2 46 84
6 2 49 84
6 2 37 84
8 2 36 84
2 8 40 15
2 2 52 2
2 8 38 74
1 2 37 74
2 4 22 34
2 10 12 24
2 2 25 51
3 2 24 52
2 20 18 39
2 2 34 77
2 6 20 2
2 3 34 51
2 2 53 92
2 2 16 28
2 2 26 78
5 2 25 78
2 4 11 40
2 4 43 88
5 2 42 90
8 2 51 87
6 2 43 87
2 8 22 15
2 12 27 44
2 10 17 44
2 6 43 68
2 4 32 25
2 12 40 34
2 2 15 71
2 2 6 12
2 3 29 61
2 5 24 79
5 2 33 77
6 2 39 80
2 2 49 95
2 2 13 44
2 2 5 45
2 2 1 41
2 6 31 47
2 2 14 38
2 2 5 33
2 2 43 27
2 2 23 41
2 4 4 2
2 3 36 94
8 2 47 93
2 2 35 51
2 6 10 50
2 4 9 64
5 2 13 62
8 2 47 63
6 3 31 64
2 6 5 31
2 4 4 21
2 4 23 35
2 10 34 6
2 2 44 64
2 3 39 69
2 5 5 79
6 2 4 81
1 2 20 79
6 2 22 80
2 4 12 79
2 5 21 69
5 2 19 70
2 2 10 14
2 6 32 33
2 2 4 13
2 4 18 86
8 2 20 87
8 2 17 84
6 2 18 85
2 6 21 8
2 6 4 6
2 2 11 6
2 5 2 70
1 2 14 67
1 2 22 67
3 2 38 68
1 2 37 68
8 2 22 68
6 2 4 68
5 2 4 67
8 2 3 67
2 4 7 68
6 2 34 69
6 2 22 66
2 12 37 57
8 2 38 56
2 6 35 21
2 6 32 76
2 8 10 21
2 4 15 90
8 2 26 90
2 2 22 15
2 2 21 86
2 2 34 23
2 5 18 68
2 2 21 90
2 6 20 49
2 3 33 100
2 4 2 22
2 2 5 57
1 2 31 56
3 2 48 57
3 2 16 56
6 2 49 59
2 4 34 30
2 4 3 29
2 3 26 77
6 2 39 75
6 2 34 75
2 8 20 31
2 6 26 19
2 2 25 34
2 3 8 54
1 2 8 54
3 2 7 53
8 2 16 52
1 2 19 53
6 2 50 51
2 2 33 1
2 2 25 8
2 2 8 100
6 2 10 100
3 2 38 98
2 6 30 29
2 5 24 54
6 2 42 53
2 2 1 32
2 10 2 18
2 2 30 73
2 6 33 55
2 2 22 85
2 2 21 1
2 2 52 59
2 4 29 40
2 3 27 99
3 2 26 100
2 2 34 50
2 2 7 46
2 2 23 30
2 2 5 75
6 2 24 76
2 7 39 53
2 6 2 48
2 3 49 83
1 2 48 82
2 2 44 56
6 2 43 57
2 2 25 99
2 6 39 15
2 4 30 4
2 7 31 97
2 2 25 64
2 2 9 37
2 2 46 53
2 2 32 43
2 2 4 49
2 2 11 20
2 4 20 47
2 4 49 35
2 6 21 3
2 10 17 35
2 16 25 11
2 4 3 39
2 2 15 17
2 2 8 38
2 2 8 68
3 2 7 67
5 2 20 67
3 2 50 66
6 2 19 67
3 2 20 67
2 2 14 12
2 2 33 29
2 4 24 44
2 3 37 97
2 2 32 57
5 2 42 58
2 4 23 6
2 6 19 23
2 2 23 14
2 5 30 53
2 2 42 59
2 10 13 16
2 2 14 37
2 4 9 8
2 8 13 8
2 4 19 16
2 2 35 86
2 5 26 57
2 2 8 84
2 4 8 26
2 4 30 81
2 2 25 32
2 2 1 35
2 6 30 19
2 4 15 42
2 4 26 66
3 2 35 66
8 2 24 65
2 2 13 85
2 2 41 2
2 3 28 100
2 3 39 89
2 2 14 60
2 8 8 24
2 2 44 75
2 6 8 32
2 4 1 76
2 2 9 1
2 4 21 61
6 2 37 59
6 2 21 59
2 2 15 50
2 2 10 92
2 7 50 88
2 2 1 90
8 2 19 91
1 2 23 90
2 2 26 17
2 2 6 4
2 2 24 96
2 2 11 11
2 2 2 4
2 5 37 63
2 3 18 82
2 2 14 87
2 3 38 61
2 3 16 54
2 2 19 74
2 2 22 56
2 3 10 80
2 2 24 80
2 2 12 30
2 2 10 75
8 2 16 73
2 3 32 57
2 2 1 43
2 2 12 65
2 2 22 1
2 2 43 58
2 2 6 10
2 6 19 72
6 2 19 73
2 2 19 87
2 2 9 61
8 2 28 62
2 2 4 17
2 2 24 86
2 2 29 84
2 2 46 66
2 6 42 94
2 2 42 82
2 2 20 45
2 2 8 24
2 4 8 5
2 2 25 74
2 2 14 27
2 2 38 84
2 2 24 7
2 2 5 68
2 2 30 1
2 2 22 39
2 4 37 28
2 2 2 45
2 2 21 52
2 2 8 91
2 2 30 38
2 2 4 44
2 2 14 21
2 2 32 90
2 4 6 7
2 2 38 93
2 2 21 99
2 4 26 36
2 2 2 10
2 2 25 86
2 2 18 19
2 2 19 33
2 4 29 10
2 2 9 97
6 2 24 98
2 2 8 35
2 2 8 18
2 4 37 96
2 2 18 38
2 4 5 17
2 2 17 21
2 2 9 25
2 2 13 77
2 2 6 14
2 2 14 17
2 2 20 37
2 4 23 22
2 2 11 10
2 2 38 55
2 2 5 48
2 2 16 9
2 2 36 2
2 2 26 28
2 2 29 78
2 2 20 26
2 3 30 63
2 2 9 51
2 2 9 29
2 3 11 88
1 2 16 87
5 2 12 87
6 2 20 85
6 2 30 86
2 2 39 61
2 2 23 90
2 2 24 97
6 2 30 97
2 4 19 28
2 2 24 89
2 2 21 88
2 2 34 67
7 9 4 67
1 2 4 67
3 3 4 71
2 2 24 70
2 2 17 71
2 2 37 71
2 2 7 71
5 2 11 69
8 2 12 72
2 3 26 69
2 2 10 66
2 2 18 65
7 11 20 84
6 2 19 86
2 2 35 86
7 5 10 76
8 3 9 73
7 2 19 20
7 12 8 18
7 2 40 56
7 26 26 3
7 5 41 93
7 4 2 18
7 8 20 65
7 66 7 24
7 12 12 26
7 7 26 61
2 2 28 63
7 3 2 90
1 2 12 90
3 2 12 90
3 2 9 91
3 2 25 92
8 2 29 93
2 2 31 93
2 2 12 92
7 2 22 49
7 10 20 60
3 2 20 60
8 3 18 60
1 2 27 59
2 2 20 60
5 2 20 59
2 2 34 59
7 28 13 43
7 5 9 61
1 2 8 63
6 2 23 63
2 2 38 63
7 3 45 56
2 3 44 56
7 3 35 53
3 2 33 53
8 2 39 55
7 12 25 68
3 2 34 66
7 4 14 14
7 30 19 31
7 2 11 26
7 24 9 35
7 12 18 23
7 8 22 22
7 3 15 96
7 2 31 87
7 3 8 100
7 22 24 7
7 8 15 83
2 3 13 81
7 4 9 12
7 32 10 6
7 26 21 88
6 3 21 85
7 3 14 99
7 8 10 80
8 2 11 79
2 2 17 82
7 20 4 41
7 6 2 84
5 2 21 87
7 2 6 45
7 3 33 62
7 8 26 60
1 2 32 61
8 2 35 63
7 7 15 62
3 2 27 62
7 30 16 38
7 2 2 3
7 2 6 78
2 2 7 79
7 2 19 17
7 2 16 37
7 4 3 92
5 2 12 93
8 2 6 93
8 2 14 93
6 2 25 94
2 2 12 94
1 2 12 93
2 2 6 93
6 2 41 95
6 2 8 93
6 2 33 94
7 4 26 9
7 2 39 52
7 2 20 81
7 6 20 37
7 24 9 2
7 20 4 15
7 22 3 50
8 2 4 52
7 14 11 16
7 2 15 13
7 4 12 59
3 2 11 60
7 4 20 60
7 3 3 88
1 2 18 88
5 2 20 89
7 2 1 20
7 12 16 16
7 14 3 9
7 11 21 72
2 2 26 74
7 10 13 41
7 2 21 19
7 4 34 95
2 2 34 97
7 8 18 48
7 16 27 82
7 5 31 57
7 7 26 76
2 2 35 75
3 2 35 75
7 2 6 18
7 4 6 7
7 2 3 30
7 10 14 93
5 2 9 91
3 2 14 94
2 2 29 94
7 6 17 24
7 4 34 93
8 2 33 92
2 3 32 93
7 2 32 72
7 12 12 51
5 2 33 51
7 2 9 14
7 8 22 93
7 14 9 30
7 2 19 86
7 2 34 53
7 4 30 35
7 4 17 6
7 8 18 43
7 2 9 39
7 3 15 53
2 2 35 54
7 3 30 69
7 2 27 99
7 7 31 83
7 12 24 27
7 7 8 65
3 2 8 64
8 2 23 67
7 4 4 9
7 2 15 31
7 3 17 66
7 2 22 81
7 2 17 72
7 20 1 37
7 4 17 74
2 2 27 74
2 2 24 76
7 2 5 29
7 5 40 52
7 2 4 81
3 2 8 81
7 4 11 13
7 4 9 50
7 4 9 4
7 3 14 88
7 2 14 58
8 2 15 59
7 2 8 9
7 4 1 5
7 2 10 27
7 2 18 19
7 2 22 25
7 4 2 53
1 2 12 54
1 2 1 54
5 2 2 52
5 2 4 53
3 2 12 54
5 2 11 53
8 2 21 54
8 2 14 54
6 2 35 56
6 2 2 53
6 2 21 56
3 2 23 57
6 2 22 54
2 2 34 52
2 2 7 55
2 2 3 52
7 4 19 98
2 2 27 100
7 2 2 77
7 8 9 22
7 2 6 41
7 2 15 60
8 2 14 61
7 2 35 94
7 2 1 22
7 2 15 99
8 2 15 100
7 2 11 10
7 2 5 85
3 2 8 86
8 2 22 84
8 2 4 85
5 2 21 84
7 2 26 33
7 3 30 63
7 7 28 59
1 2 33 58
7 2 15 43
7 8 12 20
7 2 19 17
7 2 2 61
3 2 7 62
2 2 1 61
5 2 19 60
2 2 17 60
7 5 18 53
7 10 19 14
7 4 12 35
7 4 15 90
8 2 19 87
7 2 2 69
8 2 14 68
2 2 21 70
7 2 19 4
7 2 29 62
7 3 14 71
7 2 16 27
7 8 3 15
7 5 14 91
7 5 30 74
7 4 19 2
7 2 4 28
7 2 20 98
7 4 28 49
7 2 29 98
7 2 10 25
7 2 10 86
3 2 17 87
7 5 3 54
3 2 6 54
5 2 37 56
8 2 17 56
6 2 7 55
2 2 17 56
7 2 6 37
7 4 14 78
7 2 1 95
8 2 1 96
2 2 17 94
2 3 6 97
2 2 1 96
7 2 9 11
7 2 16 28
7 3 18 56
7 3 13 80
2 2 22 79
7 2 14 12
7 3 12 91
7 2 26 66
7 2 4 79
7 7 10 56
7 2 17 61
7 2 16 69
2 2 16 69
7 2 19 72
7 3 10 64
1 2 13 64
6 2 15 63
2 2 16 63
7 2 40 95
5 2 39 95
7 2 14 69
7 2 21 17
7 3 17 70
7 2 5 69
8 2 5 69
7 2 16 84
7 2 9 9
7 3 20 63
7 2 11 54
7 4 23 53
7 2 16 21
7 2 23 84
6 2 23 83
7 2 28 57
7 3 20 56
3 2 27 56
7 2 14 1
7 2 7 70
7 4 4 57
5 2 3 57
6 2 8 56
2 2 10 57
5 2 10 56
7 2 25 98
7 3 26 58
7 4 22 95
7 2 15 62
7 2 5 31
7 2 22 71
7 3 3 64
5 2 6 63
3 2 12 64
8 2 9 64
8 2 10 62
6 2 2 64
2 2 19 62
7 2 5 59
2 2 5 61
7 2 12 27
7 2 36 83
1 2 36 82
7 2 18 85
7 2 18 53
1 2 17 52
6 2 17 52
7 2 1 33
7 2 1 47
7 2 8 57
8 2 7 58
7 2 22 51
7 2 30 83
4 890 24 58
1 2 12 6
5 3 12 18
1 2 9 18
5 2 15 6
5 2 2 3
3 2 2 1
3 3 16 9
3 2 5 3
8 3 9 11
8 2 13 8
6 3 9 8
6 2 13 13
1 2 13 14
2 4 3 4
2 3 4 3
1 2 6 2
8 2 5 2
6 3 4 3
2 2 11 9
2 2 14 15
2 2 12 7
7 4 12 13
7 2 2 3
7 3 14 5
7 4 12 15
2 2 12 17
2 2 25 17
7 2 14 5
7 3 8 7
7 2 9 6
4 2 2 38
6 2 13 38
7 2 21 39
4 2 24 46
4 4 18 16
4 42 7 17
1 2 14 23
3 2 7 21
8 2 10 24
2 2 6 17
1 2 8 15
2 2 9 23
5 2 17 23
6 2 10 23
7 5 5 23
6 2 4 21
7 2 6 18
4 63 15 46
1 2 14 45
1 2 13 35
3 3 12 34
8 2 15 32
2 2 14 35
2 2 13 43
6 2 13 42
2 2 12 39
2 3 12 35
6 2 15 33
1 2 15 32
7 2 19 42
1 2 18 42
7 3 16 45
3 2 16 46
7 2 13 46
3 2 21 46
6 2 12 46
4 6 15 14
8 2 12 14
4 7 14 49
8 2 12 47
6 2 13 48
7 2 19 49
7 2 16 47
4 21 14 25
1 2 17 30
6 2 18 28
7 3 17 26
4 41 14 48
1 2 13 40
5 2 17 42
5 2 13 45
5 2 12 49
3 2 13 38
8 3 12 45
7 2 16 41
7 2 13 37
4 15 15 48
4 3 27 33
4 3 10 40
3 2 9 40
4 4 11 49
2 2 11 49
4 2 2 15
6 2 10 17
4 9 19 26
8 2 19 27
7 2 20 24
4 5 4 32
5 2 6 32
6 3 4 33
6 2 4 31
5 2 9 30
7 2 5 34
7 2 9 34
4 5 19 32
6 2 22 32
4 2 12 35
4 2 3 10
4 3 9 36
2 2 10 38
1 2 9 38
4 9 12 28
1 2 10 26
4 12 17 26
4 5 7 49
4 12 4 38
5 2 13 44
8 2 13 43
7 2 6 40
6 2 6 40
7 2 13 44
7 2 6 43
2 2 11 45
4 19 6 22
5 2 5 22
8 2 6 22
7 2 8 23
4 2 2 24
7 2 10 24
4 5 19 48
6 2 17 47
4 3 10 37
4 3 17 33
4 4 11 17
4 5 13 29
7 2 14 28
4 13 8 5
4 6 9 46
1 3 9 46
2 2 9 47
4 3 8 22
4 2 14 16
4 3 2 28
4 7 6 35
5 2 13 35
3 2 12 36
8 2 10 36
4 2 6 4
1 2 5 5
5 2 5 4
3 2 3 4
4 6 8 18
4 2 9 1
4 3 10 21
4 8 4 29
5 2 3 27
8 2 4 29
6 2 6 29
2 2 2 28
1 2 2 28
4 3 14 39
4 3 1 32
2 2 4 35
1 2 3 34
5 2 4 36
3 2 3 36
6 2 7 35
7 2 6 37
4 2 18 1
4 4 5 45
5 2 5 44
4 3 18 1
4 3 15 30
4 3 7 14
2 3 6 13
4 6 8 33
1 2 12 32
8 2 9 33
4 3 5 48
2 2 5 48
1 2 8 48
5 2 6 49
7 2 4 49
1 2 9 48
7 2 13 48
4 2 9 29
4 2 12 48
4 3 2 19
4 2 6 36
7 2 5 35
4 5 9 12
4 4 5 42
4 2 6 42
1 2 5 42
7 2 4 42
4 4 6 31
4 2 14 30
2 2 14 30
4 2 10 27
7 2 12 26
4 2 1 40
5 2 1 40
4 2 1 43
4 2 5 31
4 2 8 26
