393842
2399
1 3 40 53
1 2 33 65
1 2 94 50
1 2 58 38
1 4 16 23
1 2 20 12
1 3 35 83
1 2 50 31
1 2 20 43
1 4 42 34
1 2 6 65
1 4 64 1
1 3 13 98
1 2 78 31
1 2 50 21
1 3 78 56
1 2 84 32
1 2 53 73
1 2 8 47
1 2 74 12
1 2 45 58
1 4 84 19
1 2 88 13
1 2 42 45
1 3 15 78
1 2 2 8
1 2 84 46
1 2 36 37
1 2 20 26
1 5 43 57
1 8 64 49
1 3 12 53
1 2 17 78
1 2 6 37
1 2 50 28
1 2 90 48
1 2 98 79
1 2 82 9
1 2 24 91
1 2 100 5
1 4 6 8
1 3 36 55
1 2 52 91
1 8 36 29
1 2 88 28
1 2 62 16
1 2 53 84
1 2 50 50
1 2 72 41
1 2 10 79
1 2 82 36
1 4 83 54
1 2 1 96
1 2 66 37
1 2 10 19
1 2 46 41
1 2 6 17
1 2 47 63
1 2 89 73
1 2 66 19
1 2 40 12
1 6 68 45
1 2 26 42
1 2 88 20
1 6 42 19
1 2 64 38
1 4 14 29
1 2 6 39
1 2 43 93
1 2 79 69
1 2 14 7
1 2 36 59
1 2 42 27
1 6 38 4
1 4 70 43
1 4 50 7
1 2 90 27
1 2 36 98
1 2 12 1
1 2 56 16
1 2 64 6
1 2 38 11
1 2 76 92
1 2 67 99
1 2 82 73
1 2 80 38
1 2 8 26
1 4 80 49
1 2 94 5
1 2 28 6
1 3 24 73
1 2 68 16
1 2 46 47
1 2 92 44
1 2 90 38
1 2 20 33
1 2 11 78
1 2 84 28
1 4 82 37
1 4 94 21
1 2 2 13
1 2 90 31
1 2 15 55
1 3 3 91
1 2 32 3
1 2 16 21
1 2 50 12
1 3 13 90
1 4 36 15
1 2 64 42
1 2 36 29
1 2 4 48
1 2 68 20
1 2 71 72
1 2 15 76
1 2 26 19
1 2 47 98
1 2 26 46
1 2 62 72
1 2 43 73
1 3 38 91
1 2 14 35
1 2 18 36
1 2 10 14
1 4 52 40
1 2 89 81
1 2 55 62
1 4 22 76
1 4 83 86
1 2 38 77
1 2 24 50
1 2 18 45
1 2 55 79
1 8 74 46
1 2 65 82
1 2 96 71
1 2 4 40
1 2 60 8
1 2 82 12
1 2 6 30
1 2 66 2
1 2 47 70
1 8 74 6
1 2 50 35
1 2 39 92
1 2 90 18
1 2 84 64
1 4 76 45
1 2 63 77
1 4 92 60
1 2 14 20
1 2 7 63
1 2 22 62
1 2 9 76
1 3 87 63
1 2 94 49
1 2 76 21
1 6 4 15
1 2 66 75
1 2 6 5
1 6 10 40
1 2 76 34
1 2 36 16
1 4 80 2
1 2 40 38
1 2 76 12
1 2 90 40
1 2 2 30
1 2 93 94
1 2 62 26
1 4 62 13
1 2 74 37
1 2 20 9
1 2 56 13
1 2 86 16
1 2 92 36
1 2 8 42
1 2 28 46
1 2 76 71
1 2 48 79
1 6 82 27
1 2 52 86
1 2 80 17
1 2 40 29
1 2 32 36
1 2 20 46
1 2 56 31
1 2 82 14
1 2 7 68
1 2 11 99
1 3 87 79
1 4 72 59
1 3 25 54
1 2 52 1
1 2 45 54
1 2 30 21
1 2 10 48
1 2 56 7
1 2 52 69
1 2 85 57
1 2 59 54
1 2 58 29
1 2 56 36
1 2 42 45
1 2 66 29
1 2 82 46
1 4 34 24
1 4 6 19
1 2 46 43
1 4 28 17
1 2 72 27
1 2 96 47
1 2 42 29
1 4 22 36
1 4 46 22
1 2 33 70
1 2 37 75
1 2 56 51
1 2 22 9
1 2 50 6
1 2 49 89
1 2 4 15
1 4 22 52
1 4 64 21
1 2 79 76
1 4 32 43
1 2 16 25
1 2 95 94
1 2 42 99
1 4 8 17
1 2 87 80
1 2 52 7
1 2 6 10
1 2 89 77
1 2 28 11
1 2 57 53
1 2 76 4
1 3 62 100
1 2 33 53
1 2 46 35
1 2 12 65
1 2 54 1
1 2 8 36
1 3 45 86
1 2 14 10
1 2 10 68
1 2 10 18
1 3 78 65
1 2 50 65
1 2 40 48
1 2 36 23
1 2 84 6
1 2 96 24
1 2 8 29
1 2 64 27
1 4 42 12
1 2 68 14
1 2 55 95
1 4 60 19
1 2 28 13
1 2 36 2
1 2 5 72
1 2 31 96
1 2 89 65
1 2 30 26
1 2 24 37
1 2 88 90
1 2 66 10
1 3 20 90
1 2 82 10
1 4 46 16
1 2 62 36
1 4 50 14
1 2 42 48
1 2 10 16
1 2 44 33
1 2 4 21
1 2 40 68
1 2 34 46
1 4 18 4
1 2 94 3
1 2 88 32
1 2 40 11
1 2 58 13
1 2 60 27
1 2 40 31
1 2 86 10
1 2 47 60
1 2 74 16
1 2 22 36
1 2 14 20
1 2 81 96
1 3 78 52
1 2 92 67
1 2 32 47
1 2 28 37
1 2 44 38
1 2 86 26
1 2 55 74
1 2 86 42
1 2 86 96
1 3 68 76
1 10 52 20
1 2 65 52
1 2 28 86
1 2 22 40
1 2 71 75
1 2 5 87
1 2 52 87
1 2 58 48
1 2 17 71
1 2 72 77
1 2 75 79
1 2 30 8
1 2 36 36
1 2 10 12
1 2 78 33
1 2 79 70
1 3 48 64
1 5 23 81
1 2 74 78
1 2 54 88
1 2 73 87
1 4 10 9
1 2 30 88
1 2 38 88
1 2 74 11
1 2 63 63
1 4 48 9
1 2 93 89
1 2 83 70
1 2 88 62
1 2 60 82
1 3 17 69
1 2 47 52
1 2 22 44
1 2 46 87
1 2 36 43
1 2 84 52
1 2 8 23
1 2 20 19
1 4 10 34
1 2 55 79
1 2 33 71
1 2 64 4
1 2 78 29
1 2 61 56
2 4 40 8
2 2 10 12
2 4 52 91
2 4 92 30
2 2 72 34
2 2 70 60
2 6 52 10
2 2 46 78
2 2 44 49
2 4 37 66
2 4 78 45
2 6 42 15
2 2 4 45
2 2 86 40
2 4 84 5
2 2 51 97
2 2 66 39
2 2 67 89
2 2 6 13
2 4 48 55
2 2 34 46
2 2 30 43
2 2 10 67
2 2 70 70
2 2 46 34
2 7 73 54
2 2 18 40
2 2 54 63
2 2 84 44
2 3 43 57
2 2 62 34
2 2 10 30
2 2 79 86
2 2 42 15
2 6 24 15
2 2 36 35
2 2 44 96
2 2 24 65
2 2 72 35
2 2 74 23
2 6 4 47
2 2 12 8
2 4 14 37
2 2 32 15
2 2 32 44
2 2 68 28
2 2 12 35
2 4 70 21
2 6 10 78
2 2 20 31
2 4 84 31
2 2 42 100
2 2 32 38
2 2 64 81
2 2 61 76
2 2 26 60
2 4 74 18
2 10 78 3
2 6 74 33
2 2 56 39
2 2 50 1
2 2 78 1
2 6 22 5
2 2 90 41
2 2 72 52
2 16 22 35
2 2 3 79
2 2 38 90
2 2 12 39
2 2 6 7
2 4 52 32
2 2 16 19
2 2 74 7
2 2 24 26
2 2 50 3
2 2 44 32
2 2 58 15
2 2 12 17
2 2 54 6
2 2 24 12
2 2 66 10
2 2 77 53
2 2 84 47
2 2 8 21
2 2 52 10
2 2 78 38
2 2 42 17
2 2 52 47
2 4 62 23
2 3 68 73
2 2 26 10
2 2 85 68
2 2 2 35
2 3 13 78
2 2 64 9
2 2 28 17
2 2 74 44
2 4 78 17
2 4 66 2
2 2 45 52
2 2 51 77
2 4 54 44
2 2 34 85
2 2 10 100
2 4 73 78
2 4 78 15
2 2 27 85
2 4 38 99
2 4 74 48
2 8 30 24
2 2 46 16
2 2 22 18
2 2 18 4
2 2 46 88
2 4 2 38
2 3 32 50
2 2 35 96
2 2 18 24
2 4 56 45
2 8 4 17
2 2 34 10
2 2 34 38
2 4 22 48
2 3 18 60
2 2 66 50
2 6 30 45
2 4 24 43
2 2 62 7
2 2 90 39
2 2 50 8
2 2 12 54
2 2 8 45
2 2 54 15
2 2 1 83
2 2 54 39
2 2 85 88
2 2 29 73
2 2 72 24
2 2 58 38
2 3 21 54
2 4 4 39
2 4 70 9
2 2 46 42
2 3 23 76
2 2 56 44
2 2 8 60
2 2 8 4
2 2 32 20
2 2 82 1
2 2 80 23
2 2 27 79
2 2 84 27
2 2 81 58
2 2 59 97
2 6 72 29
2 2 84 90
2 2 50 12
2 2 89 92
2 4 30 9
2 2 46 17
2 2 64 40
2 5 65 57
2 3 7 78
2 2 29 84
2 4 42 37
2 2 23 70
2 4 42 43
2 2 20 7
2 4 24 33
2 4 84 50
2 2 14 14
2 2 74 25
2 2 2 43
2 2 20 26
2 4 10 44
2 4 76 29
2 3 30 54
2 2 58 47
2 3 49 51
2 4 16 45
2 4 6 2
2 2 31 71
2 2 22 31
2 2 34 21
2 4 4 22
2 2 6 35
2 3 55 53
2 2 83 60
2 4 92 11
2 2 58 27
2 2 46 99
2 2 14 48
2 4 6 87
2 3 51 54
2 3 40 84
2 2 76 36
2 2 14 23
2 4 48 45
2 2 43 60
2 4 26 72
2 2 28 1
2 2 28 14
2 6 76 33
2 2 60 27
2 2 64 62
2 2 48 24
2 4 44 73
2 2 34 89
2 2 74 2
2 2 80 14
2 2 9 51
2 2 18 43
2 2 60 11
2 2 6 20
2 2 70 13
2 2 58 42
2 4 26 27
2 7 16 50
2 4 79 88
2 2 6 30
2 2 52 28
2 10 46 40
2 2 80 8
2 2 74 69
2 2 46 91
2 2 16 7
2 4 70 39
2 2 86 32
2 2 80 2
2 2 30 19
2 8 28 40
2 8 68 41
2 4 24 20
2 2 53 74
2 2 70 16
2 2 17 90
2 2 32 24
2 2 22 57
2 2 50 16
2 4 60 6
2 4 46 33
2 2 8 18
2 2 8 14
2 2 8 23
2 2 36 21
2 2 67 77
2 2 74 50
2 2 22 40
2 3 12 63
2 2 38 45
2 2 20 16
2 2 18 40
2 2 48 31
2 2 14 33
2 2 66 69
2 4 10 16
2 3 5 80
2 2 16 32
2 2 54 73
2 4 64 13
2 2 42 19
2 2 52 96
2 2 6 48
2 2 68 95
2 2 26 2
2 2 58 28
2 2 85 96
2 4 40 31
2 2 34 35
2 2 42 40
2 2 58 90
2 2 29 51
2 2 43 54
2 2 5 57
2 2 76 28
2 2 81 52
2 2 80 28
2 2 22 29
2 2 54 47
2 2 83 71
2 2 14 48
2 3 10 90
2 2 4 10
2 2 54 10
2 2 52 17
2 2 70 30
2 2 13 92
2 3 12 68
2 2 32 69
2 4 12 24
2 2 42 46
2 2 62 92
2 2 58 93
2 3 24 86
2 2 24 50
2 2 68 33
2 4 60 33
2 2 19 87
2 2 71 57
2 2 72 12
2 3 48 66
2 2 18 23
2 2 62 21
2 2 24 39
2 2 88 63
2 2 10 10
2 2 46 71
2 3 46 50
2 2 23 79
2 2 46 45
2 3 86 96
2 2 36 47
2 2 50 14
2 4 3 75
2 2 56 30
2 2 70 19
2 2 47 60
2 2 77 88
2 4 62 36
2 2 44 86
2 2 89 86
2 2 40 28
2 2 36 28
2 4 56 8
2 2 90 74
2 2 54 91
2 2 32 44
2 2 64 77
2 3 55 57
2 2 49 89
2 2 78 28
2 3 45 81
2 3 25 82
2 6 58 38
2 2 92 83
2 2 54 3
2 8 46 29
2 2 15 63
2 2 78 55
2 2 24 37
2 2 56 1
2 2 59 63
2 2 58 41
2 2 30 77
2 2 63 57
2 2 29 81
2 2 38 10
2 2 2 90
2 2 57 55
2 2 69 75
2 2 78 58
2 2 54 26
2 2 33 56
2 2 33 52
2 2 4 49
2 2 60 83
2 2 42 48
2 2 14 6
2 2 4 29
2 6 34 19
2 2 70 22
2 2 72 64
2 2 76 90
2 5 11 97
2 2 35 55
2 2 66 99
2 2 48 29
2 2 77 96
2 2 55 96
2 2 34 30
2 2 24 6
2 2 86 56
2 2 10 41
3 2 58 8
3 2 45 69
3 4 37 67
3 3 31 64
3 3 75 99
3 2 64 53
3 2 6 59
3 2 81 86
3 2 33 56
3 2 70 50
3 2 70 32
3 2 62 9
3 2 28 48
3 2 42 3
3 2 10 9
3 8 28 23
3 2 62 41
3 2 4 1
3 4 26 29
3 2 42 9
3 2 38 89
3 2 68 28
3 2 48 36
3 2 22 23
3 2 34 37
3 2 12 49
3 2 72 72
3 2 32 13
3 2 26 73
3 2 84 63
3 10 24 18
3 3 39 66
3 2 21 77
3 2 54 33
3 8 32 16
3 3 41 64
3 2 16 18
3 2 67 68
3 2 56 38
3 2 64 4
3 2 43 79
3 2 64 29
3 2 3 55
3 2 58 4
3 2 20 47
3 2 26 85
3 6 54 3
3 4 22 41
3 2 20 16
3 2 56 17
3 2 44 2
3 2 16 27
3 2 35 85
3 3 7 66
3 4 60 6
3 4 32 49
3 2 14 46
3 2 66 18
3 2 10 16
3 4 51 81
3 2 38 18
3 2 92 84
3 2 14 69
3 2 12 29
3 2 83 84
3 3 48 97
3 2 38 55
3 4 62 32
3 2 36 40
3 2 56 24
3 2 14 8
3 2 7 69
3 4 64 20
3 3 2 50
3 3 43 77
3 2 38 36
3 2 20 35
3 2 48 43
3 2 58 30
3 3 32 60
3 2 82 68
3 2 69 86
3 2 58 39
3 2 8 36
3 2 24 31
3 2 78 97
3 2 88 74
3 2 58 24
3 2 46 89
3 2 38 75
3 2 6 14
3 4 32 6
3 2 20 18
3 2 44 8
3 2 42 45
3 2 70 34
3 4 16 42
3 2 58 71
3 2 48 16
3 2 54 28
3 2 2 9
3 2 14 36
3 2 20 36
3 3 62 53
3 6 28 68
3 2 71 54
3 3 77 100
3 2 72 37
3 2 8 6
3 6 54 20
3 2 50 13
3 2 32 16
3 4 46 25
3 2 68 97
3 2 32 41
3 4 55 81
3 4 10 44
3 2 62 14
3 2 73 84
3 2 40 47
3 10 50 22
3 2 52 96
3 2 30 75
3 3 63 96
3 2 22 8
3 2 26 6
3 2 18 93
3 4 58 18
3 2 26 50
3 2 68 91
3 2 38 26
3 4 16 40
3 2 24 81
3 2 38 7
3 2 4 21
3 2 48 44
3 2 46 36
3 2 34 3
3 2 40 50
3 2 18 23
3 2 13 92
3 4 62 41
3 2 60 38
3 2 64 31
3 6 4 47
3 2 64 24
3 2 38 93
3 6 36 31
3 3 16 96
3 4 26 11
3 2 60 28
3 2 17 80
3 2 4 15
3 2 43 64
3 2 38 39
3 2 8 58
3 2 23 97
3 2 31 71
3 2 52 47
3 2 22 62
3 2 20 7
3 2 18 14
3 4 40 23
3 2 18 9
3 2 1 85
3 2 70 4
3 2 25 54
3 2 42 19
3 2 59 61
3 2 18 41
3 2 72 55
3 4 2 41
3 2 50 39
3 2 78 49
3 4 36 43
3 2 18 17
3 4 30 25
3 2 83 98
3 2 10 15
3 2 66 37
3 2 66 94
3 2 30 98
3 2 80 86
3 2 34 33
3 2 71 79
3 2 58 11
3 2 87 87
3 2 40 10
3 2 38 30
3 2 44 18
3 6 54 10
3 2 37 72
3 2 49 57
3 2 60 3
3 2 16 67
3 2 12 7
3 2 30 7
3 2 22 27
3 2 52 26
3 4 34 39
3 2 16 35
3 2 13 90
3 2 54 26
3 4 12 78
3 2 54 62
3 3 1 59
3 8 35 94
3 2 58 43
3 2 46 41
3 2 48 6
3 6 10 33
3 4 26 33
3 4 19 89
3 2 14 83
3 2 2 22
3 2 47 86
3 3 22 85
3 4 60 50
3 2 16 61
3 2 62 93
3 2 42 10
3 2 2 12
3 2 59 63
3 2 34 14
3 3 21 81
3 2 73 51
3 2 2 31
3 2 44 42
3 2 74 95
3 2 56 55
3 2 24 39
3 2 69 58
3 2 58 7
3 2 42 7
3 2 70 3
3 2 8 41
3 3 18 79
3 4 14 33
3 2 59 90
3 2 52 49
3 2 20 60
3 6 44 6
3 2 17 63
3 2 66 32
3 2 8 43
3 2 30 46
3 2 2 34
3 3 48 76
3 2 41 85
3 3 38 75
3 2 35 69
3 3 73 73
3 4 12 23
3 6 6 46
3 4 26 36
3 2 6 18
3 4 8 38
3 3 22 89
3 4 36 49
3 6 12 4
3 4 34 41
3 2 26 18
3 2 50 85
3 3 28 86
3 2 54 22
3 4 40 16
3 2 46 50
3 2 74 81
3 2 71 62
3 4 66 12
3 2 58 74
3 2 36 14
3 3 79 70
3 3 40 72
3 2 78 25
3 4 58 48
3 3 65 88
3 8 16 5
3 6 42 28
3 6 20 1
3 2 42 32
3 2 8 19
3 6 60 13
3 2 49 99
3 2 34 25
3 2 66 53
3 2 32 49
3 2 5 84
3 2 66 44
3 2 8 11
3 4 46 38
3 5 45 75
3 2 33 52
3 2 38 48
3 2 48 25
3 2 50 30
3 2 75 56
3 12 24 47
3 2 71 93
3 2 56 47
3 2 38 32
3 2 62 37
3 5 50 94
3 2 16 48
3 2 36 3
3 2 50 77
3 2 44 60
3 2 42 66
3 2 38 21
3 2 36 1
3 2 8 14
3 2 24 64
3 2 41 70
3 2 10 12
3 2 25 87
3 2 43 97
3 2 70 1
3 3 58 77
3 2 28 32
3 2 68 22
3 2 75 51
3 2 34 16
3 2 20 45
3 2 4 22
3 4 21 78
3 2 66 42
3 3 36 89
3 2 18 6
3 2 36 28
3 2 16 3
3 2 61 78
3 2 62 44
3 2 58 8
3 2 46 89
3 3 56 65
3 2 57 65
3 5 7 83
3 4 6 89
3 2 58 22
3 2 40 27
3 2 12 27
3 2 67 65
3 6 16 85
3 2 12 11
3 2 73 61
3 4 55 80
3 2 49 59
3 2 42 35
3 2 63 69
3 2 66 60
3 2 6 42
3 2 46 14
4 8 38 8
4 2 26 40
4 6 62 43
4 2 13 72
4 2 40 10
4 2 6 12
4 5 14 49
4 3 49 66
4 4 40 46
4 2 22 20
4 2 14 14
4 2 4 36
4 2 20 49
4 2 12 23
4 2 2 38
4 2 43 64
4 2 42 32
4 2 46 27
4 3 76 71
4 3 60 77
4 2 3 59
4 2 62 48
4 2 52 4
4 8 24 13
4 3 43 81
4 2 46 18
4 2 39 95
4 3 79 69
4 2 11 79
4 4 13 52
4 2 22 7
4 4 68 42
4 4 58 87
4 2 28 50
4 2 40 33
4 2 58 26
4 2 6 35
4 6 30 47
4 2 44 38
4 2 6 5
4 2 38 44
4 4 44 6
4 2 42 4
4 2 64 20
4 3 9 83
4 2 34 69
4 2 32 62
4 2 44 79
4 2 26 49
4 2 12 6
4 8 36 21
4 8 50 23
4 2 54 31
4 2 74 93
4 2 2 7
4 2 8 13
4 2 30 35
4 2 24 11
4 2 72 59
4 2 54 42
4 6 20 47
4 2 50 56
4 2 46 8
4 3 5 93
4 8 60 4
4 4 52 33
4 2 42 6
4 2 6 33
4 4 42 30
4 2 40 96
4 4 52 8
4 7 39 81
4 5 20 96
4 3 24 55
4 2 54 53
4 2 6 49
4 2 56 49
4 2 72 2
4 2 2 73
4 2 22 23
4 2 6 82
4 2 10 28
4 2 28 25
4 2 75 95
4 2 42 59
4 2 47 77
4 4 4 88
4 2 6 87
4 2 27 66
4 6 60 22
4 2 34 94
4 2 52 41
4 2 16 40
4 2 44 53
4 6 14 34
4 4 24 1
4 2 16 29
4 2 50 66
4 20 42 12
4 4 4 26
4 2 70 1
4 2 55 93
4 2 72 70
4 2 46 17
4 2 18 36
4 2 16 8
4 2 1 82
4 2 52 25
4 4 44 14
4 2 8 4
4 2 37 58
4 2 20 4
4 2 17 89
4 2 22 37
4 2 20 9
4 4 52 18
4 2 48 11
4 2 42 2
4 2 18 8
4 2 56 7
4 2 45 98
4 2 74 25
4 2 42 43
4 2 25 56
4 4 26 15
4 3 69 87
4 2 12 29
4 10 18 27
4 2 56 25
4 2 40 13
4 2 73 64
4 10 28 20
4 2 16 3
4 2 66 91
4 2 72 74
4 2 48 83
4 2 66 26
4 2 73 85
4 10 48 42
4 2 14 43
4 3 39 83
4 2 62 3
4 3 64 84
4 2 34 24
4 10 12 46
4 2 30 41
4 4 54 17
4 2 46 49
4 2 26 8
4 4 28 49
4 3 53 92
4 4 32 28
4 4 38 26
4 4 50 29
4 8 10 33
4 5 34 49
4 2 2 1
4 2 28 1
4 6 30 14
4 2 79 59
4 4 28 37
4 4 42 46
4 6 16 23
4 2 16 37
4 2 4 45
4 2 2 17
4 2 22 43
4 2 65 62
4 2 14 13
4 3 55 64
4 6 28 10
4 2 30 21
4 2 50 4
4 2 81 82
4 4 18 32
4 2 54 98
4 2 10 44
4 2 6 24
4 2 18 42
4 4 52 12
4 4 60 1
4 2 34 27
4 3 44 94
4 2 50 63
4 2 42 21
4 3 71 96
4 6 50 38
4 2 11 57
4 2 48 5
4 2 60 31
4 2 22 45
4 4 6 2
4 4 57 98
4 3 4 72
4 2 2 12
4 2 18 16
4 2 50 36
4 2 4 99
4 2 4 10
4 2 65 69
4 2 38 10
4 2 30 55
4 4 26 27
4 2 68 57
4 3 67 64
4 2 14 28
4 4 58 32
4 2 28 31
4 10 32 5
4 2 48 24
4 2 15 89
4 2 39 55
4 2 10 2
4 5 26 74
4 8 46 2
4 2 22 89
4 2 30 71
4 2 36 41
4 2 10 5
4 3 21 98
4 2 74 73
4 2 30 19
4 2 6 22
4 2 31 55
4 2 11 59
4 2 67 61
4 2 2 34
4 2 32 40
4 2 64 80
4 4 10 14
4 2 17 92
4 2 52 85
4 4 15 51
4 2 22 52
4 2 4 23
4 3 61 67
4 2 69 51
4 2 46 17
4 2 18 69
4 2 71 57
4 2 46 9
4 2 20 19
4 10 20 38
4 3 26 99
4 8 18 44
4 2 14 49
4 2 2 21
4 3 43 83
4 2 20 13
4 4 14 16
4 3 52 62
4 2 12 18
4 2 30 57
4 2 30 32
4 2 41 57
4 2 38 15
4 3 8 98
4 2 46 61
4 2 50 22
4 2 59 82
4 2 23 85
4 2 39 58
4 6 4 48
4 10 44 36
4 4 19 53
4 2 14 20
4 2 10 34
4 14 24 29
4 2 10 12
4 2 38 39
4 3 54 78
4 4 55 74
4 4 40 48
4 2 6 17
4 3 72 58
4 2 17 78
4 3 63 53
4 4 16 6
4 4 52 34
4 6 36 33
4 6 34 48
4 2 40 37
4 4 8 16
4 2 40 93
4 2 36 28
4 2 21 59
4 2 29 53
4 4 10 92
4 3 28 75
4 2 50 12
4 2 74 98
4 2 51 53
4 2 10 27
4 2 63 70
4 2 24 74
4 3 55 82
4 6 32 96
4 2 68 80
4 2 14 4
4 2 40 73
4 2 42 9
4 2 60 20
4 2 2 65
4 18 22 67
4 4 36 24
4 4 44 14
4 2 6 9
4 2 46 92
4 2 60 11
4 2 44 68
4 2 48 23
4 5 8 73
4 2 5 89
4 4 22 22
4 2 14 17
4 2 46 34
4 2 42 35
4 2 42 25
4 2 70 91
4 2 35 94
4 2 16 10
4 2 12 12
4 2 22 17
4 3 47 79
4 2 48 74
4 2 28 62
4 4 28 38
4 2 26 48
4 2 41 58
4 2 39 76
4 2 50 30
4 2 9 69
4 2 30 93
4 4 56 25
4 2 63 64
4 2 22 3
4 3 51 69
4 4 7 55
4 2 15 54
4 2 28 28
4 2 30 3
4 2 20 4
4 4 61 87
4 2 10 73
4 2 24 47
4 3 40 54
4 3 62 67
4 4 24 33
4 5 42 50
4 2 38 2
4 2 26 70
4 2 40 18
4 2 20 18
4 3 16 51
4 2 34 36
4 2 63 66
4 10 12 39
4 2 10 21
4 2 50 95
4 2 23 88
4 2 54 53
4 2 42 17
4 3 56 75
4 2 32 31
4 2 61 97
4 2 14 35
4 2 27 64
4 5 42 67
4 3 31 77
4 2 14 2
4 2 60 68
4 2 48 8
4 2 55 89
4 2 36 19
4 2 62 60
4 2 34 12
4 6 8 19
4 4 34 18
4 2 43 66
4 2 42 89
4 2 18 25
4 2 8 54
4 2 26 32
4 2 58 26
4 5 32 74
4 3 57 96
4 2 70 66
4 2 45 55
4 2 60 75
5 10 8 48
5 2 68 57
5 2 34 66
5 4 38 39
5 2 18 57
5 2 18 24
5 2 14 68
5 2 18 28
5 2 60 77
5 2 8 17
5 2 22 52
5 2 46 9
5 2 30 40
5 10 22 3
5 2 63 55
5 2 16 84
5 2 6 37
5 4 45 57
5 8 56 5
5 2 50 10
5 2 20 14
5 4 20 82
5 2 72 86
5 2 52 67
5 6 38 48
5 2 48 86
5 2 21 82
5 4 28 28
5 4 32 25
5 2 63 52
5 2 40 7
5 4 4 22
5 2 10 43
5 2 8 11
5 2 2 10
5 3 4 79
5 2 66 80
5 4 40 11
5 2 36 54
5 4 4 3
5 2 52 69
5 4 14 44
5 2 21 89
5 2 43 98
5 3 33 95
5 3 17 90
5 2 50 2
5 6 22 29
5 4 50 15
5 2 34 45
5 2 5 66
5 4 40 19
5 10 28 42
5 2 61 86
5 4 49 59
5 2 52 9
5 2 2 7
5 2 51 83
5 8 28 19
5 10 14 24
5 5 18 52
5 2 14 21
5 2 10 1
5 2 14 36
5 4 62 73
5 6 14 48
5 2 6 13
5 8 26 2
5 2 62 80
5 3 5 76
5 2 22 27
5 4 12 20
5 2 8 6
5 2 12 42
5 10 16 12
5 4 32 6
5 2 46 27
5 4 36 34
5 2 4 19
5 2 20 39
5 4 2 24
5 2 55 90
5 2 55 99
5 4 20 42
5 2 46 44
5 2 40 54
5 6 44 76
5 3 40 50
5 2 34 30
5 2 6 5
5 6 6 43
5 2 40 70
5 2 38 6
5 2 20 36
5 4 24 5
5 2 46 11
5 2 25 73
5 2 16 80
5 2 46 20
5 2 61 65
5 4 9 75
5 2 12 11
5 2 44 1
5 2 8 55
5 2 17 53
5 5 60 89
5 8 32 16
5 4 53 89
5 4 42 5
5 2 4 6
5 2 22 33
5 2 8 40
5 4 38 30
5 4 20 18
5 2 14 9
5 2 44 4
5 4 30 11
5 2 46 7
5 2 16 11
5 6 10 45
5 3 56 70
5 2 10 41
5 2 50 32
5 2 12 73
5 10 28 48
5 2 73 60
5 2 50 34
5 2 46 4
5 2 20 34
5 2 26 22
5 4 4 39
5 6 16 43
5 2 27 67
5 2 24 20
5 2 8 14
5 3 26 81
5 4 46 60
5 2 44 30
5 2 28 36
5 4 64 95
5 3 40 96
5 2 44 8
5 2 65 100
5 2 26 44
5 2 38 35
5 2 56 22
5 4 16 46
5 8 51 77
5 3 27 89
5 2 16 5
5 3 53 79
5 2 40 49
5 2 22 38
5 2 48 11
5 2 14 24
5 6 53 93
5 4 10 23
5 2 20 1
5 2 30 24
5 18 26 15
5 2 6 3
5 2 14 62
5 2 36 36
5 2 65 72
5 2 32 64
5 2 13 64
5 2 40 35
5 2 44 35
5 3 33 97
5 2 57 96
5 2 34 39
5 2 50 27
5 2 47 55
5 2 60 68
5 2 32 10
5 4 63 64
5 5 43 54
5 2 30 49
5 2 18 24
5 4 12 37
5 2 16 49
5 2 70 92
5 2 32 28
5 2 28 54
5 6 4 45
5 2 22 4
5 2 6 26
5 3 11 95
5 2 25 91
5 4 26 14
5 2 46 26
5 2 51 87
5 5 22 64
5 2 30 88
5 2 2 36
5 2 36 4
5 2 65 92
5 8 10 8
5 2 22 16
5 2 46 57
5 2 48 91
5 2 31 56
5 2 30 16
5 4 46 41
5 2 24 39
5 2 61 56
5 2 40 2
5 2 16 25
5 2 6 16
5 2 32 37
5 2 59 98
5 2 76 62
5 2 26 3
5 2 28 23
5 2 40 42
5 2 10 25
5 2 40 26
5 2 38 1
5 2 38 25
5 2 38 12
5 2 34 62
5 2 26 12
5 2 60 99
5 2 12 8
5 2 20 12
5 2 53 72
5 2 34 13
5 3 31 59
5 2 28 41
5 2 24 46
5 4 36 15
5 6 30 29
5 2 16 7
5 2 32 60
5 2 38 37
5 6 10 49
5 2 4 10
5 2 16 34
5 2 6 18
5 4 24 8
5 3 48 64
5 8 36 50
5 2 24 33
5 5 11 78
5 2 66 86
5 3 46 72
5 3 3 61
5 2 22 25
5 2 70 92
5 2 14 19
5 2 31 87
5 2 12 78
5 8 4 31
5 2 42 27
5 4 44 83
5 4 56 67
5 2 56 76
5 2 31 74
5 2 18 31
5 2 62 97
5 3 49 73
5 7 43 73
5 2 39 95
5 4 8 29
5 2 4 24
5 2 37 91
5 2 36 23
5 2 21 97
5 2 53 65
5 2 15 68
5 6 16 21
5 3 4 68
5 4 24 32
5 2 30 44
5 4 40 32
5 3 15 100
5 2 2 18
5 2 35 60
5 4 14 30
5 2 52 96
5 2 42 22
5 4 28 2
5 2 24 65
5 4 14 26
5 4 36 42
5 4 46 22
5 4 26 1
5 2 26 52
5 5 41 79
5 2 24 17
5 2 33 81
5 2 40 28
5 2 25 63
5 2 36 22
5 2 7 65
5 10 12 34
5 4 5 52
5 10 20 9
5 2 55 60
5 2 36 38
5 3 36 56
5 2 22 78
5 2 28 13
5 2 69 94
5 2 6 61
5 2 8 21
5 2 50 99
5 4 42 91
5 2 42 31
6 4 18 41
6 2 8 15
6 2 12 44
6 3 29 53
6 3 2 76
6 2 18 36
6 2 48 26
6 2 22 16
6 4 6 46
6 8 8 95
6 2 56 73
6 3 41 77
6 2 12 5
6 2 28 90
6 2 59 71
6 2 10 1
6 3 25 53
6 4 12 42
6 8 4 42
6 6 26 39
6 2 24 17
6 2 45 91
6 2 12 40
6 3 24 87
6 2 17 77
6 3 23 90
6 5 40 98
6 2 38 10
6 3 28 76
6 6 22 36
6 6 24 28
6 2 39 73
6 2 16 21
6 2 32 49
6 2 6 16
6 6 20 39
6 2 43 92
6 2 25 58
6 2 26 41
6 5 40 62
6 3 13 53
6 8 26 35
6 6 4 6
6 2 20 25
6 2 12 22
6 2 18 22
6 2 4 13
6 5 53 91
6 3 36 66
6 2 32 42
6 10 36 34
6 4 4 11
6 2 14 24
6 2 26 18
6 2 28 18
6 5 24 68
6 14 10 30
6 7 56 94
6 8 30 31
6 5 15 86
6 2 22 95
6 3 57 80
6 6 6 20
6 8 22 49
6 2 31 67
6 2 22 8
6 2 2 47
6 8 34 32
6 2 24 26
6 2 38 26
6 4 38 4
6 2 41 83
6 2 10 96
6 2 24 74
6 2 36 43
6 2 57 63
6 12 18 7
6 4 10 23
6 3 20 57
6 3 17 98
6 4 47 68
6 2 4 37
6 2 46 53
6 8 18 32
6 2 11 88
6 2 10 20
6 4 36 38
6 3 34 50
6 3 35 89
6 3 32 74
6 6 34 26
6 4 30 34
6 3 56 61
6 2 10 3
6 2 36 27
6 6 12 38
6 5 20 62
6 2 1 54
6 2 24 22
6 2 22 50
6 4 38 41
6 2 17 92
6 2 26 43
6 8 34 13
6 2 20 29
6 2 9 51
6 2 20 41
6 2 4 6
6 3 35 97
6 2 18 84
6 2 4 48
6 3 24 87
6 4 28 86
6 2 17 54
6 6 18 3
6 2 16 47
6 20 8 4
6 10 6 24
6 2 22 32
6 6 13 91
6 2 12 10
6 8 42 55
6 3 33 60
6 2 34 59
6 4 62 99
6 4 2 15
6 3 40 66
6 2 28 13
6 2 2 38
6 2 40 69
6 6 22 1
6 2 32 64
6 2 12 23
6 5 52 72
6 2 10 82
6 5 58 81
6 2 65 84
6 3 49 97
6 2 4 17
6 2 26 1
6 2 8 12
6 6 12 5
6 12 22 6
6 20 30 47
6 7 48 71
6 16 14 31
6 2 22 6
6 4 25 51
6 2 17 58
6 2 12 20
6 6 32 28
6 2 14 29
6 2 22 30
6 2 8 56
6 6 8 8
6 5 34 76
6 2 42 91
6 2 18 5
6 10 18 3
6 2 4 22
6 2 51 89
6 4 8 37
6 2 2 8
6 5 20 73
6 2 40 27
6 4 60 63
6 4 3 78
6 22 14 48
6 2 37 55
6 2 18 28
6 8 22 12
6 5 13 64
6 2 10 46
6 4 33 57
6 2 22 47
6 2 6 47
6 2 8 40
6 2 22 18
6 2 28 7
6 2 56 59
6 3 12 72
6 2 41 65
6 2 22 7
6 2 36 37
6 3 20 94
6 2 12 25
6 3 54 62
6 2 22 9
6 2 48 64
6 8 4 29
6 2 8 1
6 2 21 66
6 2 24 42
6 2 30 2
6 3 15 84
6 18 16 17
6 4 54 56
6 2 15 81
6 3 4 99
6 2 48 81
6 2 26 35
6 3 11 70
6 2 14 20
6 2 7 83
6 2 20 90
6 2 12 28
6 4 26 11
6 2 33 89
6 4 28 9
6 3 2 92
6 2 22 81
6 3 38 91
6 2 24 19
6 2 42 92
6 2 10 24
6 2 51 97
6 2 50 65
6 2 8 25
6 2 16 23
6 2 14 13
6 3 47 84
6 2 25 79
6 2 26 42
6 2 43 81
6 2 8 4
6 2 49 86
6 2 32 62
6 4 45 61
6 4 28 45
6 2 5 99
6 2 53 97
6 2 45 64
6 4 12 12
6 2 57 94
6 2 10 62
6 4 41 74
6 14 16 42
6 2 18 95
6 3 32 83
6 2 65 93
6 2 55 67
6 2 22 27
6 3 9 85
6 2 5 90
6 3 18 82
6 2 42 85
6 2 16 8
6 2 4 25
6 2 22 5
6 3 23 77
6 2 43 90
6 2 64 84
6 6 26 22
6 2 28 76
6 2 4 74
6 4 14 24
6 2 30 44
6 2 33 92
6 2 34 87
6 2 62 58
6 6 22 85
6 3 25 86
6 2 20 45
6 2 28 9
6 2 48 52
6 2 47 69
6 3 24 81
6 2 6 16
6 2 18 11
6 2 29 55
6 2 19 78
6 6 18 20
6 2 37 52
6 2 40 79
6 2 34 86
6 2 40 70
6 2 8 19
6 2 22 21
6 2 4 38
6 2 26 41
6 4 30 98
6 7 16 64
6 2 51 63
6 2 12 79
6 3 59 59
6 6 20 43
6 2 30 92
6 2 21 65
6 2 52 70
6 2 24 64
7 2 6 64
7 2 27 83
7 2 22 18
7 4 30 7
7 24 26 9
7 3 24 55
7 2 30 74
7 2 45 84
7 4 18 75
7 2 28 2
7 2 43 71
7 6 19 79
7 2 38 71
7 2 24 4
7 2 30 11
7 2 36 92
7 2 24 7
7 2 12 57
7 2 30 1
7 2 41 75
7 3 19 62
7 2 19 66
7 3 14 96
7 10 6 42
7 2 13 99
7 2 31 75
7 2 18 47
7 2 5 89
7 2 24 19
7 2 6 39
7 2 28 23
7 7 23 74
7 5 3 85
7 3 65 93
7 2 40 61
7 4 5 92
7 2 22 22
7 2 15 55
7 2 7 85
7 2 3 88
7 3 38 54
7 3 14 85
7 2 1 94
7 10 30 80
7 2 52 93
7 3 25 58
7 2 16 72
7 2 51 71
7 4 30 22
7 2 46 57
7 2 36 26
7 2 38 26
7 12 16 21
7 6 34 81
7 4 39 67
7 2 44 99
7 6 38 37
7 2 7 91
7 2 16 48
7 2 30 20
7 2 52 56
7 2 37 87
7 2 49 52
7 6 55 60
7 2 28 62
7 130 22 34
7 2 59 56
7 3 41 87
7 2 41 65
7 2 17 92
7 10 14 23
7 4 34 76
7 3 43 86
7 2 3 61
7 4 20 35
7 2 34 86
7 2 53 56
7 8 17 62
7 2 10 39
7 2 23 62
7 5 43 60
7 2 18 86
7 4 36 64
7 2 32 60
7 3 31 84
7 22 22 43
7 78 22 1
7 3 17 89
7 2 55 67
7 3 19 52
7 8 30 26
7 2 22 44
7 3 46 70
7 2 4 55
7 2 26 20
7 2 50 62
7 2 6 35
7 2 23 65
7 7 21 92
7 2 23 55
7 2 16 19
7 2 37 74
7 2 4 79
7 2 12 53
7 2 40 62
7 2 27 65
7 2 38 54
7 3 37 59
7 4 25 95
7 2 49 78
7 2 34 73
7 3 34 60
7 2 20 81
7 4 28 41
7 2 22 52
7 134 28 14
7 2 12 1
7 4 3 52
7 4 4 56
7 4 37 91
7 2 38 93
7 2 9 58
7 2 36 56
7 2 2 19
7 3 10 67
7 8 8 23
7 2 30 62
7 2 26 87
7 2 20 19
7 2 29 52
7 2 40 90
7 2 25 71
7 2 32 56
7 2 25 54
7 2 43 60
7 2 16 19
7 6 19 99
7 3 26 77
7 3 32 88
7 34 18 30
7 4 30 65
7 44 22 39
7 2 14 2
7 2 18 42
7 2 53 69
7 14 14 26
7 2 57 69
7 2 8 21
7 2 16 57
7 2 14 44
7 2 27 93
7 6 14 26
7 4 24 49
7 3 24 74
7 2 7 54
7 6 4 5
7 5 42 68
7 2 36 80
7 3 24 58
7 2 34 77
7 2 31 50
7 4 14 80
7 2 22 57
7 2 15 69
7 2 44 77
7 56 20 48
7 3 9 65
7 2 46 94
7 2 33 81
7 2 28 87
7 2 11 68
7 2 40 87
7 2 48 96
7 4 39 81
7 2 20 68
7 2 47 79
7 2 18 11
7 4 6 9
7 3 20 72
7 3 2 89
7 2 39 76
7 2 21 91
7 12 22 25
7 2 32 93
7 2 10 20
7 2 29 80
7 4 45 58
7 4 35 89
7 3 10 72
7 2 50 86
7 2 28 62
7 2 37 73
7 4 12 34
8 6 39 91
8 4 25 90
8 2 2 59
8 9 23 62
8 2 14 64
8 2 7 83
8 5 20 55
8 4 21 52
8 2 27 88
8 3 42 92
8 2 17 91
8 5 13 63
8 4 17 72
8 4 23 57
8 3 14 55
8 2 19 60
8 3 36 72
8 2 15 62
8 5 25 70
8 3 51 50
8 2 35 53
8 2 21 62
8 2 13 88
8 2 31 63
8 2 15 77
8 4 4 72
8 2 37 86
8 2 57 99
8 2 49 97
8 3 47 96
8 2 39 76
8 2 33 90
8 2 21 79
8 3 2 68
8 2 7 73
8 5 33 75
8 2 4 91
8 2 1 94
8 4 39 64
8 2 13 68
8 5 21 91
8 2 4 98
8 2 3 81
8 5 29 57
8 3 26 58
8 3 15 70
8 2 34 81
8 2 36 92
8 3 24 93
8 3 8 99
8 2 25 52
8 3 20 67
8 3 23 92
8 2 19 84
8 3 29 98
8 2 14 64
8 3 44 58
8 2 36 96
8 4 32 98
8 2 37 68
8 2 35 76
8 2 19 71
8 4 10 68
8 2 4 77
8 4 32 67
8 3 21 68
8 2 47 67
8 3 49 93
8 2 17 98
8 3 31 76
8 3 38 67
8 7 12 77
8 3 10 69
8 2 25 63
8 3 36 82
8 8 22 97
8 2 51 84
8 3 16 69
8 4 39 57
8 5 23 68
8 3 16 57
8 2 24 85
8 3 31 94
8 2 26 50
8 2 19 86
8 3 17 66
8 2 42 51
8 2 38 85
8 3 9 78
8 5 4 63
8 4 22 64
8 3 47 81
8 3 32 78
8 575 22 10
8 4 6 37
8 2 24 18
8 8 29 33
8 2 36 31
8 9 44 36
8 2 29 11
8 4 41 47
8 2 7 22
8 2 17 36
8 3 31 4
8 2 8 2
8 5 25 29
8 2 33 28
8 3 9 39
8 2 23 21
8 3 5 23
8 5 7 6
8 2 32 19
8 3 27 29
8 4 27 40
8 2 7 23
8 2 19 35
8 6 30 14
8 2 33 39
8 3 10 48
8 2 30 1
8 2 41 49
8 2 43 44
8 2 34 34
8 2 21 22
8 2 1 36
8 2 36 20
8 3 15 29
8 5 14 42
8 2 22 48
8 2 22 26
8 3 9 1
8 4 44 20
8 9 30 6
8 6 27 23
8 8 13 11
8 2 32 24
8 2 30 48
8 2 36 12
8 2 34 7
8 4 4 7
8 2 17 10
8 2 28 11
8 4 29 35
8 2 5 37
8 2 15 11
8 2 20 6
