29397
2497
2 14 28 35
2 14 62 39
8 12 20 27
7 12 50 9
4 12 28 12
4 12 74 33
7 10 48 26
3 10 44 23
3 10 42 47
8 10 26 19
2 10 20 38
5 10 16 8
7 10 8 34
5 10 8 43
3 10 36 18
1 10 82 45
6 10 84 46
4 10 52 5
7 14 56 6
7 10 86 40
7 10 4 28
5 10 74 32
6 10 70 29
2 12 58 27
7 8 94 32
4 8 72 43
1 8 70 6
5 8 66 3
6 8 78 47
1 8 62 49
5 10 76 48
4 9 72 48
8 8 68 22
3 8 60 23
7 8 66 31
5 8 56 29
8 8 58 40
7 10 58 37
5 8 50 1
8 8 88 19
5 8 70 29
7 8 54 28
5 8 40 9
2 8 68 8
3 10 70 6
8 8 46 4
6 8 46 17
5 8 46 4
5 10 74 5
2 8 78 3
3 8 44 16
2 8 88 30
7 8 52 16
4 8 80 3
6 8 38 7
2 8 30 23
6 8 42 23
7 8 88 22
6 8 58 22
4 12 60 24
2 8 30 14
7 10 32 16
7 8 34 1
7 8 38 2
6 8 30 32
2 8 42 15
2 8 48 31
4 8 22 39
5 8 78 15
3 8 54 39
2 14 72 41
7 8 28 27
5 8 54 14
2 8 60 39
7 8 60 25
7 8 20 23
4 8 68 22
6 8 20 30
1 8 32 29
3 8 16 47
4 10 50 47
4 10 40 29
1 8 66 43
7 8 36 26
1 8 6 34
4 8 6 33
2 8 4 17
6 8 8 3
5 8 74 22
6 8 44 5
4 8 38 19
1 8 4 15
4 8 64 15
4 8 48 15
2 10 70 15
7 10 60 15
6 7 37 85
4 7 25 66
8 7 61 68
6 7 22 64
2 7 81 54
8 7 66 56
2 11 68 57
2 7 17 51
7 8 14 50
2 8 48 50
2 6 78 34
6 6 75 94
4 7 82 97
3 6 74 20
1 6 74 31
8 6 70 10
2 6 70 45
8 8 80 43
1 8 68 45
7 6 70 43
3 6 70 41
8 6 69 87
4 6 66 14
4 6 70 25
3 6 64 20
2 6 60 1
2 6 60 30
3 6 60 32
2 8 64 33
3 6 60 38
6 6 60 26
4 6 60 48
2 6 72 48
5 6 66 39
5 6 58 11
2 6 60 10
4 6 60 12
3 8 76 12
2 6 72 13
6 6 70 12
8 8 80 11
4 8 78 11
1 8 70 12
2 6 56 5
6 6 64 6
1 6 64 4
7 6 72 3
3 6 56 26
8 6 58 25
7 6 70 24
1 6 58 26
4 6 56 25
8 6 66 24
8 6 58 26
5 6 56 27
6 6 56 31
5 6 78 48
3 6 54 3
8 6 52 34
3 6 48 8
6 12 54 34
2 8 48 9
5 6 50 11
8 6 46 37
4 8 44 38
1 6 46 40
6 8 58 38
8 6 44 13
1 6 46 13
6 6 48 39
7 6 52 35
8 6 54 38
5 6 52 39
7 6 50 39
8 6 60 41
3 6 44 16
3 6 60 14
5 10 60 15
2 6 50 15
7 6 64 35
5 6 46 18
5 6 44 42
4 6 44 12
3 6 44 13
6 6 56 13
5 6 44 25
6 6 52 24
7 6 60 23
7 6 42 1
1 6 42 27
1 6 72 18
1 6 38 11
6 6 38 13
1 6 42 11
5 6 40 13
6 6 62 41
7 8 68 43
8 6 42 12
1 6 38 45
2 6 38 19
8 6 40 39
3 6 40 39
3 6 68 47
7 6 74 49
5 6 36 1
6 8 62 1
1 6 36 19
2 6 36 19
1 6 44 19
1 10 52 20
8 6 34 6
3 6 44 6
4 6 38 37
3 6 40 36
1 6 44 6
2 6 38 39
2 8 40 37
4 8 56 34
3 6 36 93
3 6 34 68
2 6 72 21
7 6 32 34
5 8 56 35
7 6 42 37
4 6 30 28
3 6 42 29
1 6 30 34
6 8 50 34
4 6 28 31
6 6 30 49
3 6 30 32
2 6 32 9
4 6 44 8
4 6 46 30
8 6 42 9
2 6 28 40
4 6 32 40
6 6 48 41
3 6 46 41
4 8 68 42
2 8 46 42
8 6 54 5
1 6 28 43
5 8 44 42
3 6 32 49
6 6 35 51
6 6 36 41
7 6 26 1
6 6 38 3
7 6 22 10
2 6 34 10
4 8 32 10
8 6 28 10
1 8 34 9
8 6 34 10
3 6 24 1
7 6 22 14
6 6 22 95
3 6 20 4
2 10 20 5
6 6 52 49
4 6 40 41
4 6 20 4
1 10 28 4
8 6 20 10
4 6 26 8
3 6 22 10
6 6 22 5
4 6 30 3
7 8 30 4
4 8 24 4
7 6 48 6
8 6 26 4
7 6 24 10
5 6 20 30
4 6 38 29
4 6 30 1
3 12 28 1
5 6 22 3
1 6 20 36
7 6 70 36
1 6 36 29
3 6 18 87
2 6 20 48
7 6 46 50
2 6 50 46
6 6 54 45
2 8 54 43
6 8 54 43
6 6 50 46
5 6 20 48
4 6 42 28
6 6 44 26
2 6 42 28
4 6 16 46
8 6 44 44
4 8 52 46
3 6 14 14
6 6 30 16
4 6 14 28
8 6 30 26
2 6 12 23
4 6 46 46
7 6 46 45
8 6 50 36
5 6 12 25
1 6 12 40
5 6 34 41
2 6 26 38
6 8 26 40
8 8 30 42
1 6 48 37
3 6 60 37
6 6 12 37
4 8 26 40
7 6 8 27
1 8 10 29
2 6 30 44
7 6 36 25
3 6 8 32
3 8 34 29
8 6 8 41
7 6 14 42
3 8 14 42
5 6 6 3
8 6 28 29
4 6 8 48
5 7 8 49
5 6 26 47
6 6 6 25
6 6 6 42
7 6 4 13
5 8 20 13
4 6 10 2
1 6 34 1
6 10 10 1
4 6 26 15
1 6 20 11
6 6 18 1
4 10 32 2
7 6 10 15
6 6 26 4
8 6 10 35
2 6 28 5
3 8 28 6
7 6 32 35
3 6 40 36
1 6 44 7
8 6 22 34
5 6 40 34
2 6 20 15
7 6 8 36
2 12 38 33
5 6 4 32
8 8 42 30
6 8 52 32
4 6 8 33
2 6 4 47
1 6 26 16
7 6 4 85
7 8 69 83
6 6 35 86
5 6 18 33
8 6 18 34
6 6 16 46
1 6 14 45
2 6 18 45
5 8 18 44
1 6 32 16
8 6 16 45
4 6 20 43
8 6 46 47
4 6 32 17
4 6 44 17
1 5 72 58
4 6 91 58
1 6 91 60
7 7 73 60
8 5 68 58
1 5 43 57
8 5 36 63
4 5 29 69
6 7 64 68
7 6 62 67
7 5 30 62
3 5 29 80
4 5 28 55
1 5 23 80
3 5 73 97
3 5 24 80
3 7 53 78
5 5 29 81
4 6 47 81
7 6 46 84
8 6 50 79
6 5 9 96
4 5 21 96
2 6 40 96
4 6 36 94
8 6 56 93
6 5 3 76
6 6 48 74
7 5 16 50
4 5 14 51
7 5 50 74
1 5 44 52
7 6 78 52
2 5 62 50
4 5 22 49
4 5 79 87
2 5 88 87
6 4 97 89
5 4 86 86
6 4 83 58
5 4 83 89
1 4 82 73
4 5 82 75
8 4 93 65
1 4 79 55
8 4 80 72
5 6 80 73
1 4 79 96
3 5 89 99
3 4 78 68
1 4 78 78
7 4 72 85
8 4 70 18
1 4 70 21
8 4 70 23
4 4 68 18
7 4 68 69
7 4 66 7
5 4 66 92
3 4 65 65
5 4 64 19
4 4 68 20
3 4 85 55
4 4 62 66
4 5 66 67
6 6 63 66
6 5 79 63
7 4 62 19
5 4 79 98
2 4 63 91
7 4 64 20
8 4 61 89
5 7 90 89
3 4 60 18
8 4 60 20
4 4 60 33
5 4 60 86
3 5 84 87
8 4 58 69
5 4 58 76
6 4 58 18
7 4 57 87
1 4 56 21
5 4 54 22
4 6 54 22
7 6 52 20
2 4 54 18
3 4 54 24
8 4 52 20
4 8 54 17
6 4 50 8
4 4 51 67
8 4 50 7
4 4 50 8
7 4 50 14
7 4 50 16
7 4 52 17
2 4 56 7
2 4 50 23
2 4 52 22
7 4 50 19
1 4 50 20
3 4 50 76
3 4 52 22
6 4 50 77
1 5 64 76
5 7 69 74
1 4 50 78
2 4 60 11
6 4 50 62
4 5 68 62
5 4 61 65
7 4 62 75
3 4 64 61
6 4 63 61
5 4 58 59
6 5 71 59
2 4 50 78
5 4 48 11
4 4 48 25
2 4 48 96
3 7 50 94
8 4 64 92
8 4 47 98
8 5 60 98
1 4 46 19
5 4 73 95
4 4 46 21
6 6 46 20
6 4 45 62
8 4 45 61
2 4 48 61
7 4 48 61
3 4 46 24
4 4 65 76
8 4 56 64
3 4 45 75
5 5 77 75
5 4 44 17
6 4 44 28
8 4 50 27
8 4 44 99
3 4 52 98
8 4 42 19
7 4 42 11
8 4 46 11
7 4 46 11
3 4 42 18
5 6 42 19
4 4 48 17
3 4 42 28
2 4 48 27
2 4 42 30
1 4 42 31
8 4 71 74
4 4 40 14
1 4 40 22
8 6 46 21
4 4 40 21
4 4 40 36
6 4 38 7
4 4 40 6
3 4 46 22
6 4 44 8
5 4 38 20
8 4 38 31
3 4 40 31
5 4 40 30
7 8 40 31
4 10 38 31
1 6 34 31
3 4 40 16
5 4 36 8
6 6 50 7
7 4 37 74
1 4 46 74
2 5 48 73
6 5 79 73
4 4 38 74
6 4 36 20
5 4 36 32
6 4 36 45
7 4 35 58
6 4 43 60
4 4 44 57
1 4 39 76
5 4 43 60
3 6 65 58
7 4 46 78
5 4 39 58
3 5 51 56
4 4 57 76
8 4 38 18
3 4 44 17
3 4 36 49
3 4 34 6
3 4 40 7
4 4 40 8
7 4 40 9
5 4 40 8
8 4 40 8
4 4 34 6
7 4 34 7
2 4 34 8
7 4 34 21
5 4 42 22
6 4 42 23
8 4 34 26
1 4 40 27
1 4 76 62
2 4 40 28
7 6 40 26
1 4 34 27
1 4 61 53
8 4 34 68
3 4 34 47
8 4 34 43
7 4 34 43
4 4 34 43
2 4 33 66
3 6 35 65
3 4 32 11
1 4 32 12
7 4 32 12
6 8 30 11
5 6 30 12
5 4 32 17
4 4 38 18
6 4 36 16
2 4 36 46
1 4 36 46
6 4 34 18
6 4 33 73
7 4 36 16
1 6 36 16
6 4 84 81
7 4 32 46
6 6 32 47
3 4 47 72
5 4 36 73
2 4 38 74
6 6 51 73
5 5 51 73
4 4 43 73
4 4 42 48
1 4 40 48
1 4 44 49
5 4 32 21
7 4 36 22
8 4 32 22
1 4 32 38
8 4 46 71
4 4 34 37
8 4 32 48
8 4 47 75
4 4 32 49
5 6 32 49
6 4 30 1
6 4 44 37
6 4 34 48
7 4 30 1
8 8 30 1
1 6 28 1
6 4 30 22
3 6 28 22
8 4 38 24
2 6 38 24
5 8 38 25
7 4 30 18
3 4 30 18
6 4 30 17
2 6 30 15
4 4 30 17
8 4 30 19
6 4 30 32
8 4 30 46
8 4 30 49
1 4 28 5
8 4 28 17
2 4 28 20
7 4 28 43
1 4 28 43
5 4 27 53
6 4 27 62
3 4 26 3
7 4 26 14
8 8 28 15
7 4 26 21
5 4 26 23
7 4 26 30
3 4 26 45
2 6 26 44
5 10 26 46
6 6 22 44
7 4 26 41
7 4 26 48
3 6 26 49
4 4 27 72
6 6 60 72
2 4 26 72
4 4 28 47
1 6 28 48
2 4 28 47
5 4 24 5
6 4 24 11
4 4 24 12
8 4 24 11
3 4 28 43
2 4 24 17
1 6 24 18
2 4 24 28
6 4 26 29
1 4 26 29
4 4 24 32
8 4 28 10
5 4 28 9
5 4 34 33
1 4 24 33
7 4 24 33
1 4 24 40
2 4 22 1
7 4 32 1
8 6 32 1
4 4 34 8
2 4 32 1
4 6 32 1
8 4 22 5
7 4 22 21
8 4 22 38
4 4 23 88
3 4 53 86
1 5 68 85
8 5 79 84
3 4 36 70
2 5 48 73
8 4 22 65
5 4 37 66
2 4 22 45
3 4 21 89
6 4 55 89
6 4 68 90
3 5 70 88
7 5 76 90
6 4 37 67
7 4 40 90
7 4 20 4
7 4 20 7
5 4 30 6
3 4 32 7
5 4 24 7
2 4 28 6
5 4 20 11
1 4 24 11
2 4 24 12
1 4 40 37
7 4 20 38
3 6 20 39
8 6 24 37
3 4 22 41
3 4 20 35
4 4 18 10
8 4 18 14
7 6 18 14
4 4 18 16
1 4 20 9
4 4 20 17
3 6 20 16
3 4 20 32
7 4 20 15
8 4 20 32
7 4 18 18
8 4 18 38
2 4 22 37
1 6 22 38
5 6 26 36
2 4 18 43
3 4 18 44
8 8 18 42
2 4 20 31
3 4 22 30
4 6 22 30
7 4 20 45
8 4 16 4
1 6 14 4
3 6 14 4
5 4 16 19
4 4 20 20
5 8 20 21
1 8 18 21
6 6 14 20
8 4 18 97
8 5 65 98
1 4 25 96
5 4 18 100
2 4 16 26
4 4 28 25
5 4 18 27
4 6 18 27
2 4 22 27
3 4 20 28
8 4 20 28
5 4 26 27
4 4 20 27
3 4 20 28
6 4 20 29
3 4 28 25
6 4 18 41
7 4 18 41
5 4 16 26
1 6 18 26
3 4 16 39
6 4 16 38
5 4 16 38
2 4 16 43
3 4 16 46
4 4 16 52
1 4 37 52
8 4 22 50
4 6 23 52
6 6 79 54
6 4 16 27
2 6 16 28
1 4 62 67
1 4 16 78
3 4 30 77
5 4 60 79
6 4 34 77
4 6 34 76
4 4 57 79
3 4 18 79
2 5 27 79
7 5 64 81
3 5 63 80
2 4 40 81
4 5 39 81
4 6 61 80
1 7 61 80
3 5 36 75
6 4 54 81
2 4 59 83
6 5 62 79
5 4 58 83
1 4 55 82
2 4 54 73
3 4 42 76
1 4 40 93
6 4 46 92
6 4 59 79
2 4 55 90
3 4 52 89
2 4 61 78
3 4 39 91
4 6 71 88
4 4 54 92
3 4 15 82
4 4 46 93
1 4 31 83
8 5 56 83
8 4 67 91
2 4 78 53
2 4 79 91
7 4 16 29
7 4 22 30
3 4 22 30
5 4 14 4
1 4 14 10
8 4 14 12
5 4 16 13
7 4 16 12
3 4 14 11
8 4 14 11
4 4 14 19
1 4 14 23
4 4 14 29
6 4 18 30
5 4 18 31
2 6 18 31
7 4 14 37
7 4 22 36
1 4 26 35
2 4 26 34
7 4 26 35
4 4 24 35
8 4 22 37
4 4 14 49
2 4 13 91
8 4 42 84
6 5 61 83
5 4 40 91
7 4 12 5
6 4 52 86
2 4 12 23
2 4 24 24
6 4 26 25
1 6 26 26
8 6 26 23
4 6 26 23
5 4 12 34
8 6 12 34
8 4 12 20
6 4 12 20
2 4 12 21
1 4 12 36
6 4 12 7
4 4 12 37
7 4 12 41
8 4 10 7
2 6 12 6
1 6 8 7
7 6 6 8
3 8 8 6
5 4 10 22
7 4 22 23
4 4 16 35
8 4 18 34
1 4 16 36
5 4 22 24
1 6 22 24
3 4 14 35
3 4 10 23
5 6 12 23
3 6 20 25
4 4 10 22
4 8 12 23
3 4 10 27
7 4 10 30
2 4 10 30
6 4 10 24
4 4 10 29
8 8 10 28
8 4 10 46
3 4 10 46
4 4 10 45
2 6 10 45
1 6 12 43
4 8 12 43
6 4 10 31
5 4 8 24
5 4 8 37
7 4 7 92
1 4 13 90
1 4 19 90
5 6 47 90
2 6 69 89
1 5 68 90
2 5 51 90
6 6 47 91
7 7 66 92
2 4 18 90
6 4 13 92
7 4 22 47
1 4 50 92
3 4 8 44
3 4 8 83
2 4 44 93
7 6 44 93
4 4 11 90
2 4 6 2
4 4 18 1
6 4 6 8
6 4 8 7
4 4 10 6
3 4 12 5
4 4 8 8
8 4 6 8
1 4 6 9
8 4 6 11
4 4 6 12
2 4 6 12
3 4 14 13
4 4 12 13
1 4 14 14
6 4 14 15
7 4 12 13
5 4 6 46
3 4 69 84
5 4 4 6
6 6 4 6
4 6 6 4
5 4 5 52
2 4 50 55
4 4 60 85
8 4 60 85
3 4 6 3
5 4 16 2
7 4 28 92
5 4 22 1
5 4 46 93
1 4 46 95
2 4 12 2
1 4 38 89
7 4 12 2
8 4 10 1
8 4 4 2
2 4 4 22
8 4 8 21
6 4 4 11
4 4 4 23
3 8 8 21
2 4 4 35
2 4 4 48
1 8 4 46
3 6 4 47
4 4 6 45
7 6 6 45
6 6 4 46
7 5 4 48
7 4 4 27
8 4 4 26
8 4 4 63
5 5 21 63
2 4 22 64
5 5 50 63
3 5 41 62
6 4 10 49
5 4 20 65
8 4 6 47
2 4 6 47
2 4 3 74
1 4 21 75
4 4 26 74
8 4 41 76
6 4 66 70
3 4 25 75
1 4 16 50
5 4 16 77
7 4 3 52
4 6 52 50
1 5 72 55
3 4 2 11
6 4 4 12
5 4 2 10
6 4 13 52
2 4 36 49
6 4 36 51
6 4 2 15
2 4 10 16
2 4 12 17
5 4 2 24
4 4 2 25
1 4 2 12
4 8 4 9
2 4 2 36
2 4 6 37
8 4 8 38
3 4 10 39
6 4 10 40
5 12 10 40
6 4 4 35
3 6 10 34
1 4 4 37
7 4 2 37
2 6 4 37
3 6 4 39
4 4 2 36
6 4 4 39
1 4 4 40
6 4 6 35
7 6 6 35
1 4 8 34
5 4 10 71
1 5 10 71
6 4 15 72
3 4 46 73
2 4 32 68
1 4 42 70
8 4 55 75
4 4 43 69
1 4 60 67
1 4 64 74
6 3 81 94
4 3 77 52
1 3 77 65
7 3 85 51
5 3 78 55
8 3 75 80
7 3 74 50
4 3 68 74
7 3 68 94
3 3 69 94
7 3 67 56
6 3 66 57
6 4 71 54
3 4 71 56
5 3 70 57
6 3 66 50
8 3 65 77
2 3 64 52
5 3 66 90
1 3 64 51
4 3 62 88
3 3 62 88
6 3 61 58
5 3 61 61
3 3 61 67
4 3 61 78
6 3 60 53
5 3 61 52
8 3 64 52
8 3 61 88
8 3 60 68
7 3 59 54
2 4 58 54
8 3 57 46
4 3 79 64
7 3 56 72
4 3 55 50
5 3 69 51
8 3 59 58
3 3 71 56
5 3 57 91
5 3 77 92
4 3 68 48
3 5 68 49
5 3 56 52
1 3 55 95
8 3 54 50
7 4 64 50
8 3 55 90
5 3 55 87
2 3 54 72
4 3 62 49
5 4 62 49
3 3 53 48
4 3 63 48
7 3 63 48
8 4 62 49
5 3 60 92
5 3 64 94
6 3 64 92
3 3 64 49
6 4 63 49
3 3 53 62
2 3 60 62
3 3 64 63
6 4 70 64
6 3 56 49
7 3 52 50
1 3 53 71
5 3 51 51
2 4 65 51
8 3 64 94
6 3 50 50
2 3 50 94
2 4 65 92
6 3 59 61
5 3 49 67
2 3 79 65
2 3 64 65
8 4 82 65
7 4 81 65
1 3 48 67
5 4 63 66
5 3 48 62
7 3 60 93
7 3 59 63
4 4 65 67
5 3 78 64
5 3 59 64
4 3 60 64
7 3 48 68
4 3 48 78
6 3 47 93
8 4 66 92
4 3 47 92
6 4 48 93
4 4 53 93
3 6 65 93
5 3 46 49
1 4 52 48
5 3 46 68
6 3 45 52
4 3 58 93
2 3 52 52
8 4 63 53
1 3 46 93
7 3 53 52
3 3 53 54
4 3 62 93
1 3 44 65
2 3 44 76
7 5 46 75
3 3 47 76
8 4 47 78
2 4 61 78
5 3 50 75
4 3 44 61
5 3 53 54
2 3 51 61
3 3 58 79
7 3 47 59
4 4 47 61
1 3 61 66
7 3 61 66
1 3 45 60
1 4 56 59
5 3 43 86
8 3 44 88
5 3 56 58
5 3 41 48
8 3 59 63
8 3 42 46
7 3 41 66
5 3 41 75
3 3 45 87
5 4 51 85
3 3 53 76
8 3 52 75
8 3 51 87
3 3 51 88
2 3 44 88
4 4 49 88
8 3 42 73
1 4 42 74
1 3 40 81
3 3 59 46
1 3 59 47
7 3 56 82
3 3 41 76
4 3 40 92
1 3 47 93
1 3 40 94
5 3 44 92
1 3 39 58
4 3 59 59
7 3 55 88
1 3 61 89
7 3 60 90
1 3 60 91
2 3 54 58
3 3 47 56
6 3 54 89
8 3 60 90
4 3 46 57
6 3 39 87
8 3 39 65
7 3 43 87
8 3 39 90
7 3 38 46
2 3 57 64
6 3 38 74
6 4 40 73
7 3 48 75
4 3 48 74
5 3 48 76
8 3 37 87
7 3 36 53
7 3 45 53
5 3 44 52
4 3 36 53
1 4 36 53
2 3 36 54
8 5 35 52
6 4 34 54
3 4 34 55
8 3 35 86
7 3 49 85
4 3 49 86
2 3 63 82
7 3 34 68
4 4 44 65
1 4 38 68
4 3 50 69
5 3 35 92
3 3 54 92
6 3 49 68
1 3 34 50
7 3 39 50
8 3 39 51
3 5 40 48
1 4 41 49
4 3 33 52
2 3 33 64
8 3 33 68
2 4 37 67
3 3 33 61
5 3 58 62
6 3 42 61
7 4 42 60
3 3 44 60
3 3 39 69
2 3 33 81
2 4 47 82
1 3 53 81
3 4 55 81
6 3 53 83
5 3 50 61
2 3 57 91
2 3 32 84
1 4 46 83
5 3 43 86
5 3 35 86
7 3 55 83
1 3 30 82
5 6 58 84
1 3 31 67
4 3 35 65
2 3 39 66
6 3 31 69
7 4 42 69
1 3 39 70
3 3 41 85
6 3 42 86
2 3 38 70
7 4 47 69
8 3 43 68
3 3 43 70
5 3 38 71
7 3 31 75
2 3 30 75
2 4 41 72
3 3 31 76
6 3 45 80
7 4 46 78
8 3 33 75
5 3 35 75
4 4 45 77
5 3 33 76
4 3 28 94
1 3 35 93
8 6 35 92
6 3 34 91
7 5 27 93
7 5 31 92
3 6 36 92
7 3 34 91
6 3 34 91
5 5 37 91
2 4 34 92
8 3 29 81
3 3 28 59
3 3 33 79
3 3 34 59
6 3 38 77
8 3 31 57
6 4 31 58
7 3 27 52
2 4 33 51
7 3 33 53
4 4 34 53
4 3 27 69
5 3 28 70
7 3 26 67
5 3 26 64
8 4 29 62
5 4 52 60
4 3 61 55
8 3 27 64
2 4 37 60
2 3 39 58
1 3 42 57
4 3 39 60
1 4 39 58
7 3 28 65
1 3 29 64
2 3 39 61
4 6 44 62
5 4 28 62
8 4 37 60
3 3 36 66
7 3 36 66
1 3 33 65
1 3 38 64
7 4 41 64
3 4 44 63
1 3 26 48
7 3 39 89
8 3 43 88
7 3 46 90
4 3 40 88
4 3 38 49
2 3 42 61
5 3 25 85
1 3 24 68
8 5 23 68
4 3 25 64
6 3 24 52
8 3 24 56
5 3 34 68
1 3 34 67
8 3 33 68
8 3 30 56
3 3 35 84
7 3 37 56
4 4 37 57
2 3 39 57
6 3 41 54
4 3 26 56
2 3 27 56
1 3 32 54
7 3 33 53
7 3 28 57
5 4 28 59
7 3 41 83
3 3 27 54
4 4 27 52
5 3 31 57
7 3 23 50
2 5 35 50
2 3 23 80
3 3 26 81
7 5 29 81
8 3 26 50
4 3 28 83
3 3 27 63
4 3 28 62
3 3 30 51
5 4 46 49
6 3 28 61
6 3 25 51
3 3 33 64
6 4 36 61
1 3 22 49
3 3 24 50
8 4 25 52
2 3 26 53
3 3 38 54
2 3 20 49
2 5 40 49
2 3 27 49
4 4 33 48
5 5 35 47
7 3 20 54
3 3 22 55
4 4 33 54
1 3 25 54
3 3 19 47
6 3 19 52
5 3 23 52
8 4 36 48
8 3 19 60
7 3 22 58
8 5 22 59
8 3 20 51
1 3 23 60
5 3 32 60
6 3 31 58
8 5 40 59
1 4 39 61
7 3 47 55
1 3 32 49
4 3 23 59
7 3 29 60
6 3 19 82
3 5 28 81
6 3 49 80
8 3 49 79
3 3 19 80
2 4 33 79
4 3 22 80
8 4 32 79
8 3 27 79
6 3 42 83
5 3 18 77
6 4 30 77
1 5 33 77
7 3 32 77
7 3 40 78
4 3 30 75
8 3 29 77
5 4 45 77
4 3 19 72
7 4 32 74
6 3 17 79
6 4 46 77
7 4 17 81
6 3 20 80
2 3 42 81
5 3 40 81
3 4 40 81
5 3 31 82
8 3 24 82
2 4 35 82
8 3 19 74
2 3 21 78
3 3 48 74
7 3 16 76
2 4 27 75
6 4 14 76
2 3 18 55
1 3 47 56
8 3 24 55
4 3 31 56
5 3 22 75
6 4 27 75
2 3 22 76
1 5 36 77
6 3 17 77
1 3 17 79
7 4 34 78
2 4 39 78
4 3 16 54
7 3 38 56
1 3 16 94
3 3 15 91
7 4 18 92
5 3 20 92
6 3 30 92
4 3 28 90
7 3 35 89
7 3 30 55
3 3 31 57
7 3 16 76
5 3 31 90
1 4 38 88
5 3 21 78
8 3 13 82
3 3 21 84
6 4 29 85
1 4 31 84
6 3 33 78
8 3 18 84
4 3 25 82
8 3 30 84
1 3 34 81
2 3 13 58
5 3 23 59
7 3 27 58
3 3 21 59
8 4 21 58
1 3 25 60
6 3 13 58
8 3 12 67
4 5 12 67
8 4 11 68
8 4 24 66
4 3 35 82
8 3 36 82
2 3 48 64
4 3 12 52
5 3 52 46
5 3 38 90
3 3 40 88
6 3 11 57
1 4 25 55
3 3 17 56
6 3 11 65
4 3 43 63
1 3 18 64
6 4 25 64
4 3 26 67
7 3 29 69
8 3 15 66
1 4 14 66
7 3 14 65
2 5 21 63
2 5 26 61
4 4 13 65
8 5 35 63
2 3 16 63
8 3 55 47
7 3 12 65
3 3 23 65
2 3 33 63
1 3 20 56
1 3 23 63
6 8 23 66
8 3 25 55
2 3 21 54
2 5 25 55
7 3 15 63
2 3 11 73
1 4 11 73
3 3 12 64
3 3 25 74
1 3 11 61
2 4 12 63
7 3 22 62
1 3 23 63
8 3 11 82
2 3 10 49
1 4 9 48
7 5 23 47
1 3 24 61
8 3 25 74
4 3 27 73
1 3 26 73
4 3 22 48
6 3 22 47
5 4 22 46
5 3 30 45
6 3 26 47
5 3 26 45
5 3 18 47
8 3 23 57
3 3 12 62
4 3 20 61
3 3 28 47
4 3 10 49
8 3 9 47
1 4 18 45
3 3 14 45
7 5 14 45
7 4 18 47
2 5 16 45
6 5 20 45
5 3 10 90
1 3 29 91
3 3 37 46
8 3 46 89
6 3 14 49
4 3 31 50
1 3 19 49
4 3 10 78
4 3 16 79
4 3 9 67
2 3 9 75
8 3 18 73
6 5 18 74
5 4 22 72
6 3 22 74
5 3 24 73
3 3 33 72
6 3 34 71
8 4 36 72
6 3 38 89
2 5 38 89
2 3 21 72
2 4 33 71
1 5 32 71
4 3 21 71
2 3 28 91
8 3 33 72
7 3 21 71
7 4 24 71
8 3 28 91
4 3 28 71
1 5 28 71
4 3 30 90
3 4 29 89
7 3 29 73
5 3 32 74
1 3 34 88
4 5 34 87
1 3 28 90
8 3 29 87
2 3 22 89
8 3 25 87
6 3 9 78
8 3 8 68
4 3 8 93
1 4 11 94
2 4 28 92
6 3 8 94
8 3 25 95
8 3 13 95
4 3 15 93
6 5 15 93
6 3 24 93
2 3 10 95
2 3 7 46
3 3 8 84
1 3 12 48
7 3 22 47
8 3 7 53
4 4 23 50
7 3 31 50
4 3 7 51
7 4 7 50
6 4 19 49
7 3 13 50
8 5 19 50
7 3 7 56
7 4 11 53
1 3 7 78
2 3 25 77
6 3 23 78
4 3 24 78
3 5 25 79
4 3 10 93
1 3 12 93
4 3 19 93
8 3 21 92
5 3 22 78
7 3 6 45
7 3 34 56
6 3 5 69
5 3 5 74
7 3 17 75
2 8 5 73
1 5 15 75
3 3 6 54
5 3 16 76
2 3 6 55
4 3 5 88
8 3 16 56
5 3 19 70
2 3 25 94
3 3 25 94
4 3 27 55
4 3 7 87
7 4 25 87
6 3 7 87
3 3 12 87
4 3 4 45
5 3 13 86
7 3 4 52
4 3 15 51
8 3 6 51
5 3 4 63
8 3 10 64
7 5 10 64
7 3 23 65
3 3 24 60
5 3 19 64
4 4 25 64
2 3 17 46
5 3 9 60
3 3 5 64
1 5 11 63
8 5 20 63
5 5 23 65
8 4 18 63
1 3 6 63
8 3 24 65
7 3 3 59
4 4 14 57
5 3 3 70
6 4 26 71
5 3 4 56
6 3 28 89
2 3 27 89
1 3 3 86
6 4 11 86
1 3 8 65
7 3 4 85
4 4 4 83
2 3 5 84
3 5 7 84
7 5 7 84
2 3 14 82
5 5 14 82
4 3 4 54
1 3 21 55
2 3 22 56
4 3 9 87
8 3 10 86
7 3 13 87
4 3 16 86
3 3 7 52
3 3 2 45
8 3 2 64
1 3 18 65
2 3 4 63
4 3 7 63
3 3 18 65
5 3 9 65
3 3 9 66
6 3 5 63
3 3 8 61
7 3 10 61
5 3 4 62
1 3 6 60
8 3 6 62
6 3 2 87
6 3 20 85
7 3 6 87
2 3 5 87
5 3 10 85
7 3 28 83
3 3 12 86
1 5 14 86
3 3 1 54
7 3 21 57
3 3 24 57
5 3 5 88
4 3 15 89
3 3 15 89
6 4 20 90
3 3 33 70
6 2 38 31
4 2 37 46
5 2 36 31
1 2 36 82
2 2 34 31
7 2 34 40
4 2 33 59
5 2 33 81
8 2 34 31
1 2 33 83
4 2 32 1
3 2 32 31
6 2 32 40
2 2 32 69
5 2 32 69
5 2 31 46
5 2 31 52
8 2 30 1
4 2 30 31
5 2 30 40
1 2 29 58
4 3 29 59
6 2 29 82
8 2 28 9
2 2 28 31
3 2 28 40
1 2 27 52
2 3 26 52
3 3 25 51
1 2 28 81
7 2 28 1
6 2 28 72
2 2 41 83
7 2 29 82
4 2 28 82
3 2 28 82
1 4 28 83
4 3 27 83
1 2 27 51
6 2 27 57
7 2 27 73
3 2 27 74
5 2 27 82
2 2 26 1
5 2 26 9
2 2 26 18
4 2 26 31
1 2 26 40
5 2 26 72
5 2 26 79
4 5 26 80
2 2 25 73
3 2 24 1
7 2 24 9
2 2 24 13
8 2 24 18
3 2 24 48
7 2 26 89
7 2 24 31
4 2 24 40
2 2 24 80
7 2 26 81
6 2 27 92
3 2 24 91
2 2 24 94
8 2 23 59
5 2 29 58
1 2 27 47
6 3 27 46
5 2 26 46
2 2 26 58
2 2 24 47
7 2 25 47
1 2 26 46
3 4 26 46
4 2 23 71
3 2 23 72
5 2 24 72
8 3 24 71
7 2 23 71
2 2 23 73
5 2 22 1
2 2 22 9
8 2 22 13
1 2 22 15
2 2 22 18
2 2 22 31
2 2 22 34
3 2 22 40
4 2 22 48
3 2 22 57
8 3 22 57
6 2 22 68
3 3 21 68
1 2 22 79
7 2 22 80
4 2 22 80
1 4 22 80
7 2 23 79
4 2 23 80
8 2 22 80
7 3 21 78
4 2 22 71
5 2 22 72
4 2 22 77
1 2 22 77
2 2 22 81
6 2 22 82
3 2 24 69
1 2 22 94
4 2 22 94
5 2 21 51
6 2 21 58
5 2 21 90
1 2 21 93
7 3 20 93
5 3 20 94
7 2 20 1
4 2 20 7
6 2 20 9
7 2 20 13
7 2 20 15
4 2 20 18
4 2 20 31
6 2 20 32
1 2 20 34
2 2 20 40
5 2 20 56
8 2 26 83
3 2 21 84
1 3 21 83
8 2 24 58
3 2 19 83
6 2 19 60
2 2 19 69
1 2 19 69
8 2 18 1
1 2 18 3
8 2 18 7
7 2 18 9
1 2 18 13
3 2 18 15
6 2 18 18
3 2 18 30
6 2 18 31
3 2 18 32
4 2 18 34
4 2 18 40
3 2 18 57
3 2 18 59
6 2 20 82
5 5 20 83
2 2 21 58
7 2 20 81
6 2 21 80
1 2 22 84
8 2 22 85
2 2 19 92
4 2 23 91
1 3 23 92
2 2 22 91
8 2 18 69
8 2 24 83
3 2 18 70
8 2 19 71
1 6 19 72
2 2 19 83
4 2 19 84
2 2 19 58
4 2 19 59
4 2 20 83
3 3 20 83
7 2 18 58
2 2 18 73
8 2 18 90
2 2 21 58
1 2 18 77
6 2 18 77
8 2 18 77
8 2 18 84
1 2 25 89
7 2 19 89
5 3 20 90
5 2 18 91
2 2 17 54
6 2 17 57
4 2 17 66
6 2 17 90
2 3 17 89
4 3 16 89
7 2 17 76
4 2 18 77
8 2 18 78
3 2 17 84
2 3 16 84
1 2 16 1
3 2 16 3
5 2 16 7
6 2 16 9
6 2 16 13
5 2 16 15
7 2 16 18
2 2 16 24
4 2 16 30
7 2 16 31
6 2 16 32
5 2 16 34
2 2 16 40
3 2 16 45
5 2 20 79
8 2 16 52
8 2 16 46
6 2 20 89
2 2 16 58
4 3 16 57
6 2 16 59
5 6 16 59
3 2 16 53
6 2 16 54
6 2 17 54
3 3 17 55
5 4 16 54
1 2 16 52
5 2 16 55
1 2 16 65
7 2 16 70
1 2 15 51
2 2 23 47
2 2 15 70
3 4 14 69
2 3 15 71
8 2 16 72
7 2 16 95
7 2 15 55
8 3 14 53
3 2 16 51
6 2 15 68
3 2 15 94
1 2 15 93
6 2 16 50
2 3 16 49
8 2 17 94
1 2 16 48
6 2 18 94
3 2 16 50
1 2 15 90
8 2 19 50
6 2 19 51
7 2 14 1
6 2 14 3
3 2 14 7
7 2 14 9
4 2 14 13
1 2 14 15
5 2 14 16
2 2 14 18
4 2 14 22
6 2 14 24
6 2 14 30
4 2 14 31
7 2 14 32
6 2 14 34
2 2 14 35
8 2 14 40
1 2 14 42
1 2 14 45
8 2 14 48
5 2 14 51
1 2 14 55
2 2 15 54
3 2 14 58
4 2 14 81
6 2 14 81
1 3 13 79
4 2 16 78
8 2 18 81
1 2 16 79
3 3 15 79
8 2 19 81
7 2 14 84
7 2 14 89
3 2 15 88
5 4 15 88
4 2 14 74
2 2 14 75
8 2 14 89
8 2 14 69
2 2 15 88
7 2 14 70
8 2 13 66
7 2 14 65
1 2 13 75
5 3 14 65
2 3 12 74
5 5 12 73
6 2 15 77
8 2 15 77
5 2 15 77
1 2 15 77
4 2 14 72
5 2 14 73
4 2 14 76
7 2 13 61
7 2 15 60
6 2 16 68
4 2 16 69
1 2 14 60
7 2 13 78
3 2 13 78
8 2 13 88
6 2 12 1
4 2 12 3
8 2 12 7
3 2 12 9
1 2 12 10
2 2 12 13
5 2 12 14
6 2 12 15
8 2 12 16
5 2 12 17
3 2 12 18
2 2 12 22
8 2 12 24
5 2 12 30
3 2 12 31
2 2 12 32
1 2 12 34
4 2 12 35
7 2 12 39
5 2 12 40
6 2 12 42
2 2 12 44
3 2 12 45
5 2 12 48
6 2 12 67
5 2 12 57
1 2 11 46
8 2 11 57
2 2 11 65
5 2 11 67
7 2 13 73
5 2 12 67
1 2 11 80
5 2 12 79
2 2 15 80
8 2 12 80
4 2 13 68
2 2 11 92
3 2 13 69
7 2 11 94
5 2 10 1
8 2 10 2
6 2 10 3
6 2 10 6
7 2 10 7
5 2 10 9
2 2 10 10
5 2 10 13
8 2 10 14
7 2 10 15
4 2 10 16
1 2 10 17
4 2 10 18
8 2 10 19
5 2 10 22
6 2 10 23
2 2 10 24
2 2 10 30
1 2 10 31
6 2 10 32
2 2 10 33
6 2 10 34
1 2 10 35
6 2 10 38
8 2 10 39
2 2 10 40
7 2 10 42
5 2 10 44
8 2 10 45
7 2 10 46
3 2 15 92
1 2 10 51
6 2 17 47
8 2 19 46
2 2 11 79
7 5 12 80
4 2 10 84
4 2 11 78
2 2 10 87
6 2 11 86
2 2 9 49
1 2 9 60
6 2 10 93
8 2 9 71
7 2 10 72
2 2 9 73
4 3 9 74
3 3 8 71
5 4 8 69
6 4 9 71
8 3 7 72
8 2 9 82
3 2 9 93
1 2 8 1
2 2 8 2
5 2 8 3
7 2 8 6
1 2 8 7
7 2 8 9
6 2 8 10
2 2 8 13
4 2 8 14
1 2 8 15
6 2 8 16
3 2 8 17
1 2 8 18
2 2 8 19
4 2 8 21
6 2 8 22
7 2 8 23
1 2 8 24
8 2 8 25
5 2 8 26
3 2 8 27
7 2 8 29
5 2 8 30
3 2 8 31
4 2 8 32
7 2 8 33
5 2 8 34
4 2 8 35
5 2 8 38
7 2 8 39
5 2 8 40
8 2 8 42
5 2 8 43
4 2 8 44
3 2 8 49
4 2 8 46
4 3 10 47
6 2 11 60
4 2 12 46
1 2 12 47
3 2 11 61
1 2 8 53
3 2 13 54
4 2 12 61
3 2 10 49
1 2 10 54
6 4 12 54
8 2 8 53
2 2 8 64
8 3 8 65
6 2 9 66
4 5 9 66
7 3 8 66
6 3 8 66
3 3 7 66
3 2 8 45
8 2 8 55
2 2 8 56
5 2 8 60
2 2 10 61
7 2 10 61
5 2 9 59
1 2 8 66
8 2 8 74
4 2 8 67
4 2 8 79
8 2 8 78
8 2 9 77
8 2 10 75
3 2 7 66
6 3 7 66
2 2 7 73
4 2 7 76
6 2 7 75
5 2 7 75
6 2 7 80
8 2 7 84
6 2 11 83
5 2 13 85
4 2 8 76
8 2 6 1
5 2 6 2
2 2 6 3
4 2 6 4
5 2 6 5
1 2 6 6
8 2 6 7
1 2 6 9
2 2 6 10
1 2 6 13
6 2 6 14
4 2 6 15
8 2 6 16
1 2 6 17
4 2 6 18
1 2 6 19
6 2 6 21
8 2 6 22
1 2 6 23
8 2 6 24
7 2 6 25
6 2 6 26
5 2 6 27
6 2 6 28
5 2 6 29
8 2 6 30
2 2 6 31
6 2 6 32
4 2 6 33
3 2 6 34
2 2 6 35
8 2 6 36
2 2 6 38
5 2 6 39
8 2 6 40
3 2 6 42
8 2 6 43
5 2 8 83
6 2 6 51
5 3 6 52
2 3 5 52
1 2 10 50
5 2 7 50
3 3 7 51
2 3 6 51
5 2 7 53
3 3 7 53
5 2 6 44
6 2 6 45
1 2 6 54
4 2 6 53
4 2 6 60
8 2 6 60
2 2 6 82
4 2 9 81
2 3 9 82
1 3 9 83
2 2 7 92
1 2 10 91
6 2 11 90
4 3 11 90
3 2 8 81
5 3 8 81
3 2 7 80
1 2 7 81
8 2 7 93
5 2 9 92
7 2 6 93
5 2 7 94
6 5 7 94
5 2 6 79
7 2 6 78
4 2 6 82
3 2 5 46
4 2 6 94
8 2 5 64
2 3 5 64
2 2 5 62
1 2 5 67
4 3 5 68
1 2 5 58
5 2 6 57
7 2 5 64
3 2 6 57
7 2 5 68
7 2 5 54
2 2 7 67
7 2 5 74
3 2 5 79
6 3 4 78
3 2 4 1
4 2 4 2
7 2 4 3
2 2 4 4
1 2 4 5
6 2 4 6
2 2 4 7
7 2 4 9
8 2 4 10
5 2 4 11
8 2 4 12
2 2 4 13
3 2 4 14
5 2 4 15
1 2 4 16
8 2 4 17
1 2 4 18
6 2 4 19
1 2 4 20
7 2 4 21
1 2 4 22
6 2 4 23
5 2 4 24
3 2 4 25
4 2 4 26
6 2 4 27
7 2 4 28
8 2 4 29
6 2 4 30
8 2 4 31
7 2 4 32
2 2 4 33
4 2 4 34
8 2 4 35
5 2 4 36
5 2 4 38
3 2 4 39
7 2 4 40
2 2 4 41
4 2 4 42
5 2 4 43
8 2 4 50
4 2 5 51
7 3 6 50
3 2 4 44
2 2 4 45
8 2 4 54
8 2 4 77
2 3 4 78
4 3 3 77
3 2 4 64
1 2 4 71
1 2 4 82
8 2 4 87
3 2 5 76
5 2 5 86
1 3 5 86
4 2 6 87
4 2 10 85
7 2 5 76
2 2 4 49
4 2 4 94
8 2 3 46
3 2 7 88
2 2 9 61
1 2 3 49
3 2 3 50
2 2 3 53
7 2 5 85
6 2 7 84
1 2 5 87
8 2 3 62
6 3 6 61
8 2 6 61
5 3 6 62
1 3 5 62
6 2 3 65
1 2 3 66
6 2 3 73
6 2 3 85
3 3 3 86
2 4 2 85
8 3 2 86
2 2 5 85
1 2 3 79
7 2 3 83
1 2 7 82
6 2 3 93
6 2 2 3
4 2 2 1
6 2 11 87
5 2 11 88
3 2 11 88
2 2 11 87
7 3 11 88
8 2 2 2
7 4 2 1
4 2 2 2
2 2 2 4
5 2 2 5
3 6 2 3
1 4 2 2
7 2 2 2
4 2 2 2
5 4 2 1
7 2 2 2
4 2 2 2
3 2 2 2
1 2 2 4
7 4 2 3
8 6 2 1
8 2 2 4
7 2 2 4
1 2 2 5
1 2 2 2
7 2 10 17
5 2 2 4
3 6 2 2
8 2 2 3
4 2 2 3
8 2 2 5
1 2 2 5
2 2 2 3
6 2 2 3
7 4 2 2
1 2 2 3
4 2 2 2
4 2 2 16
6 3 2 14
2 4 2 1
1 2 3 15
3 6 3 16
7 2 3 16
4 3 3 16
5 3 2 2
2 2 6 1
7 2 6 12
8 2 5 1
1 2 6 2
3 3 6 3
6 2 2 2
5 2 3 3
7 5 4 1
4 3 3 4
8 2 3 5
6 3 2 5
4 2 2 22
1 2 6 13
1 2 6 23
2 3 6 23
4 2 4 1
5 2 2 33
2 2 2 13
7 2 2 26
4 2 3 27
4 2 2 25
8 2 2 34
7 2 7 21
6 2 2 38
2 2 1 32
3 4 2 35
8 2 3 34
4 3 4 35
1 2 1 44
5 2 1 37
1 2 1 38
1 2 10 43
5 3 10 42
4 2 6 43
2 2 6 43
7 2 1 42
8 2 1 43
8 3 6 42
3 4 5 43
1 2 3 42
4 2 3 43
2 3 4 41
6 2 2 43
4 2 1 41
2 2 1 44
2 2 4 13
1 2 4 41
7 2 6 45
3 2 5 45
