1096551
3130
8 2 16 44
1 2 15 55
1 2 56 51
1 2 42 45
1 2 66 48
1 2 82 3
1 2 66 8
1 2 13 65
1 2 66 42
1 2 78 77
1 2 52 29
1 2 54 69
1 2 24 91
1 2 58 38
1 2 12 10
1 2 94 29
1 2 98 24
1 2 48 43
1 2 49 99
1 2 56 16
1 2 80 34
1 2 40 23
1 2 86 14
1 2 80 11
1 2 74 45
1 2 54 1
1 2 12 18
1 2 26 37
1 2 40 77
1 2 77 92
1 2 76 87
1 2 62 7
1 2 36 8
1 2 2 13
1 2 32 3
1 2 46 12
1 2 52 68
1 2 94 38
1 2 18 78
1 2 30 46
1 2 20 12
1 2 44 45
1 2 6 39
1 2 80 21
1 2 86 28
1 2 90 32
1 2 48 29
1 2 4 21
1 2 69 55
1 2 74 27
1 2 20 33
1 2 82 36
6 2 72 5
1 2 14 7
1 2 12 1
1 2 47 70
1 2 12 16
1 2 44 48
1 2 45 58
1 2 8 15
1 2 38 11
1 2 16 25
1 2 5 72
1 2 63 83
1 2 38 16
1 2 82 17
1 2 42 27
5 2 10 11
1 2 72 41
1 2 8 47
1 2 54 1
1 2 10 9
1 2 64 2
1 2 88 18
1 2 59 79
1 2 48 16
1 2 80 33
1 2 56 74
1 2 94 36
1 2 34 26
1 2 32 47
1 2 10 12
1 2 34 73
1 2 100 49
1 2 28 13
1 2 60 36
1 2 86 48
1 2 42 31
1 2 32 25
1 2 30 17
1 2 50 78
1 2 20 46
1 2 36 53
1 2 72 4
1 2 58 31
1 2 44 55
1 2 8 26
1 2 96 94
1 2 40 13
1 2 66 99
1 2 70 12
1 2 86 10
1 2 90 10
1 2 7 63
1 2 87 57
1 2 22 62
1 2 11 66
1 2 53 84
1 2 52 35
7 2 54 49
1 2 24 46
1 2 65 63
1 2 50 28
1 2 64 6
1 2 76 31
1 2 90 16
1 2 93 52
1 2 7 68
1 2 38 98
1 2 93 94
1 2 54 16
1 2 28 40
1 2 26 18
1 2 10 19
1 2 18 69
1 2 68 10
1 2 66 19
1 2 8 42
1 2 88 42
1 2 67 96
1 2 82 49
1 2 8 23
1 2 92 26
1 2 43 93
1 2 27 76
1 2 6 17
1 2 4 40
1 2 28 6
1 2 44 47
1 2 42 99
1 2 8 36
6 2 3 98
1 2 18 26
1 2 65 82
1 2 48 31
1 2 66 2
1 2 50 90
1 2 88 27
1 2 42 43
1 2 44 33
1 2 28 36
1 2 17 71
1 2 12 48
1 2 36 2
1 2 40 38
1 2 9 76
1 2 34 71
1 2 80 19
1 2 31 65
1 2 6 5
1 2 76 12
1 2 94 3
1 2 81 73
1 2 86 50
1 2 66 45
1 2 28 86
1 2 5 87
1 2 1 96
1 2 62 13
1 2 22 19
1 2 43 73
1 2 24 50
1 2 34 37
1 2 92 5
1 2 90 44
1 2 48 98
1 2 48 54
1 2 34 46
1 2 91 77
1 2 79 79
1 2 70 96
1 2 10 99
7 2 88 46
1 2 76 37
1 2 62 38
1 2 16 99
1 2 18 45
1 2 43 86
1 2 30 21
1 2 51 79
1 2 86 28
1 2 6 37
1 2 96 40
1 2 42 29
1 2 80 37
1 2 23 73
1 2 77 78
1 2 30 36
1 2 64 27
1 2 43 91
1 2 6 10
1 2 18 20
1 2 58 13
1 2 56 7
1 2 30 88
1 2 80 9
1 2 94 47
1 2 48 35
1 2 42 77
1 2 80 16
1 2 78 2
1 2 81 70
1 2 44 48
1 2 88 31
1 2 44 38
1 2 49 64
1 2 16 36
1 2 10 79
1 2 57 76
1 2 18 9
1 2 82 73
1 2 36 59
1 2 78 13
1 2 79 86
1 2 16 91
1 2 58 96
1 2 51 87
1 2 76 38
1 2 20 9
1 2 80 12
1 2 2 8
1 2 6 30
1 2 38 88
1 2 36 29
1 2 70 76
1 2 14 35
1 2 46 87
1 2 34 24
1 2 40 36
1 2 80 26
1 2 48 89
1 2 10 68
1 2 61 55
7 2 28 35
1 2 58 1
1 2 78 4
1 2 90 46
1 2 55 95
1 2 93 65
1 2 36 31
1 2 40 11
1 2 60 72
1 2 48 50
1 2 62 16
1 2 64 14
1 2 4 48
1 2 60 29
1 2 47 60
1 2 71 60
1 2 95 58
1 2 24 42
1 2 24 19
1 2 28 37
1 2 26 11
1 2 12 10
1 2 14 79
1 2 88 50
1 2 6 65
1 2 84 32
1 2 68 29
1 2 2 30
1 2 49 65
1 2 8 29
4 2 20 14
1 2 48 12
1 2 38 12
1 2 91 67
1 2 52 13
8 2 6 21
1 2 21 90
1 2 94 89
1 2 94 70
4 2 31 99
1 2 82 20
1 2 31 96
1 2 48 17
1 2 56 20
1 2 84 20
1 2 65 75
1 2 78 38
1 2 76 46
1 2 34 89
1 2 50 52
1 2 14 20
1 2 10 14
1 2 12 21
1 2 62 89
1 2 58 95
5 2 88 19
1 2 73 59
1 2 66 14
1 2 11 78
1 2 53 98
1 2 42 21
1 2 72 52
1 2 85 97
8 2 50 44
1 2 54 79
1 2 87 81
1 2 62 20
1 2 84 53
1 3 88 63
1 3 84 79
1 3 13 76
1 2 37 75
1 2 67 76
1 2 80 75
1 3 22 52
1 3 3 91
1 3 81 55
1 3 21 77
1 3 74 75
1 3 38 53
1 3 35 55
1 3 59 100
1 3 35 83
2 2 24 33
1 3 26 54
1 2 58 53
1 3 76 65
1 3 12 53
1 2 63 52
1 4 6 8
1 4 43 57
1 4 18 4
1 2 36 5
1 2 94 6
1 2 92 5
1 4 60 21
1 4 60 46
1 4 20 43
2 2 24 43
1 4 8 17
1 4 14 23
1 4 12 29
1 4 80 21
1 4 32 30
1 4 34 4
1 4 66 19
1 4 62 49
1 4 48 14
1 4 64 43
1 4 60 26
1 4 42 34
1 4 6 19
1 4 46 22
1 4 90 59
1 4 74 45
1 4 62 36
1 4 76 27
1 4 12 98
1 4 20 36
1 4 10 34
1 4 58 50
1 4 30 43
1 4 34 15
8 2 34 5
1 4 48 9
1 5 23 81
1 5 73 55
1 6 48 40
1 6 36 19
1 6 50 6
1 6 68 46
1 6 4 15
1 6 10 40
1 8 72 6
1 8 52 22
5 2 89 92
5 2 64 1
5 2 48 23
5 2 22 8
5 2 40 4
5 2 50 39
5 2 60 29
5 2 22 26
5 2 59 97
1 2 77 96
5 2 44 41
5 2 17 78
2 2 30 2
1 2 61 78
5 2 86 9
5 2 62 64
5 2 48 30
5 2 60 19
5 2 20 9
5 2 74 16
5 2 90 39
5 2 30 7
5 2 68 56
5 2 24 38
5 2 8 65
1 2 41 65
1 2 65 64
5 2 8 26
5 2 46 43
5 2 28 25
5 2 14 32
5 2 82 33
5 2 34 12
5 2 9 65
5 2 8 5
5 2 61 94
1 2 62 93
5 2 12 18
5 2 18 37
5 2 18 48
5 2 86 11
5 2 58 90
1 2 88 89
1 2 87 91
5 2 56 49
5 2 28 90
5 2 22 78
5 2 28 13
5 2 76 27
5 2 70 16
5 2 82 25
5 2 64 3
5 2 36 24
5 2 70 40
5 2 68 7
5 2 88 10
5 2 83 98
5 2 83 52
5 2 33 52
1 2 80 51
5 2 65 65
5 2 61 83
5 2 84 32
5 2 56 15
5 2 70 6
5 2 76 4
5 2 56 26
5 2 38 1
5 2 61 79
5 2 54 7
5 2 58 59
5 2 76 35
5 2 64 46
5 2 36 46
5 2 78 24
8 2 66 37
5 2 45 60
1 2 56 60
5 2 16 11
5 2 68 44
5 2 17 68
1 2 38 68
5 2 72 72
1 2 74 71
5 2 29 97
7 2 48 43
1 2 71 98
1 2 29 98
5 2 90 95
5 2 36 38
5 2 44 29
5 2 46 67
5 2 80 23
5 2 18 88
5 2 10 29
5 2 80 20
5 2 80 27
5 2 12 96
5 2 2 36
5 2 32 24
5 2 94 62
5 2 72 67
7 2 26 47
5 2 58 4
5 2 34 34
5 2 76 45
5 2 56 79
5 2 70 98
5 2 70 11
5 2 72 100
5 2 90 41
5 2 78 85
5 2 68 14
5 2 76 9
5 2 10 10
5 2 78 31
5 2 92 22
5 2 14 48
5 2 39 53
5 2 24 48
5 2 16 41
5 2 70 75
5 2 42 87
1 2 69 86
5 2 44 16
5 2 24 28
5 2 34 14
5 2 40 18
5 2 68 22
5 2 50 25
5 2 20 13
5 2 26 31
5 2 86 44
5 2 81 67
5 2 84 41
5 2 93 84
5 2 36 36
5 2 46 8
5 2 58 22
5 2 22 17
5 2 52 3
5 2 36 4
5 2 75 77
5 2 68 14
5 2 16 26
5 2 50 53
5 2 6 37
5 2 91 67
5 2 44 51
5 2 90 57
5 2 14 1
5 2 10 40
5 2 54 2
5 2 12 30
5 2 19 67
5 2 85 72
5 2 20 21
5 2 66 3
5 2 52 13
5 2 95 61
5 2 66 23
5 2 94 70
5 2 14 62
1 2 79 62
5 2 31 90
5 2 8 13
5 2 22 34
5 2 82 2
5 2 66 17
5 2 78 8
5 2 48 36
5 2 91 89
5 2 56 20
5 2 20 42
5 2 56 44
5 2 26 22
5 2 58 33
5 2 61 86
5 2 66 39
5 2 74 12
5 2 8 39
5 2 17 100
5 2 16 32
5 2 32 5
5 2 56 28
5 2 20 49
5 2 60 98
5 2 72 50
5 2 82 35
5 2 6 31
5 2 30 12
5 2 50 37
5 2 82 90
5 2 41 60
5 2 30 10
5 2 32 49
5 2 70 28
5 2 67 87
5 2 54 21
5 2 68 17
5 2 58 49
5 2 76 67
5 2 46 5
5 2 42 66
5 2 58 10
5 2 82 61
5 2 62 50
5 2 10 22
5 2 34 22
5 2 24 21
5 2 23 97
5 2 72 38
5 2 63 78
5 2 10 6
5 2 6 40
5 2 73 60
5 2 85 86
5 2 51 96
5 2 48 24
5 2 46 29
5 2 58 37
5 2 72 98
5 2 72 50
5 2 81 96
5 2 68 40
2 2 28 17
5 2 38 32
5 2 68 77
5 2 29 96
5 2 24 34
5 2 74 2
5 2 18 25
5 2 62 1
5 2 2 18
5 2 95 92
5 2 24 49
5 2 37 95
5 2 60 57
1 2 91 56
5 2 11 95
5 2 68 13
8 2 16 49
5 2 28 28
5 2 14 43
5 2 80 76
5 2 72 48
5 2 28 23
5 2 76 42
5 2 84 28
5 2 20 36
5 2 52 41
5 2 63 56
5 2 78 77
4 2 62 25
5 2 46 6
5 2 2 10
5 2 62 26
5 2 80 7
5 2 52 19
5 2 28 3
5 2 16 14
5 2 24 11
5 2 60 59
5 2 48 20
5 2 64 36
5 2 65 54
5 2 33 81
5 2 38 46
5 2 34 97
5 2 12 49
5 2 84 34
5 2 24 14
5 2 54 33
5 2 72 49
5 2 71 96
5 2 34 2
5 2 80 30
5 2 60 76
5 2 78 47
5 2 6 16
5 2 48 16
5 2 36 27
5 2 70 27
5 2 53 59
5 2 70 5
5 2 92 80
5 2 57 80
5 2 85 81
5 2 75 55
5 2 80 4
5 2 28 33
5 2 50 15
5 2 10 3
5 2 26 34
5 2 39 62
5 2 32 1
5 2 86 35
5 2 86 63
5 2 54 12
5 3 45 90
5 2 54 92
5 2 53 91
5 2 71 90
5 2 60 91
5 2 62 92
5 2 87 93
5 2 64 92
5 3 64 99
5 3 74 95
5 3 55 76
5 3 60 73
1 2 83 71
1 2 66 72
5 2 64 70
5 3 5 79
5 2 37 78
8 2 16 4
1 2 81 79
5 3 41 56
5 2 70 55
5 3 14 74
5 2 15 76
5 2 34 77
5 2 37 75
5 3 57 73
5 2 61 74
5 2 59 73
5 3 48 70
1 2 73 69
5 3 76 65
5 3 4 68
5 3 63 87
8 2 50 34
5 2 85 87
5 3 33 73
1 2 39 73
1 2 54 73
5 3 80 89
5 3 47 56
5 3 32 94
1 2 48 93
1 2 33 96
5 2 63 96
5 3 39 59
7 2 18 99
5 2 52 98
5 3 68 71
5 3 4 61
1 2 68 60
1 2 36 61
1 2 82 61
5 4 22 3
5 4 76 22
5 4 6 75
5 2 44 75
1 2 58 76
1 2 71 75
5 4 6 46
5 4 82 39
5 4 40 8
5 4 66 42
5 4 28 15
5 4 44 14
5 4 26 45
5 4 32 42
5 2 36 43
5 4 34 42
5 4 80 15
5 4 5 52
5 2 57 51
5 2 53 51
7 2 22 90
5 4 34 44
5 4 66 73
5 4 4 6
5 4 74 15
5 4 4 3
5 4 29 82
1 2 28 84
5 2 40 81
5 2 36 82
5 4 18 30
5 2 60 31
5 4 22 23
5 4 68 32
5 4 25 52
1 2 66 51
5 2 53 53
5 4 34 14
5 4 48 11
5 4 8 23
5 2 38 24
5 4 26 64
1 2 44 63
5 2 54 64
1 2 69 65
5 2 84 66
5 3 67 63
5 4 46 34
5 4 64 5
5 4 10 8
5 4 14 9
5 4 18 44
5 4 50 17
5 4 42 25
5 4 2 24
5 4 76 48
5 5 10 76
5 2 74 77
5 2 52 74
1 2 64 75
5 5 8 50
1 2 26 51
5 2 70 51
5 6 10 25
5 6 62 48
5 6 40 11
5 6 32 9
3 2 26 26
5 6 44 20
5 6 28 48
5 6 4 32
5 8 14 19
5 8 42 1
5 8 60 29
5 8 74 5
4 2 26 16
5 10 8 43
8 2 61 59
8 2 54 8
8 2 61 76
8 2 12 73
8 2 32 79
8 2 78 2
8 2 66 25
8 2 64 32
8 2 28 42
8 2 2 2
8 2 18 48
8 2 30 14
8 2 52 4
8 2 15 84
1 2 15 85
5 2 22 83
1 2 74 84
5 2 39 84
8 2 16 15
8 2 30 40
8 2 68 74
8 2 68 21
8 2 74 3
8 2 62 37
8 2 52 15
8 2 33 87
1 2 52 87
1 3 48 86
8 2 56 15
3 2 14 79
8 2 76 74
1 2 76 74
8 2 23 88
1 2 70 87
8 2 16 45
8 2 18 17
8 2 78 47
8 2 42 15
8 2 15 98
8 2 36 22
8 2 2 45
8 2 36 34
8 2 44 24
8 2 14 11
8 2 52 1
8 2 46 13
8 2 44 71
8 2 34 20
8 2 36 24
8 2 14 43
8 2 16 29
8 2 64 5
8 2 17 69
1 2 32 70
8 2 65 54
8 2 72 27
8 2 34 68
8 2 38 84
8 2 60 38
8 2 34 43
8 2 51 88
8 2 52 75
8 2 10 33
8 2 52 29
8 2 78 28
8 2 76 27
8 2 30 69
8 2 46 37
8 2 74 1
8 2 48 2
8 2 40 12
8 2 4 31
8 2 2 4
8 2 74 35
8 2 36 99
8 2 32 4
8 2 43 62
5 2 53 61
5 2 54 60
8 2 72 13
8 2 14 41
8 2 51 98
8 2 66 13
8 2 70 30
8 2 36 61
5 2 80 61
8 2 67 52
8 2 60 64
8 2 13 69
5 2 32 68
5 2 36 67
8 2 18 45
8 2 8 17
8 2 40 7
8 2 20 72
8 2 70 12
8 2 54 47
8 2 18 22
8 2 2 32
8 2 80 56
8 2 51 80
8 2 60 1
8 2 6 28
8 2 60 5
8 2 76 7
8 2 21 70
8 2 42 48
8 2 84 39
8 2 10 52
8 2 8 21
8 2 14 35
8 2 30 42
8 2 14 8
8 2 54 37
8 2 38 20
4 2 84 80
8 2 30 35
4 2 2 1
8 2 70 85
8 2 48 19
8 2 2 19
8 2 6 46
8 2 20 22
8 2 10 20
8 2 80 94
8 2 42 10
8 2 58 7
8 2 66 50
8 2 24 66
8 2 68 72
8 2 76 10
8 2 68 8
8 2 21 73
8 2 36 81
8 2 34 41
8 2 38 4
8 2 78 65
8 2 38 25
8 2 32 72
8 2 18 9
2 2 69 88
8 2 50 13
8 2 6 44
8 2 38 36
8 2 56 2
8 2 20 39
8 2 66 11
8 2 42 6
8 2 26 14
8 2 59 93
8 2 22 48
8 2 42 4
8 2 28 22
8 2 2 23
8 2 60 8
8 2 14 38
8 2 60 2
8 2 48 31
8 2 61 71
8 2 40 91
1 2 40 91
8 2 28 28
8 2 64 47
8 2 54 44
8 2 40 98
8 2 19 56
1 2 18 56
8 2 14 65
5 2 35 64
8 2 36 57
8 2 37 56
2 2 17 83
1 2 71 57
8 2 57 59
8 2 36 23
8 2 38 28
8 2 40 1
8 2 62 34
8 2 48 99
8 2 42 26
8 2 57 79
5 2 64 78
8 2 76 87
8 2 54 32
8 2 81 86
8 2 46 43
8 2 26 32
8 2 42 50
8 2 67 99
8 2 46 53
7 2 76 31
8 2 67 76
8 2 40 27
8 2 30 44
8 2 58 48
8 2 18 44
8 2 4 18
8 2 66 5
8 2 58 43
8 2 59 58
8 2 24 38
8 2 60 26
8 2 74 30
8 2 52 19
8 2 66 27
8 2 22 39
8 2 63 91
4 2 56 79
1 2 81 80
5 2 57 80
8 2 52 1
8 2 62 2
8 2 20 30
8 2 66 17
4 2 31 57
8 2 76 84
5 2 77 83
8 2 66 25
8 2 71 99
8 2 50 36
8 2 6 32
8 2 58 41
8 2 36 11
8 2 12 2
8 2 20 36
8 2 16 47
8 2 16 19
8 2 58 28
8 2 24 69
4 2 44 27
8 2 28 37
8 2 68 25
8 2 56 20
8 2 48 23
8 2 36 19
8 2 22 20
8 2 66 45
8 2 38 42
8 2 44 41
8 2 18 4
8 2 58 77
8 2 69 72
8 2 62 22
8 2 66 68
8 2 16 43
8 2 46 20
8 2 72 97
7 2 45 61
1 2 70 60
8 2 60 23
8 2 10 40
8 2 32 34
8 2 56 61
8 2 63 84
8 2 58 42
7 2 26 46
8 2 64 15
8 2 32 45
8 2 34 44
8 2 10 1
8 2 80 33
8 2 40 100
8 2 30 57
1 2 30 58
8 2 60 21
8 2 52 35
8 2 40 95
8 2 16 28
8 2 16 71
8 2 12 32
8 2 71 71
8 2 64 26
8 2 10 29
8 2 4 1
8 2 58 14
8 2 78 60
4 2 52 2
8 2 13 61
8 2 42 46
8 2 18 43
8 2 22 82
5 2 50 81
8 2 29 60
8 2 30 46
8 2 62 97
8 2 18 65
5 2 25 64
5 2 35 64
8 2 36 63
8 2 81 83
8 2 15 62
8 2 48 21
8 2 88 85
8 2 77 58
8 2 38 20
8 2 54 18
8 2 25 64
8 2 44 57
8 2 67 62
8 2 53 68
8 2 62 99
8 2 26 63
8 2 54 27
8 2 81 70
8 2 66 7
8 3 78 82
8 3 62 86
8 3 73 51
8 3 18 79
1 2 34 78
5 2 75 80
8 2 55 81
8 2 29 78
8 2 50 78
8 2 56 79
8 2 65 78
8 2 70 77
8 3 7 73
5 2 15 72
8 2 7 73
5 2 57 72
8 2 17 71
5 2 23 70
1 2 23 70
8 2 23 71
8 3 13 99
5 2 13 99
1 2 31 99
8 2 13 99
8 2 36 99
8 2 56 98
8 3 34 70
8 2 72 69
8 2 81 68
8 3 55 89
8 2 81 89
8 2 63 89
8 3 20 61
5 2 54 60
8 3 22 90
8 2 23 90
8 3 44 84
8 2 57 84
8 3 59 86
8 3 49 68
8 2 69 67
8 3 2 69
1 2 14 70
1 2 7 70
8 2 76 68
8 3 11 72
8 2 47 71
8 3 47 68
8 3 7 58
8 2 8 56
5 2 42 55
8 4 46 5
8 4 46 49
8 4 28 30
8 4 42 42
8 4 39 79
1 2 83 81
8 4 16 10
8 2 52 11
8 4 12 12
8 4 55 96
1 2 68 95
5 2 73 94
8 2 76 93
8 4 42 65
8 4 56 73
8 4 52 44
8 4 10 36
8 2 16 35
8 2 12 36
8 4 10 88
5 2 64 86
8 4 58 49
8 4 48 40
8 4 62 10
8 2 68 9
8 4 78 18
8 4 43 86
8 4 40 18
8 4 10 10
8 4 66 65
8 4 62 10
8 4 43 68
8 4 44 31
8 4 4 64
5 2 11 64
8 2 54 64
8 2 43 63
8 4 54 55
8 4 24 26
8 4 8 7
8 2 22 7
8 4 30 63
1 2 45 62
8 4 76 39
8 5 61 92
8 5 59 58
8 6 32 38
8 2 34 38
8 2 36 39
8 4 40 37
8 6 36 13
8 6 31 98
1 2 55 99
8 6 28 34
8 6 70 23
8 6 46 22
8 6 52 19
8 6 14 20
8 6 6 10
8 6 28 5
8 6 52 25
8 6 32 9
8 8 20 27
8 8 52 11
8 8 8 41
8 8 22 11
8 10 12 26
3 2 38 89
3 2 26 13
3 2 8 19
3 2 68 18
3 2 40 44
3 2 24 71
1 2 31 70
1 2 25 71
8 2 25 70
8 2 34 69
3 2 38 42
3 2 28 41
3 2 46 6
3 2 54 30
3 2 56 44
3 2 34 77
3 2 82 93
8 2 81 92
3 2 44 14
2 2 36 17
3 2 10 16
3 2 14 1
3 2 32 64
5 2 39 64
8 2 32 63
3 2 6 41
3 2 24 29
3 2 38 41
3 2 26 3
3 2 10 38
3 2 22 47
3 2 8 7
3 2 54 3
3 2 36 18
3 2 34 28
3 2 10 3
3 2 14 18
3 2 22 5
3 2 58 29
3 2 46 21
3 2 30 44
3 2 68 24
3 2 26 26
3 2 10 12
3 2 10 36
3 2 62 31
3 2 26 45
3 2 40 13
3 2 69 68
3 2 38 36
3 2 6 36
3 2 64 37
3 2 3 55
8 2 80 54
3 2 60 25
3 2 4 43
3 2 1 85
1 2 7 84
5 2 73 83
8 2 1 86
1 2 5 85
8 2 10 87
5 2 34 88
5 2 63 89
3 2 48 28
3 2 28 28
3 2 61 90
3 2 34 62
3 2 10 27
3 2 68 33
3 2 26 3
3 2 28 86
3 2 8 44
3 2 62 49
7 2 22 19
3 2 68 61
3 2 20 14
3 2 12 4
3 2 46 53
8 2 52 52
8 2 58 51
3 2 16 9
3 2 52 10
3 2 28 1
3 2 75 51
3 2 46 45
3 2 2 22
3 2 12 8
3 2 41 95
5 2 45 94
8 2 64 95
8 2 69 94
3 2 12 45
3 2 30 36
3 2 55 95
3 2 12 24
3 2 56 22
3 2 42 7
3 2 36 37
3 2 56 50
3 2 56 68
3 2 52 1
3 2 79 81
3 2 37 79
3 2 54 38
3 2 49 96
3 2 42 29
3 2 70 84
3 2 26 35
3 2 28 32
3 2 40 16
3 2 50 22
3 2 26 18
3 2 42 16
3 2 56 34
3 2 6 59
8 2 73 58
3 2 10 29
3 2 22 16
3 2 20 48
3 2 6 6
3 2 12 27
3 2 34 48
3 2 48 7
3 2 22 48
3 2 46 62
3 2 74 62
3 2 24 53
8 2 44 52
7 2 43 61
8 2 30 54
3 2 28 23
3 2 8 76
1 2 9 75
8 2 74 74
3 2 46 19
3 2 74 75
3 2 2 34
3 2 56 24
3 2 18 32
3 2 24 43
3 2 42 10
3 2 46 86
5 2 45 85
8 2 57 85
3 2 36 13
3 2 26 39
3 2 58 38
3 2 24 6
3 2 24 17
3 2 37 73
3 2 20 64
1 2 20 65
2 2 68 40
3 2 75 55
3 2 3 69
3 2 48 6
3 2 44 32
3 2 77 82
3 2 38 26
3 2 18 93
8 2 35 92
1 2 43 93
3 2 20 32
3 2 60 39
3 2 40 25
3 2 60 88
3 2 29 60
3 2 46 4
3 2 64 63
3 2 65 70
3 2 36 86
3 2 44 7
3 2 44 40
3 2 56 28
4 2 9 78
3 2 24 86
3 2 27 78
3 2 50 35
3 2 30 43
3 2 52 37
3 2 69 97
3 2 74 47
3 2 58 4
3 2 40 43
3 2 50 85
3 2 38 54
8 2 69 55
3 2 30 33
3 2 32 64
3 2 50 28
3 2 24 25
3 2 64 95
3 2 44 17
3 2 50 6
3 2 50 30
3 2 42 50
3 2 50 39
3 2 59 62
3 2 27 98
3 2 26 24
3 2 48 33
3 2 16 8
3 2 46 14
3 2 30 14
3 2 52 16
3 2 56 8
3 2 2 9
3 2 12 49
3 2 30 49
3 2 65 98
3 2 4 21
3 2 43 57
8 2 49 56
3 2 6 81
8 2 11 80
5 2 18 81
1 2 48 82
5 2 11 80
8 2 36 79
8 2 15 79
3 2 49 87
3 2 14 27
7 2 12 16
3 2 4 15
3 2 42 18
3 2 32 50
3 2 26 64
8 2 26 65
3 2 10 15
3 2 40 47
3 2 34 18
3 2 72 92
3 2 56 24
3 2 64 3
3 2 26 14
3 2 14 23
3 2 30 27
3 2 38 8
3 2 57 99
3 2 40 97
3 2 20 42
3 2 43 65
3 2 52 7
3 2 17 85
3 2 52 42
3 2 34 66
3 2 46 8
3 2 54 37
3 2 42 22
3 2 38 19
3 2 30 69
3 2 79 54
3 2 2 1
3 2 34 49
3 2 53 99
3 2 40 49
3 2 40 21
3 2 35 65
3 2 6 14
3 2 36 75
3 2 10 14
3 2 38 98
3 2 4 18
3 2 48 44
3 2 8 9
3 2 44 16
3 2 6 22
3 2 23 81
3 2 54 17
3 2 32 85
8 2 41 86
8 2 59 85
8 2 64 85
3 2 52 18
3 2 2 12
3 2 46 9
3 2 66 55
3 2 52 86
3 2 58 47
3 2 10 36
3 2 26 90
5 2 31 91
1 2 36 92
8 2 50 92
8 2 31 92
1 2 30 92
8 2 42 92
3 2 68 74
3 2 22 35
3 2 37 75
3 2 46 42
3 2 20 36
3 2 28 65
3 2 42 50
3 2 71 87
3 2 64 58
7 2 41 88
3 2 56 50
3 2 24 9
3 2 54 74
3 2 47 77
3 2 48 41
3 2 66 58
3 2 49 77
3 2 67 92
3 2 52 41
3 3 13 60
8 2 31 61
3 2 45 61
3 2 25 61
3 2 51 60
3 2 48 59
3 2 16 61
3 2 39 61
3 3 65 100
3 3 18 62
3 3 16 79
8 2 23 78
7 2 16 47
3 2 20 79
3 2 44 77
3 3 29 73
8 2 44 72
3 2 59 72
3 2 50 75
5 2 63 74
3 3 7 66
1 2 25 66
8 2 34 66
3 2 36 67
3 3 63 84
3 3 2 50
3 2 64 51
3 2 65 51
3 3 38 65
3 3 60 92
3 3 8 89
4 2 17 76
5 2 13 88
3 2 42 89
3 3 53 59
3 3 22 64
3 2 49 65
3 3 1 59
1 2 6 58
5 2 17 58
8 2 37 58
3 2 44 57
5 2 47 56
3 2 22 59
3 2 31 60
3 3 58 50
3 3 52 94
3 2 58 93
5 2 58 93
8 2 72 94
3 3 6 58
8 2 30 60
3 3 37 56
3 3 22 88
8 2 66 89
3 3 35 88
3 3 60 86
3 3 55 78
3 4 22 30
3 4 32 30
3 4 28 24
3 2 32 25
3 2 34 26
3 4 16 33
3 2 26 32
3 4 14 47
3 2 28 46
3 4 14 11
3 2 36 10
3 2 32 11
3 4 2 41
3 2 8 40
3 2 12 39
3 2 10 40
3 4 46 38
3 4 26 49
3 4 36 30
3 4 9 69
5 2 44 68
3 2 30 69
3 2 32 68
3 2 56 68
5 2 61 69
1 2 56 68
3 4 24 15
3 4 16 36
3 4 2 31
3 4 16 96
5 2 45 95
8 3 52 94
3 2 68 94
3 2 64 94
3 4 6 41
3 4 17 89
3 2 37 88
8 2 54 87
3 2 65 87
3 4 44 20
3 4 18 25
3 4 8 11
3 4 28 41
3 4 8 33
3 4 44 13
7 2 2 37
3 4 10 5
3 2 14 4
3 4 52 12
3 4 15 83
8 2 49 83
3 4 28 16
3 4 26 6
3 2 32 8
3 4 20 23
3 4 30 7
3 4 42 32
3 4 18 6
3 4 22 11
3 4 52 53
3 4 4 46
2 2 33 73
3 2 20 45
3 2 4 46
3 2 49 72
3 4 46 48
3 4 14 46
3 4 12 5
3 4 8 47
3 4 18 33
3 5 13 87
3 5 36 71
3 5 51 79
3 6 32 39
3 6 20 47
3 6 20 2
3 2 34 2
3 6 38 76
3 6 12 41
3 6 8 83
1 3 7 82
5 2 21 82
1 2 22 81
3 2 50 80
3 6 59 97
3 7 20 81
5 2 17 80
3 3 46 79
3 4 43 81
8 2 65 81
3 8 26 68
3 2 47 69
3 8 38 3
3 9 34 92
5 2 37 92
3 10 20 17
3 18 36 20
6 2 19 58
6 2 22 11
6 2 28 37
6 2 48 37
6 2 28 63
6 2 20 12
6 2 46 78
6 2 40 12
6 2 18 50
6 2 11 64
5 2 25 63
1 2 38 63
3 2 20 64
8 2 20 63
3 2 48 62
3 2 33 63
6 2 1 54
5 2 9 55
8 2 10 55
3 2 11 56
4 2 32 27
6 2 34 36
6 2 48 9
6 2 40 19
6 2 41 51
6 2 28 60
6 2 28 4
6 2 52 38
6 2 18 20
6 2 42 49
6 2 54 6
6 2 50 24
6 2 22 46
6 2 31 63
6 2 18 46
6 2 22 46
6 2 26 40
6 2 42 21
6 2 43 83
4 2 14 23
3 2 66 83
6 2 46 27
6 2 48 97
6 2 18 18
6 2 38 32
6 2 14 19
6 2 14 22
6 2 2 44
6 2 65 66
6 2 14 89
1 2 19 90
3 2 34 90
6 2 20 15
6 2 14 44
6 2 35 73
6 2 30 41
6 2 13 63
6 2 20 47
2 2 4 21
6 2 28 82
6 2 14 24
6 2 22 47
6 2 52 3
6 2 12 28
6 2 39 64
6 2 51 90
6 2 46 8
6 2 34 7
6 2 22 32
6 2 24 45
6 2 12 20
6 2 18 97
5 2 30 96
8 2 41 95
6 2 32 14
6 2 9 51
3 2 65 51
6 2 10 12
6 2 50 47
6 2 19 95
6 2 8 20
6 2 14 52
8 2 19 51
6 2 60 62
6 2 64 84
6 2 28 19
6 2 44 41
6 2 8 15
6 2 54 33
6 2 4 83
5 3 4 84
8 2 4 82
8 2 63 81
6 2 10 24
6 2 8 22
6 2 45 59
4 2 44 1
6 2 32 3
6 2 12 3
6 2 26 96
6 2 28 30
6 2 44 9
6 2 3 70
1 2 3 71
8 2 55 69
6 2 40 24
6 2 36 28
6 2 8 17
6 2 36 41
7 2 51 75
6 2 2 8
6 2 51 63
6 2 22 7
6 2 15 81
6 2 46 44
6 2 28 25
6 2 18 11
6 2 12 53
3 2 69 54
6 2 15 77
8 2 37 76
3 2 14 76
6 2 36 43
6 2 44 70
6 2 57 72
6 2 22 29
6 2 20 12
6 2 5 74
1 2 9 73
3 2 19 73
6 2 4 13
6 2 8 25
6 2 24 74
3 2 51 73
5 2 56 74
6 2 2 71
3 2 5 71
3 2 18 70
6 2 50 34
6 2 37 66
6 2 64 35
6 2 40 25
6 2 27 71
6 2 16 31
6 2 4 98
3 2 42 99
6 2 26 45
6 2 53 80
6 2 68 59
6 2 37 57
6 2 37 69
6 2 51 83
6 2 30 48
6 2 58 81
6 2 34 3
6 2 37 53
6 2 18 28
6 2 16 26
6 2 66 58
6 2 14 84
3 2 36 85
6 2 32 18
6 2 48 42
6 2 26 24
6 2 2 37
6 2 40 18
6 2 61 59
6 2 50 10
6 2 48 9
6 2 8 8
6 2 62 56
6 2 52 50
6 2 24 7
6 2 4 8
6 2 32 74
6 2 14 25
6 2 42 55
6 2 7 83
3 2 10 84
3 2 22 83
1 2 55 84
1 2 30 84
6 2 32 9
6 2 40 26
6 2 20 25
6 2 48 49
6 2 26 36
6 2 33 65
6 2 38 49
6 2 19 73
6 2 6 7
6 2 28 9
6 2 32 26
6 2 26 8
6 2 7 89
3 2 19 90
3 2 52 89
6 2 60 94
6 2 44 41
6 2 44 23
6 2 35 73
6 2 10 16
6 2 6 38
6 2 48 30
6 2 12 6
6 2 32 51
6 2 24 26
6 2 42 17
6 2 48 2
6 2 24 6
6 2 40 89
6 2 46 8
6 2 51 97
6 2 44 38
6 2 40 40
6 2 4 30
6 2 18 30
6 2 46 66
6 2 10 37
6 2 14 16
6 2 30 43
6 2 6 29
6 2 34 82
2 2 61 75
6 2 25 81
6 2 36 48
6 2 19 82
3 2 23 81
6 2 32 32
6 2 34 8
6 2 11 62
6 2 24 39
6 2 8 98
1 2 13 97
5 2 17 96
8 2 45 99
8 2 15 96
8 2 23 99
3 2 30 99
3 2 32 99
6 2 23 53
6 2 28 44
6 2 35 98
6 2 57 71
6 2 52 83
6 2 8 38
6 2 46 85
6 2 44 43
6 2 4 37
6 2 48 45
6 2 10 4
6 2 23 69
6 2 40 1
6 2 22 22
6 2 15 96
8 2 22 96
1 2 52 95
6 2 32 96
1 2 49 95
3 2 41 95
6 2 35 90
8 2 35 90
3 2 38 89
5 2 52 88
6 2 14 4
6 2 47 90
6 2 28 23
6 2 32 7
6 2 36 5
6 2 32 16
6 2 26 48
6 2 11 81
1 2 11 82
6 2 36 30
6 2 52 91
6 2 56 52
6 2 56 55
6 2 12 97
6 2 51 77
6 2 11 75
3 2 19 76
3 2 11 76
8 2 28 76
6 2 36 3
6 2 36 75
6 2 60 52
6 3 6 85
5 2 8 85
6 2 39 84
1 2 42 85
6 2 24 83
6 2 40 86
6 2 60 82
6 2 16 84
6 3 8 83
6 3 37 88
6 2 41 86
6 3 2 92
3 2 13 92
5 2 18 93
8 2 27 93
6 2 53 91
6 2 42 92
6 2 20 91
6 2 47 94
6 2 48 92
1 2 54 92
6 3 15 87
8 2 30 86
6 2 37 86
6 2 46 86
6 3 52 71
6 3 32 90
6 3 6 99
8 2 5 99
6 2 11 99
3 2 16 98
6 2 25 99
5 2 25 99
6 3 32 53
3 2 44 53
6 3 49 52
5 2 49 54
6 3 19 80
6 2 39 79
5 2 43 78
6 3 27 55
3 2 27 56
6 2 31 56
6 3 32 88
6 3 16 64
6 3 15 57
3 2 14 58
6 2 21 56
6 2 59 58
6 2 54 59
6 3 19 57
5 2 31 58
4 2 6 5
6 2 47 58
6 3 40 67
6 3 23 77
6 2 33 76
6 3 26 79
6 2 29 79
5 2 41 78
6 3 8 70
3 2 32 70
6 2 45 69
6 3 16 91
3 2 20 92
6 2 28 90
6 2 59 93
6 2 25 91
6 3 43 65
6 3 55 89
6 3 52 90
6 4 40 42
6 4 26 26
6 2 40 27
6 4 20 94
6 2 59 94
6 4 58 34
6 4 42 68
6 4 2 15
6 2 20 17
6 4 21 65
6 3 26 68
6 3 23 64
6 4 16 38
6 4 46 6
6 4 14 92
6 2 30 92
8 2 53 92
6 3 35 91
6 3 32 93
6 4 30 23
6 4 4 20
6 2 16 21
6 4 12 47
6 4 46 31
6 4 24 3
6 4 57 81
6 4 4 11
6 2 10 11
6 2 14 10
6 4 30 39
6 2 48 40
6 4 2 31
6 2 40 32
6 4 10 1
6 4 17 62
6 2 28 62
6 3 43 60
6 2 47 60
6 4 13 72
4 2 36 40
6 2 15 73
6 2 43 74
8 2 43 75
6 4 36 34
6 2 42 33
6 2 38 34
6 4 28 49
6 4 52 45
6 4 4 31
6 4 44 39
6 4 34 4
6 4 40 29
6 4 30 62
3 2 45 61
6 2 31 63
6 4 26 22
6 4 18 16
6 4 30 71
6 4 12 30
6 4 40 12
6 4 22 49
6 4 24 33
6 5 46 63
6 5 8 95
1 2 30 95
3 2 34 96
3 2 9 94
6 2 25 96
6 4 29 98
6 2 44 97
6 4 42 99
5 2 39 99
6 5 3 76
5 2 9 75
8 2 8 77
6 2 7 75
3 2 14 76
6 3 22 76
6 4 26 77
6 5 14 66
6 5 34 50
6 2 47 51
6 5 23 85
5 2 30 87
6 2 28 85
6 6 20 36
6 6 62 53
6 6 24 86
2 2 28 7
6 2 25 85
6 6 30 1
6 6 36 31
6 6 24 20
6 6 46 35
6 6 26 42
6 6 4 42
6 2 20 44
6 2 18 43
6 4 12 40
6 4 8 42
6 4 18 41
6 4 12 42
6 6 46 13
6 6 20 23
6 6 28 13
6 6 6 1
6 6 16 33
6 6 46 28
6 6 4 25
6 8 49 94
6 8 34 61
6 2 53 59
6 8 10 46
6 8 38 47
6 10 10 32
6 10 28 17
2 2 12 35
6 10 20 5
6 10 45 72
6 10 16 8
6 12 30 45
6 16 6 3
2 2 11 92
5 2 45 91
2 2 16 38
4 2 32 31
2 2 20 9
2 2 32 23
2 2 35 83
2 2 2 35
2 2 44 27
2 2 20 1
2 2 29 86
2 2 13 85
3 2 12 85
8 2 21 86
2 2 10 47
2 2 42 14
2 2 42 45
2 2 3 82
3 2 22 81
2 2 38 24
2 2 22 41
2 2 14 90
1 2 34 89
8 2 29 89
2 2 2 45
2 2 18 8
2 2 6 16
2 2 18 82
2 2 18 37
2 2 26 22
2 2 28 17
2 2 30 47
2 2 20 50
2 2 8 1
2 2 43 68
5 2 43 69
2 2 21 62
2 2 45 66
2 2 8 100
2 2 26 48
2 2 11 78
8 2 38 79
2 2 24 73
2 2 38 19
2 2 40 2
2 2 40 10
2 2 25 87
2 2 8 43
2 2 6 39
2 2 24 33
2 2 19 63
2 2 24 23
2 2 20 1
2 2 18 20
2 2 8 36
2 2 46 39
2 2 38 9
2 2 42 63
2 2 20 33
2 2 23 89
2 2 30 8
2 2 19 80
2 2 29 68
6 2 29 67
3 2 38 67
2 2 8 68
6 2 26 67
3 2 14 67
2 2 60 53
2 2 26 96
2 2 30 12
2 2 6 12
2 2 27 56
3 2 45 55
2 2 8 48
2 2 34 33
2 2 56 51
2 2 39 69
2 2 32 23
2 2 38 62
2 2 28 28
2 2 6 10
2 2 30 25
2 2 12 29
2 2 51 78
2 2 46 57
2 2 2 10
2 2 22 59
6 2 24 58
2 2 44 38
2 2 38 93
2 2 20 19
2 2 2 32
2 2 4 49
2 2 16 91
5 2 15 91
5 2 22 90
2 2 34 9
2 2 42 29
2 2 2 4
2 2 14 27
2 2 22 21
2 2 1 83
1 2 19 82
4 2 14 36
8 2 11 84
3 2 45 81
6 2 49 80
2 2 24 37
2 2 30 64
2 2 28 86
1 2 43 87
2 2 43 63
2 2 51 80
2 2 6 35
2 2 31 73
2 2 2 43
2 2 30 43
2 2 24 1
2 2 30 50
2 2 46 97
2 2 26 34
2 2 20 44
2 2 24 47
2 2 2 90
2 2 26 32
2 2 16 36
2 2 10 10
2 2 6 14
2 2 33 61
2 2 8 43
2 2 20 49
2 2 33 72
2 2 56 59
2 2 30 98
6 2 35 99
2 2 32 70
2 2 24 26
2 2 36 74
2 2 35 91
2 2 6 33
2 2 20 24
2 2 19 99
2 2 13 51
2 2 34 41
2 2 30 35
2 2 16 30
2 2 2 41
2 2 14 12
2 2 51 58
4 2 30 6
2 2 34 37
2 2 39 84
2 2 33 100
2 2 59 56
2 2 28 61
2 2 42 45
2 2 26 1
2 2 49 75
2 2 4 4
2 2 18 85
2 2 39 72
2 2 24 14
2 2 42 66
2 2 26 15
2 2 52 93
8 2 52 94
2 2 16 28
2 2 20 42
2 2 4 20
2 2 14 6
2 2 22 34
2 2 16 71
6 2 34 70
3 2 35 70
4 2 47 98
2 2 22 50
2 2 46 2
2 2 47 92
2 2 24 68
8 2 24 67
6 2 30 66
2 2 10 25
2 2 4 40
2 2 21 98
2 2 4 13
4 2 2 7
2 2 9 60
2 2 42 2
2 2 43 94
2 2 28 38
2 2 21 81
2 2 4 6
2 2 8 14
2 2 19 88
2 2 21 86
2 2 43 82
1 2 43 82
5 2 46 81
2 2 4 8
2 2 31 58
2 2 16 21
2 2 32 34
2 2 9 91
2 2 36 60
2 2 41 90
2 2 49 93
2 2 49 56
3 2 51 55
2 2 41 59
2 2 35 57
1 2 34 57
2 2 2 7
2 2 10 8
2 2 8 7
2 2 29 99
2 2 24 36
2 2 22 7
2 2 4 7
2 3 11 97
2 2 26 97
6 2 28 97
2 2 45 96
2 3 14 60
2 2 31 61
2 2 47 59
2 3 19 69
2 2 36 68
2 2 37 69
2 3 40 94
2 3 21 90
2 3 25 55
6 2 48 55
1 2 58 54
3 2 44 56
2 2 50 55
2 3 8 75
6 2 33 75
2 2 32 75
4 2 32 64
2 3 36 57
2 3 19 54
8 2 58 53
2 2 31 53
2 2 25 54
1 2 37 54
2 2 44 55
2 2 32 54
5 2 32 54
2 3 24 76
2 2 40 77
2 2 33 78
5 2 33 78
2 2 36 79
2 3 35 81
2 3 9 53
1 2 17 53
1 2 8 53
1 2 26 53
8 2 23 54
6 2 41 55
3 2 8 53
8 2 16 52
2 2 24 51
3 2 24 52
2 2 31 52
2 3 29 53
3 2 40 53
2 2 45 52
2 3 44 89
2 3 26 53
2 2 34 53
2 3 28 73
3 2 28 72
2 3 16 84
2 3 6 58
1 2 9 58
2 3 43 78
2 3 38 97
2 3 43 57
5 2 46 56
2 3 21 52
2 3 13 88
5 2 12 87
6 2 35 87
3 2 23 87
2 2 35 88
2 2 28 86
2 2 30 89
5 2 29 89
2 2 28 89
2 3 33 55
2 3 4 68
1 2 13 67
6 2 4 67
5 2 4 67
8 2 3 67
8 2 15 68
8 2 37 69
2 2 59 66
2 2 25 69
2 2 9 67
2 2 14 69
3 2 20 70
2 2 21 70
5 2 21 70
2 3 15 65
8 2 14 64
2 2 28 66
2 2 25 65
2 2 29 63
2 2 23 63
7 2 2 77
8 2 39 62
2 2 14 78
6 2 14 79
2 2 33 62
2 2 31 77
2 3 30 54
2 4 21 66
2 4 4 29
2 2 18 30
2 4 30 96
8 2 29 97
2 4 20 38
2 4 18 71
1 2 31 73
7 2 23 55
2 2 33 74
2 4 11 63
6 2 32 62
2 4 34 48
2 4 6 88
3 2 10 90
6 2 25 91
2 2 35 91
2 2 31 92
2 4 16 73
2 4 22 28
2 2 24 28
2 4 2 22
2 4 18 34
2 2 24 34
2 4 26 24
2 4 28 33
2 4 12 10
2 4 3 75
6 2 20 75
2 2 9 74
5 2 25 75
2 2 17 74
2 4 50 15
2 4 42 17
2 4 2 38
2 2 12 37
2 4 38 28
2 4 24 44
2 4 29 77
2 4 36 10
2 4 12 17
2 2 32 16
2 4 8 26
2 4 4 44
2 2 28 46
2 4 20 3
2 4 4 2
2 4 44 35
2 4 16 40
2 4 12 42
2 4 38 15
2 4 7 68
2 5 25 81
5 2 25 80
2 5 39 70
2 5 27 100
3 2 27 99
2 5 21 96
6 2 34 97
2 2 29 96
2 5 28 59
2 6 4 47
2 2 20 46
2 6 10 50
2 6 32 18
2 6 10 16
2 4 22 15
2 6 9 80
8 2 8 79
2 2 13 79
2 2 20 78
3 2 20 79
6 2 26 79
2 4 16 77
2 4 15 82
2 6 36 21
2 6 34 5
2 6 8 5
2 6 26 6
2 6 14 35
2 6 26 44
2 6 26 19
2 6 48 88
2 8 5 79
1 2 6 77
6 2 4 80
6 2 6 77
8 2 3 77
2 8 10 19
2 8 12 48
2 8 18 8
2 2 18 9
2 8 8 24
2 8 37 58
3 2 43 59
2 8 34 13
2 8 24 30
2 4 38 30
2 8 30 45
2 9 40 50
2 10 4 17
2 10 10 32
2 10 26 4
2 10 10 23
2 10 34 34
2 12 34 51
2 12 26 10
2 12 26 88
2 12 34 27
2 14 18 16
2 18 38 39
2 18 30 30
2 18 26 39
2 22 10 38
2 28 16 47
7 2 40 70
7 2 24 19
7 2 36 51
8 2 36 51
7 2 34 67
2 2 47 66
1 2 47 66
7 2 15 85
1 2 15 86
7 2 6 2
7 2 18 65
7 2 3 61
2 2 2 61
1 2 16 60
3 2 7 61
2 2 6 60
6 2 28 59
7 2 24 5
7 2 14 79
7 2 33 87
7 2 22 21
7 2 4 81
7 2 5 79
2 2 13 79
7 2 32 25
7 2 48 56
7 2 22 68
1 2 21 68
7 2 13 60
1 2 19 59
8 2 22 59
3 2 22 60
2 2 18 59
7 2 6 4
7 2 28 17
7 2 41 95
7 2 21 53
7 2 34 33
7 2 17 55
8 2 33 55
3 2 20 54
8 2 20 55
2 2 36 55
7 2 23 68
7 2 2 33
7 2 20 12
7 2 34 71
7 2 13 86
2 2 17 85
2 2 32 86
7 2 34 63
8 2 34 63
1 2 34 63
7 2 30 95
7 2 24 37
7 2 2 3
7 2 2 37
7 2 28 43
7 2 26 6
7 2 24 48
7 2 36 55
7 2 30 17
7 2 5 60
8 2 5 59
7 2 20 9
7 2 4 76
2 2 23 75
7 2 6 45
7 2 24 52
6 2 24 52
5 2 31 51
1 2 24 51
6 2 30 52
7 2 22 84
5 2 25 83
2 2 36 82
7 2 22 66
1 2 21 66
2 2 29 66
7 2 26 18
7 2 22 9
7 2 10 70
7 2 28 55
7 2 30 91
7 2 33 83
7 2 26 1
7 2 18 63
7 2 2 20
7 2 6 78
4 2 44 66
3 2 44 67
7 2 25 85
3 2 25 86
7 2 33 69
2 2 33 70
7 2 33 55
7 2 12 23
7 2 15 96
2 2 34 96
7 2 30 26
7 2 31 98
7 2 23 100
4 2 19 99
6 2 19 99
3 2 19 100
7 2 20 66
7 2 20 19
7 2 1 94
8 2 1 95
5 2 7 94
6 2 30 94
2 2 21 93
2 2 1 96
6 2 15 95
8 2 20 96
2 2 5 96
1 2 13 97
2 2 13 97
7 2 11 93
2 2 13 92
7 2 30 76
6 2 30 76
7 2 20 24
7 2 14 91
2 2 15 90
1 2 22 89
8 2 15 89
7 2 31 93
7 2 37 95
2 2 36 94
7 2 19 88
7 2 7 94
7 2 18 20
7 2 29 66
7 2 24 52
7 2 2 22
7 2 24 70
4 2 35 56
7 2 23 97
7 2 31 66
7 2 11 70
7 2 39 62
7 2 4 55
6 2 15 54
6 2 9 55
1 2 13 54
1 2 18 53
3 2 30 53
7 2 36 84
7 2 36 72
7 2 24 70
7 2 25 64
7 2 22 11
7 2 30 54
7 2 9 89
8 2 9 89
5 2 17 88
7 2 8 30
7 2 37 56
7 2 26 4
4 2 26 28
7 2 18 89
7 3 29 75
2 2 40 74
7 3 33 92
7 3 7 85
1 2 6 84
7 2 8 83
7 2 39 82
1 2 39 82
4 2 34 62
7 2 26 84
4 2 29 69
1 2 29 70
7 2 29 69
7 2 33 62
7 3 36 75
3 2 35 75
7 2 37 74
7 3 3 64
1 2 31 62
4 2 3 59
5 2 6 62
6 2 2 63
5 2 10 62
2 3 21 63
8 2 6 60
3 2 4 64
7 2 21 65
6 2 30 66
8 2 30 67
3 2 30 66
7 2 9 66
2 2 29 66
7 2 9 59
8 2 14 58
7 3 13 84
6 2 12 82
3 2 12 83
5 2 11 82
7 2 22 83
7 2 18 84
2 2 25 85
7 2 28 82
7 3 19 68
7 2 25 69
7 3 27 74
7 3 27 71
8 2 27 72
7 3 2 90
7 2 15 91
7 2 24 92
7 3 18 82
7 2 23 81
7 2 24 80
1 2 24 80
7 3 6 76
1 2 25 74
2 2 10 75
7 2 21 75
7 3 3 87
1 2 16 86
2 2 10 87
6 2 11 86
7 3 16 76
7 2 28 74
7 3 17 75
7 3 45 93
4 2 35 95
7 4 28 35
7 4 8 81
7 2 29 80
7 4 4 18
7 2 12 18
7 4 29 78
7 4 18 55
7 2 22 55
7 2 24 52
1 2 24 52
7 4 32 49
7 4 8 97
7 2 23 97
7 2 17 96
7 4 27 81
7 4 10 56
2 2 16 56
7 2 10 55
5 2 10 56
2 2 10 57
7 4 5 92
8 2 6 92
5 2 10 93
5 2 35 92
3 2 28 92
7 2 29 94
7 2 26 94
7 2 8 91
7 2 32 94
7 2 19 91
7 4 36 2
7 4 10 11
7 4 25 87
7 4 18 47
7 4 18 17
7 2 18 17
7 4 32 92
7 4 26 99
1 2 24 97
2 2 25 99
7 4 4 1
7 4 10 9
7 2 14 8
7 2 24 10
7 4 3 53
1 2 2 54
5 2 2 52
5 2 4 53
2 2 5 54
7 3 4 53
3 2 6 54
7 4 22 9
7 4 23 52
7 4 18 13
7 4 36 93
7 4 14 14
7 2 20 13
7 2 16 14
7 4 32 15
7 4 36 35
7 5 14 89
7 2 16 89
7 2 19 90
7 5 14 83
7 5 29 57
7 6 26 58
7 6 23 60
7 6 15 60
7 2 23 60
7 2 14 60
4 2 27 53
5 2 24 59
7 6 28 37
7 6 15 85
7 5 17 86
7 6 36 27
7 6 12 39
7 6 3 85
2 2 15 84
2 2 22 84
7 6 20 88
6 2 17 87
7 6 13 62
8 2 19 64
7 3 17 61
7 6 10 75
8 2 8 74
4 2 18 81
7 2 21 80
3 2 21 80
7 4 21 72
5 2 26 72
7 2 26 72
7 7 15 63
5 2 14 63
7 7 11 80
5 2 7 81
7 2 16 80
7 6 19 78
7 7 5 60
5 2 4 57
1 2 3 59
7 2 35 57
7 4 28 58
7 5 25 59
7 8 28 22
7 8 16 32
7 8 24 43
7 9 7 69
6 2 17 68
5 2 22 69
2 2 18 69
7 2 11 69
7 9 16 92
5 2 12 91
2 2 13 91
1 2 16 92
8 2 20 92
3 2 13 90
7 2 20 94
7 2 16 93
7 10 19 98
7 10 15 59
8 2 19 57
7 10 12 6
7 11 18 71
7 11 28 50
7 11 20 50
7 12 18 23
7 2 18 23
7 12 20 26
7 8 26 28
7 16 24 24
7 18 28 14
7 18 12 4
7 2 12 4
7 2 8 3
7 18 12 30
7 2 14 33
7 16 20 31
7 20 18 10
7 20 6 41
7 16 18 45
7 20 20 5
7 20 6 34
7 22 10 48
8 2 5 51
7 24 6 10
7 24 20 2
7 36 14 16
7 70 20 39
7 82 14 20
4 2 30 74
4 2 8 77
4 2 26 88
4 2 2 65
4 2 12 71
6 2 21 71
4 2 40 51
4 2 3 57
6 2 3 56
2 2 17 57
3 2 10 56
4 2 21 62
4 2 25 56
4 2 2 90
5 2 1 89
4 2 4 89
4 2 35 67
4 2 2 73
7 2 8 72
4 2 19 79
4 2 2 76
4 2 1 93
2 2 17 94
4 2 8 64
4 2 2 88
4 2 19 92
4 2 4 57
5 2 7 56
8 2 6 57
1 2 15 56
6 2 16 56
4 2 32 67
4 2 27 72
4 3 22 80
4 3 9 99
2 2 10 99
4 4 6 97
4 4 25 77
4 5 6 69
3 2 18 67
4 5 4 82
3 2 14 81
4 2 14 81
5 2 13 81
4 2 27 82
4 5 9 92
5 2 7 91
1 2 8 92
7 2 19 93
8 2 8 93
8 2 14 94
6 2 8 94
6 2 7 93
3 2 8 93
4 5 7 79
4 6 23 64
4 7 3 85
6 2 7 85
5 2 11 86
3 2 2 86
3 2 11 87
4 8 23 82
1 2 18 82
4 10 28 66
7 2 24 67
4 12 17 83
5 2 14 83
8 2 16 82
7 2 13 85
7 2 13 82
8 2 13 83
6 4 15 82
2 2 15 83
3 3 14 84
4 13 22 67
3 2 19 66
6 2 19 67
4 20 9 57
5 2 13 53
2 2 19 60
2 3 2 54
7 2 12 54
3 2 17 56
7 2 9 52
5 2 9 53
7 2 5 58
3 2 6 60
1 2 9 59
4 3 19 58
4 5 11 58
8 2 10 57
3 2 12 56
4 24 22 87
1 2 14 87
7 2 14 87
3 2 15 88
4 51 23 95
5 2 18 97
2 3 16 97
7 5 15 96
3 2 14 98
4 1031 24 12
4 2 13 32
5 2 4 3
1 2 5 26
5 2 9 49
5 2 7 9
5 2 11 16
5 2 13 16
2 2 6 44
2 2 7 29
3 2 7 24
2 2 3 43
2 2 4 2
2 2 10 14
2 2 9 16
2 2 2 1
7 2 3 23
7 2 13 13
7 2 10 15
7 3 9 17
7 2 12 16
1 2 4 41
1 2 3 34
1 2 7 20
1 2 6 4
1 2 8 6
1 2 6 22
1 3 7 45
1 3 13 21
3 2 3 24
3 2 5 43
8 2 7 17
3 2 6 21
3 3 7 8
8 3 5 5
8 3 3 33
8 3 5 43
4 2 5 44
6 2 5 18
7 2 5 19
6 2 5 32
6 4 8 48
7 2 8 47
8 2 8 48
