615106
2680
1 8 35 30
1 8 61 49
1 8 67 20
1 8 75 6
1 8 79 46
1 6 1 15
1 6 10 40
1 6 33 26
1 6 35 4
1 6 42 19
1 6 49 7
1 6 57 20
1 6 81 27
1 6 86 21
1 5 22 82
1 5 41 59
1 5 92 60
1 4 8 8
1 4 5 20
1 4 8 18
1 6 9 16
1 4 9 34
1 4 11 29
1 4 14 23
1 4 15 4
1 4 15 21
1 4 21 36
1 4 24 19
1 4 25 36
1 4 31 16
1 4 34 43
1 6 67 43
1 4 39 34
1 4 45 22
1 4 48 40
1 4 47 47
1 4 49 14
1 4 50 16
1 4 50 22
1 4 51 9
1 4 59 19
1 4 63 84
1 4 63 1
1 4 68 46
1 4 67 14
1 4 68 36
1 4 73 87
1 4 82 45
1 4 80 78
1 4 81 3
1 4 82 86
1 4 83 37
1 4 83 55
1 4 90 29
1 4 91 67
1 3 3 91
1 4 20 90
1 3 11 53
1 4 22 52
1 3 12 91
1 3 13 98
1 4 49 98
1 3 15 78
1 3 21 76
1 4 37 76
1 3 23 72
1 3 24 54
1 3 34 83
1 3 34 55
1 4 77 56
1 3 35 53
1 3 38 91
1 3 44 85
1 3 61 100
1 3 73 59
1 3 74 75
1 3 82 51
1 3 88 73
1 3 89 76
1 3 90 79
1 3 90 63
1 2 1 8
1 2 1 13
1 4 41 12
1 4 44 11
1 4 60 13
1 4 79 12
1 2 1 30
1 2 1 96
1 3 87 97
1 2 4 15
1 2 4 21
1 2 3 30
1 2 3 40
1 2 3 48
1 2 5 5
1 2 5 10
1 4 10 9
1 2 5 17
1 2 5 37
1 4 27 36
1 4 71 36
1 2 5 39
1 2 5 72
1 3 41 74
1 3 77 73
1 2 5 87
1 2 6 63
1 2 6 65
1 3 75 65
1 2 6 68
1 2 7 23
1 2 7 26
1 4 61 27
1 4 85 28
1 2 7 29
1 2 8 36
1 4 49 35
1 2 8 42
1 2 8 47
1 2 8 76
1 3 13 76
1 3 67 76
1 2 9 12
1 2 9 14
1 2 9 48
1 2 10 68
1 3 16 69
1 2 10 79
1 2 10 99
1 2 11 1
1 2 12 10
1 2 11 20
1 2 11 35
1 2 11 65
1 2 11 78
1 2 14 7
1 2 16 25
1 2 16 36
1 2 15 55
1 2 15 78
1 2 18 9
1 2 17 12
1 2 18 26
1 2 17 45
1 4 39 45
1 2 17 71
1 2 19 9
1 2 19 19
1 2 20 33
1 2 19 43
1 2 20 46
1 2 21 40
1 2 21 44
1 2 21 62
1 2 24 42
1 2 23 46
1 2 23 50
1 2 25 17
1 2 25 46
1 4 66 45
1 2 28 6
1 2 28 11
1 2 27 13
1 2 27 21
1 2 28 86
1 2 30 8
1 2 29 37
1 2 29 65
1 3 76 65
1 2 30 88
1 2 31 96
1 2 32 3
1 2 31 47
1 2 33 53
1 2 32 70
1 2 34 16
1 2 33 23
1 2 33 29
1 2 33 71
1 3 45 71
1 2 35 2
1 2 36 11
1 2 35 36
1 2 35 43
1 2 35 98
1 2 36 59
1 2 38 29
1 2 37 88
1 2 39 29
1 2 40 31
1 2 40 38
1 2 40 43
1 2 40 48
1 2 39 92
1 2 40 77
1 3 76 75
1 2 42 27
1 2 42 45
1 2 41 93
1 2 42 58
1 2 42 99
1 2 43 16
1 2 43 21
1 2 43 33
1 2 44 35
1 2 43 38
1 2 44 41
1 2 45 54
1 2 45 12
1 2 46 31
1 4 89 31
1 2 45 90
1 2 46 52
1 2 46 87
1 2 48 50
1 2 47 60
1 2 48 65
1 3 49 64
1 2 48 88
1 2 50 16
1 2 50 28
1 2 49 68
1 2 50 69
1 2 50 87
1 2 52 1
1 2 52 7
1 2 52 13
1 2 53 84
1 2 53 1
1 2 54 7
1 2 53 29
1 2 54 31
1 2 53 38
1 2 53 89
1 2 55 51
1 2 55 74
1 2 57 8
1 2 58 16
1 4 74 17
1 2 57 48
1 4 79 48
1 2 57 80
1 3 85 80
1 2 58 72
1 2 59 6
1 2 59 38
1 2 59 54
1 2 61 27
1 2 61 29
1 2 61 56
1 2 63 2
1 2 64 4
1 2 64 10
1 2 63 19
1 2 64 21
1 2 63 52
1 2 63 75
1 2 66 12
1 2 67 27
1 2 68 41
1 2 70 4
1 2 71 9
1 2 71 31
1 2 74 11
1 2 73 20
1 2 74 34
1 2 74 60
1 2 74 69
1 2 74 92
1 2 75 12
1 2 75 14
1 2 76 36
1 2 78 33
1 2 78 38
1 2 78 70
1 2 79 10
1 2 80 16
1 2 79 46
1 2 82 70
1 2 83 6
1 2 83 10
1 2 84 18
1 2 83 32
1 2 83 38
1 2 83 50
1 2 86 26
1 2 85 42
1 2 87 40
1 2 88 66
1 2 89 44
1 2 91 5
1 2 92 80
1 2 93 3
1 2 94 5
1 2 93 47
1 2 94 49
1 2 93 94
1 2 94 94
1 2 95 24
5 10 7 43
5 10 34 43
5 10 63 29
5 8 11 20
5 8 27 15
5 8 41 59
5 8 47 1
5 8 88 4
5 6 2 33
5 6 11 26
5 6 34 49
5 6 37 9
5 6 37 20
5 6 43 11
5 6 51 34
5 6 63 48
5 5 5 50
1 2 68 52
1 2 86 52
5 5 11 77
1 2 63 78
1 2 77 75
5 5 64 91
1 2 86 90
1 2 93 89
5 5 66 78
5 4 2 3
5 4 1 24
5 4 3 7
5 4 3 46
5 4 4 54
1 2 77 53
1 2 87 51
5 4 5 76
5 4 7 5
5 6 78 4
5 4 8 8
5 4 9 10
5 4 13 9
5 4 15 44
5 4 20 3
5 4 20 30
5 4 24 45
5 4 24 64
1 3 64 62
1 2 44 63
5 4 26 21
5 6 82 23
5 4 27 47
5 8 72 50
5 4 28 84
1 2 28 84
5 4 35 42
5 4 37 14
5 6 46 14
5 6 73 16
5 4 40 25
5 4 37 88
5 4 44 29
5 4 47 11
5 4 48 20
5 4 58 28
5 4 59 42
5 4 62 74
5 4 67 32
5 4 69 5
5 4 70 19
5 4 72 27
5 4 73 13
5 4 75 15
5 4 76 30
5 4 77 73
5 4 85 34
5 4 85 39
5 4 92 63
5 3 4 61
1 2 38 61
1 2 77 62
5 3 3 69
5 3 4 79
1 2 46 80
1 2 52 80
5 3 31 90
5 3 37 95
1 2 81 96
5 4 79 96
5 3 37 59
5 3 42 88
1 2 60 89
1 2 86 89
5 3 46 70
5 3 47 56
5 3 52 76
5 3 51 95
1 2 57 97
1 2 65 95
5 3 52 91
5 3 58 50
5 3 58 57
1 2 64 56
5 3 58 72
1 2 65 72
5 3 59 83
1 2 75 84
5 3 67 71
5 3 70 65
5 3 73 77
5 3 78 89
5 3 87 86
5 2 2 10
5 2 1 18
5 6 54 19
5 4 69 16
5 2 1 36
5 2 5 3
5 4 59 3
5 2 5 16
5 4 50 16
5 2 6 24
5 4 28 23
5 4 46 24
5 2 5 31
5 2 5 37
5 2 6 40
5 4 7 39
5 4 66 39
5 2 8 13
5 2 7 23
5 2 7 26
5 2 7 43
5 2 8 65
1 2 10 66
5 3 78 65
5 3 85 67
5 2 9 18
5 2 9 22
5 4 53 21
5 4 61 22
5 2 9 29
5 2 10 32
5 2 9 66
5 2 10 95
1 2 36 96
1 3 49 94
5 3 80 96
5 2 11 25
5 4 40 25
5 4 70 25
5 2 11 30
5 2 11 32
5 2 12 49
5 4 18 49
5 2 12 96
5 2 14 1
5 4 35 2
5 2 13 26
5 2 13 48
5 2 13 62
5 2 16 9
5 2 15 11
5 2 16 14
5 2 16 26
5 2 16 37
5 4 49 36
5 2 16 41
5 2 15 68
5 2 15 78
5 3 67 77
5 4 77 79
5 2 17 3
5 4 40 3
5 4 49 2
5 2 17 8
5 2 17 13
5 2 17 24
5 2 18 100
5 4 72 100
1 2 75 99
5 2 18 88
5 3 45 90
5 3 62 87
5 2 19 21
5 2 20 23
5 2 19 25
5 2 19 36
5 2 19 42
5 2 21 17
5 2 21 34
5 4 28 33
5 2 21 49
5 2 22 53
5 3 24 53
1 3 26 51
5 3 44 53
5 2 22 97
5 2 23 11
5 2 23 28
5 2 24 31
5 2 23 34
5 2 23 38
5 2 28 7
5 4 66 6
5 2 27 10
5 2 28 24
5 2 28 28
5 2 28 34
5 2 28 52
5 2 29 9
5 2 29 12
5 2 30 97
5 2 31 1
5 2 31 12
5 2 32 14
5 2 31 46
5 2 33 81
5 2 32 94
1 2 61 94
5 2 34 5
5 2 34 22
5 2 34 32
5 2 33 36
5 2 33 46
5 2 33 73
1 2 56 73
5 2 34 77
1 2 44 79
5 2 34 97
5 2 35 4
5 2 35 8
5 2 35 27
5 2 35 38
5 2 35 64
5 3 57 63
5 2 36 82
5 2 38 18
5 2 37 43
5 2 39 8
5 4 71 8
5 2 40 20
5 2 42 16
5 2 41 41
5 2 42 66
5 2 44 6
5 2 43 60
5 3 52 59
5 2 44 91
5 2 45 29
5 2 45 75
5 2 48 5
5 2 47 39
5 2 49 13
5 2 50 44
5 2 50 49
5 2 52 7
5 2 52 12
5 2 51 26
5 2 52 41
5 2 53 1
5 2 53 33
5 2 53 64
5 2 53 96
5 2 54 61
5 3 55 59
1 2 84 58
5 2 54 75
5 2 55 1
5 2 56 10
5 2 55 14
5 2 55 46
5 2 55 79
5 2 55 85
5 2 56 73
5 2 57 14
5 2 57 37
5 2 59 11
5 2 59 26
5 2 59 44
5 2 59 76
5 2 60 86
5 3 74 85
5 2 60 98
5 2 62 54
5 2 63 9
5 2 63 17
5 2 63 36
5 2 63 42
5 2 63 48
5 2 66 50
5 2 67 40
5 2 70 2
5 2 69 45
5 2 71 11
5 2 72 27
5 2 71 32
5 2 71 38
5 2 73 49
5 2 73 67
5 2 76 2
5 2 75 27
5 2 75 33
5 2 77 52
5 2 77 7
5 2 77 22
5 2 77 35
5 2 78 44
5 2 77 47
5 2 77 62
5 2 79 10
5 2 82 39
5 2 82 41
5 2 83 72
5 2 82 92
5 2 83 28
5 2 84 41
5 2 84 89
5 2 85 57
5 2 86 69
5 2 87 35
5 2 87 69
3 12 22 18
3 12 44 23
3 10 32 46
3 8 26 79
5 2 25 80
5 2 78 79
3 8 34 94
5 2 40 93
3 8 49 20
3 6 11 39
3 6 15 5
3 6 16 42
3 6 16 87
5 2 41 85
5 2 87 85
3 6 22 2
3 6 21 81
5 2 26 81
5 3 81 82
5 2 35 78
3 8 49 81
5 2 49 80
5 2 51 82
1 2 51 82
3 6 24 30
3 6 25 68
5 2 35 68
3 6 28 33
3 6 28 36
3 6 29 49
3 6 40 42
3 6 57 39
3 5 54 58
5 2 61 56
3 4 2 42
3 4 3 46
3 6 6 47
3 6 13 46
3 4 7 33
3 4 9 5
3 4 8 47
3 6 55 47
3 4 7 83
1 3 7 83
1 2 16 84
3 4 11 7
3 4 11 14
3 4 12 33
3 4 14 96
5 2 26 96
5 2 83 97
3 4 20 89
1 2 30 89
1 2 41 91
3 4 20 11
3 4 23 23
3 4 27 15
3 4 30 35
3 4 31 16
3 4 36 39
3 4 39 11
3 4 37 37
3 4 43 3
3 4 42 26
3 4 44 28
3 4 48 94
3 4 47 13
3 4 50 4
3 4 52 13
3 4 51 44
3 4 56 20
3 4 57 13
3 4 60 7
3 4 59 42
3 4 66 12
3 4 63 17
3 4 66 28
3 4 68 24
3 4 70 37
3 4 81 99
3 4 86 54
3 3 1 51
5 2 51 51
5 2 73 51
3 4 29 49
3 4 57 52
3 3 1 59
1 2 8 58
5 2 19 58
3 3 5 70
1 2 7 71
3 3 7 66
5 2 10 66
5 2 14 64
1 2 36 65
5 2 24 64
1 2 55 63
5 2 34 64
3 3 7 89
5 2 25 90
5 2 27 92
5 2 58 91
5 2 65 90
3 3 10 82
1 2 31 84
1 2 53 83
1 2 74 81
5 2 20 81
1 2 21 81
1 2 81 82
3 4 57 80
3 3 20 62
3 3 26 85
3 3 31 98
3 6 47 98
1 2 83 97
3 3 32 88
3 3 33 62
3 3 34 66
3 3 34 88
5 2 67 89
3 4 63 90
3 3 40 77
3 3 40 89
3 3 42 72
3 3 42 78
3 3 44 76
3 3 48 65
3 3 52 86
3 3 56 61
1 2 73 60
3 3 63 50
3 4 67 49
3 3 66 97
3 3 70 72
3 3 74 51
3 3 75 82
5 2 75 82
3 3 78 61
3 3 81 98
3 3 82 87
3 2 2 9
3 4 56 9
3 2 1 12
3 4 11 12
3 2 2 22
3 2 2 31
3 4 32 31
3 4 59 33
3 2 1 34
3 2 1 85
1 2 45 86
3 2 2 55
1 2 39 56
5 2 10 55
1 2 87 57
5 2 68 55
3 2 3 1
3 2 4 15
3 2 4 21
3 2 4 32
3 2 4 43
3 2 5 59
1 2 21 59
1 2 60 60
5 3 78 60
5 2 53 59
3 2 6 6
3 4 31 6
3 4 38 7
3 2 5 14
3 2 6 18
3 2 5 22
3 2 6 36
3 2 5 42
3 2 5 84
3 3 74 84
3 2 6 59
1 2 14 58
3 2 6 81
3 3 29 82
5 2 54 83
3 2 7 9
3 2 7 11
3 2 8 76
1 2 71 75
5 2 8 75
1 2 44 76
3 3 17 78
1 2 54 75
5 2 20 78
3 3 33 76
3 2 9 3
3 2 9 16
3 2 9 19
3 2 9 38
3 4 61 38
3 2 9 44
3 2 9 69
1 2 31 68
5 2 38 68
3 3 30 69
5 2 58 69
3 3 58 68
1 2 68 70
3 3 72 68
3 2 11 9
3 2 11 24
3 4 25 23
3 2 12 27
3 2 11 29
3 2 11 36
3 2 11 42
3 2 12 49
3 2 11 60
3 2 13 5
3 2 14 18
3 4 28 17
3 2 13 27
3 2 14 40
3 2 13 56
3 2 13 79
3 2 15 23
3 2 16 47
3 2 17 1
3 2 18 4
3 2 17 6
3 4 46 7
3 4 62 8
3 2 17 8
3 2 17 14
3 4 27 13
3 2 17 25
3 4 27 25
3 2 17 36
3 2 17 93
1 2 28 92
1 2 38 93
5 2 85 92
3 3 57 94
3 3 71 92
3 2 19 18
3 4 57 18
3 2 19 27
3 2 19 41
3 2 20 85
3 2 20 61
3 2 20 89
3 2 21 3
3 2 22 7
3 2 21 25
3 2 21 33
3 2 21 48
3 2 24 3
3 2 23 64
3 2 24 54
5 2 36 53
5 2 51 54
3 2 24 76
3 2 25 6
3 2 25 26
3 2 25 29
3 4 44 29
3 2 25 45
3 2 27 64
3 2 28 39
3 2 27 73
3 2 28 86
3 3 76 86
3 2 28 91
3 2 28 61
3 2 29 9
3 2 29 14
3 2 29 25
3 2 30 41
3 2 30 47
3 2 29 65
3 2 31 1
3 2 31 7
3 2 31 18
3 2 32 26
3 2 32 32
3 2 32 43
3 2 32 49
3 4 43 49
3 2 32 71
1 2 84 71
3 2 33 64
3 3 76 64
3 2 34 69
5 2 66 68
3 2 35 16
3 2 36 28
3 2 35 31
3 2 35 36
3 2 36 39
3 2 35 44
3 2 35 48
3 2 35 64
5 2 40 65
3 2 37 11
3 2 37 16
3 4 50 16
3 2 38 23
3 2 38 30
3 2 38 69
3 3 59 70
3 2 37 72
5 2 58 72
5 2 66 73
3 2 38 75
5 2 40 74
3 2 38 75
3 2 39 2
3 2 39 8
3 2 40 33
3 2 39 41
3 2 40 50
3 2 41 97
3 2 42 43
3 2 44 7
3 2 43 16
3 2 43 21
3 2 43 61
3 3 63 61
3 2 45 77
3 2 45 22
3 2 48 10
3 2 48 21
3 2 48 26
3 2 48 32
3 2 47 42
3 2 50 4
3 2 49 26
3 2 49 30
3 2 50 32
3 2 49 40
3 2 50 50
3 2 49 57
3 2 49 70
3 2 52 6
3 2 51 10
3 2 51 22
3 2 52 30
3 2 52 41
3 2 51 99
3 2 52 85
3 2 52 87
3 2 53 4
3 2 56 28
3 2 55 41
3 2 55 55
3 2 56 71
3 2 56 78
3 2 57 3
3 2 58 22
3 2 57 24
3 2 57 35
3 2 60 97
3 3 71 96
1 2 71 96
3 2 62 31
3 2 63 86
3 2 63 1
3 2 64 10
3 2 63 79
3 2 63 84
3 2 65 4
3 2 66 24
3 2 66 28
3 2 65 37
3 2 66 44
3 2 65 47
3 2 65 78
3 2 65 94
3 2 67 34
3 2 67 44
3 2 71 37
3 2 73 99
5 2 73 98
3 2 73 58
3 2 79 51
5 2 79 51
8 14 60 8
8 12 9 10
8 11 40 49
5 2 40 51
8 10 7 27
8 10 34 43
8 8 6 41
8 8 12 27
8 8 15 21
8 8 22 5
8 8 35 13
8 8 33 39
8 8 53 21
8 8 61 23
8 7 31 62
8 7 43 98
1 2 56 99
5 2 47 99
5 2 58 98
3 2 56 99
8 6 11 10
8 6 26 34
8 6 22 41
8 6 26 8
8 6 30 24
8 6 33 23
8 8 42 26
8 6 37 65
3 2 55 65
8 6 43 21
8 6 47 11
8 6 51 99
8 6 58 97
5 2 58 96
5 2 71 96
8 6 63 58
8 6 70 81
8 5 16 97
1 2 16 98
5 2 14 99
1 2 27 98
3 2 21 98
1 2 50 96
1 2 65 95
5 2 29 96
3 2 50 100
8 5 41 69
8 5 48 95
8 5 53 50
3 2 73 51
8 5 54 87
3 2 78 84
8 5 68 69
8 4 2 31
8 4 1 45
8 6 11 45
8 4 3 63
8 4 8 7
8 4 8 36
8 4 10 88
5 2 53 86
8 5 38 87
1 2 55 87
8 4 16 11
8 6 20 11
8 4 17 5
8 4 25 18
8 4 27 30
8 4 31 5
8 6 45 4
8 4 31 11
8 4 33 11
8 4 33 18
8 4 35 31
8 4 37 37
8 4 39 79
8 4 42 43
8 4 44 40
8 4 46 2
8 4 46 19
8 4 50 49
8 4 50 38
8 4 54 18
8 4 54 25
8 4 51 43
8 4 54 2
8 4 53 44
8 4 57 2
8 4 58 27
8 4 59 65
8 4 57 86
5 2 68 83
8 4 61 39
8 4 63 73
8 3 1 69
1 2 9 70
3 2 8 69
3 2 15 67
8 3 6 57
3 2 33 56
3 2 37 55
3 2 61 55
3 2 70 59
8 3 6 74
1 2 29 72
5 2 71 74
8 3 10 51
8 3 10 72
8 3 17 56
1 2 16 56
5 2 67 55
3 3 66 56
3 2 39 56
8 5 49 55
1 2 62 58
3 2 61 57
8 3 17 61
5 2 52 60
8 4 25 61
3 2 59 59
3 2 60 61
8 3 17 80
3 2 57 78
8 6 46 78
3 2 48 80
8 3 19 69
8 3 22 64
1 2 50 66
3 2 23 64
5 2 27 64
3 2 39 65
8 3 25 79
3 2 25 78
8 3 26 86
8 3 27 98
8 4 60 97
8 3 28 92
8 3 34 71
1 3 34 71
8 3 37 72
8 3 38 69
8 3 41 69
8 3 46 82
8 4 65 86
8 3 50 73
8 3 58 78
8 3 61 62
8 3 64 51
8 3 71 51
8 3 72 95
8 2 1 2
8 2 2 4
8 2 1 19
8 2 1 23
8 2 1 86
1 2 5 85
3 2 33 85
8 2 3 1
8 2 3 12
8 2 3 18
8 2 4 21
8 2 4 32
8 2 3 41
8 2 5 21
8 4 51 21
8 2 5 28
8 4 28 28
8 2 5 33
8 2 5 44
8 6 16 45
8 4 26 44
8 2 7 1
8 2 7 11
8 2 7 17
8 2 8 36
8 4 30 35
8 2 7 40
8 4 21 40
8 2 8 47
8 2 7 73
3 2 69 74
8 2 8 56
8 3 43 56
8 3 50 58
8 2 9 20
8 2 10 26
8 2 9 29
8 2 10 32
8 2 9 36
8 4 17 35
8 2 9 70
8 2 10 66
8 2 10 88
5 2 13 88
3 2 42 89
5 2 47 90
3 2 62 90
8 4 60 90
8 2 11 2
8 2 12 4
8 2 11 13
8 4 49 13
8 4 54 13
8 2 11 15
8 2 11 29
8 2 12 38
8 2 12 49
8 2 11 60
8 2 11 80
5 2 11 80
8 2 13 71
8 3 30 71
3 2 33 70
3 2 39 73
3 2 55 74
3 2 69 72
8 2 12 100
1 2 13 99
5 3 54 98
8 2 13 22
8 2 14 35
8 2 15 17
8 2 15 22
8 2 15 28
8 4 59 28
8 2 16 71
8 2 17 20
8 4 37 20
8 2 17 28
8 2 18 32
8 2 17 39
8 2 17 42
8 2 17 48
8 2 17 73
1 2 31 73
8 2 19 30
8 2 20 46
8 2 19 48
8 2 20 51
8 2 20 89
8 2 21 14
8 2 21 38
8 2 21 90
8 2 24 14
8 2 23 22
8 2 24 26
8 4 42 26
8 2 23 34
8 2 26 4
8 2 25 7
8 2 25 20
8 2 25 22
8 2 25 34
8 2 26 68
8 2 27 37
8 2 28 44
8 2 27 64
3 2 40 63
3 2 48 62
5 2 55 63
5 2 69 62
8 3 36 63
8 2 29 6
8 2 29 20
8 2 29 44
8 2 29 46
8 2 29 99
8 2 30 93
8 2 31 1
8 2 32 4
8 2 31 28
8 2 32 38
8 2 32 56
8 2 32 93
8 3 51 93
3 2 67 93
8 3 54 93
5 2 54 93
3 2 69 92
8 2 34 15
8 2 33 34
8 2 33 41
8 2 33 85
8 2 34 91
8 2 35 13
8 2 35 31
8 2 38 7
8 2 38 13
8 2 37 20
8 2 37 32
8 2 37 37
8 2 38 80
8 2 37 95
8 2 38 89
8 2 40 32
8 2 39 84
5 2 64 83
8 2 40 57
8 2 41 8
8 2 42 15
8 2 44 1
8 4 55 1
8 2 44 7
8 2 44 23
8 2 44 29
8 2 43 53
3 2 43 53
1 2 51 54
8 2 45 15
8 2 46 47
8 2 45 94
8 2 48 5
8 2 47 8
8 2 47 35
8 2 48 37
8 2 47 48
8 2 47 75
8 2 50 27
8 2 49 37
8 2 50 58
8 2 51 5
8 2 51 10
8 2 51 34
8 2 52 65
8 2 52 68
8 2 54 30
8 2 54 47
8 2 53 100
8 2 56 15
8 2 56 45
8 2 55 85
8 2 57 30
8 2 58 39
8 2 59 17
8 2 62 2
8 2 61 35
8 2 62 54
3 2 71 54
8 2 61 69
8 2 63 33
8 2 63 70
8 2 63 90
8 2 64 58
8 2 67 84
8 2 69 74
3 2 68 75
8 2 71 85
8 2 77 92
6 16 4 4
6 14 13 30
6 14 20 5
6 14 16 7
6 14 33 1
6 11 42 61
8 2 60 60
6 10 25 16
6 10 38 46
6 10 45 13
6 9 35 59
8 2 64 60
6 8 11 42
6 8 16 42
6 8 17 33
6 8 23 46
6 10 29 43
6 8 25 45
6 8 28 20
6 8 30 24
6 8 35 32
6 8 39 47
6 8 47 34
6 8 50 27
6 8 49 68
6 7 37 90
6 7 58 95
8 2 57 95
8 3 61 94
6 6 1 24
6 6 3 43
6 6 7 1
6 6 7 46
6 6 16 36
6 6 19 23
6 6 23 39
6 8 47 40
6 6 28 87
3 2 33 88
6 6 38 51
6 6 39 31
6 6 42 29
6 5 2 78
1 2 19 76
8 2 31 76
3 2 45 75
8 2 59 75
8 2 60 77
6 7 29 74
3 2 29 74
8 2 48 77
8 2 58 72
8 2 59 71
6 5 7 97
5 2 55 96
5 2 64 94
3 2 9 95
3 2 22 93
8 2 39 96
8 2 45 94
3 2 52 96
8 2 47 92
8 2 65 93
6 6 56 100
8 3 56 99
6 5 12 65
3 2 31 65
8 2 11 65
1 2 27 66
8 2 15 66
8 2 19 66
6 5 26 79
6 5 25 84
3 2 28 86
8 2 46 84
6 5 31 65
6 5 36 75
6 7 50 72
3 2 54 73
6 5 44 91
5 2 42 91
6 5 57 59
6 4 1 11
6 4 2 15
6 4 2 31
6 6 3 30
6 6 22 34
6 4 5 3
6 4 6 7
6 4 7 16
6 4 9 11
6 6 30 13
6 4 11 24
6 4 13 42
6 4 13 87
5 2 29 87
8 3 54 87
8 2 41 88
6 4 14 58
3 2 14 58
3 2 40 59
6 4 16 92
6 5 52 91
6 4 18 38
6 4 20 62
8 2 40 61
6 6 55 63
6 5 57 62
6 4 19 3
6 4 21 49
6 4 21 30
6 4 26 27
6 4 26 68
3 2 26 68
3 2 49 68
1 2 49 68
8 3 56 66
8 2 28 69
8 2 32 67
6 4 28 39
6 4 31 34
6 6 47 34
6 4 32 77
6 4 32 9
6 4 35 98
6 4 33 7
6 4 35 48
6 4 35 98
6 4 40 25
6 4 42 71
3 2 59 70
8 2 40 71
6 4 41 6
6 4 42 9
6 4 53 45
6 4 51 71
6 4 57 90
6 4 65 81
6 4 70 55
8 2 71 54
6 3 1 91
3 2 13 92
3 2 42 90
6 4 19 95
8 2 60 94
6 3 8 70
1 2 11 70
8 2 22 69
8 2 41 71
5 2 49 72
6 4 15 72
5 3 13 72
1 2 46 72
8 2 20 70
6 3 7 85
5 2 16 83
6 4 25 85
8 3 58 85
6 4 35 87
6 3 11 64
8 3 21 64
3 2 52 63
8 2 14 63
8 2 35 64
6 5 23 65
6 3 11 97
6 3 15 95
1 2 39 96
5 2 15 94
5 2 39 93
3 2 33 96
6 3 20 73
8 2 20 74
6 3 29 82
3 2 44 81
6 3 29 88
8 2 40 87
6 3 32 76
6 3 36 64
6 3 38 57
5 2 38 58
6 3 38 69
6 3 41 92
6 3 44 85
6 3 46 72
8 2 61 74
6 3 50 50
6 3 59 55
8 2 60 56
6 3 61 90
6 3 67 51
6 2 1 8
6 4 19 7
6 2 2 44
6 2 1 54
8 2 10 55
1 2 40 54
8 2 36 54
3 2 62 53
8 2 68 53
6 3 24 53
6 3 38 55
6 2 3 13
6 2 3 20
6 4 5 20
6 4 13 19
6 2 3 25
6 4 16 25
6 2 3 37
6 4 5 37
6 2 3 70
1 2 2 71
5 2 14 69
1 2 13 70
5 2 16 70
8 2 7 69
6 2 2 71
6 2 3 98
1 2 41 99
6 3 7 99
8 2 11 98
1 2 28 99
6 3 34 99
6 3 41 98
6 2 4 74
6 2 4 83
5 3 4 84
1 2 9 85
3 2 23 83
5 2 23 83
8 2 4 83
5 2 30 81
8 2 27 81
8 2 28 80
6 3 10 83
8 2 60 82
6 3 13 83
3 2 30 86
6 3 31 79
6 2 4 99
8 2 5 99
6 2 6 1
6 2 6 8
6 2 5 15
6 2 6 29
6 2 6 47
6 4 11 47
6 2 7 6
6 2 8 20
6 2 7 22
6 2 8 24
6 4 28 23
6 2 8 31
6 2 7 38
6 2 7 89
8 2 16 88
6 2 9 51
5 2 49 52
6 6 31 53
8 2 40 54
6 2 9 2
6 2 10 4
6 2 10 37
6 2 10 62
6 3 48 61
6 2 12 11
6 4 13 11
6 4 48 9
6 2 12 22
6 2 12 28
6 2 11 81
6 2 11 99
6 2 12 53
6 2 12 63
6 2 12 92
3 2 23 94
6 3 46 92
6 2 13 16
6 2 13 30
6 2 13 44
6 2 14 58
1 2 21 59
8 2 24 59
8 2 30 59
8 2 34 60
6 3 21 56
6 3 27 58
6 2 14 64
6 2 15 77
8 2 46 77
6 2 14 80
8 2 16 80
6 2 16 15
6 2 15 46
6 2 15 97
6 2 17 12
6 2 17 18
6 2 18 21
6 2 17 25
6 2 17 28
6 2 17 50
6 2 17 79
6 2 19 65
6 2 18 82
6 2 20 12
6 2 20 22
6 2 19 36
6 2 19 43
6 4 27 42
6 2 21 17
6 2 22 81
6 2 22 97
6 2 24 3
6 2 23 18
6 2 24 32
6 2 24 37
6 2 23 49
6 2 25 5
6 2 25 7
6 2 25 17
6 2 25 26
6 2 25 36
6 2 25 48
6 2 27 9
6 2 27 26
6 2 28 91
6 2 29 1
6 2 29 16
6 2 30 18
6 4 38 18
6 2 29 45
6 2 29 93
8 2 29 93
6 2 31 90
6 2 32 43
6 4 42 43
6 2 31 90
6 2 32 56
8 2 31 57
6 2 33 3
6 2 33 12
6 2 33 14
6 2 33 24
6 4 38 23
6 2 33 28
6 2 33 34
6 2 33 53
1 2 38 52
3 2 44 53
6 2 34 83
6 3 55 81
6 2 36 17
6 2 36 41
6 4 38 40
6 2 35 49
6 2 36 73
8 2 42 72
6 2 37 21
6 2 37 33
6 2 38 47
6 2 37 71
6 2 41 6
6 2 42 9
6 2 42 38
6 2 42 49
6 2 42 94
6 2 43 27
6 2 43 37
6 2 45 45
6 2 47 2
6 2 48 80
6 2 48 94
6 2 49 71
6 2 49 83
3 2 54 82
6 3 51 83
6 2 50 79
6 2 54 58
6 2 55 59
6 2 60 35
6 2 60 59
2 66 9 39
2 20 26 39
2 18 35 30
2 16 37 39
2 14 12 17
2 12 27 47
2 12 26 11
2 12 25 19
2 12 39 34
2 11 41 59
8 2 57 55
6 2 44 56
2 10 1 18
2 10 11 23
2 10 17 36
2 10 17 46
2 10 29 4
2 10 31 5
2 10 38 91
8 3 33 90
2 10 39 28
2 8 8 24
2 8 5 79
8 2 4 77
8 2 8 80
8 2 30 76
5 2 33 75
6 2 3 78
6 2 8 76
1 2 9 75
5 2 10 74
2 8 10 5
2 8 22 31
2 8 24 8
2 8 35 13
2 8 57 53
2 7 29 88
6 2 33 91
2 7 37 55
6 2 42 54
6 2 49 52
6 2 57 52
2 6 1 47
2 6 3 8
2 8 15 8
2 6 5 31
2 10 31 30
2 6 10 50
2 6 11 20
2 6 12 33
2 6 18 72
6 2 17 73
6 2 24 70
5 2 42 69
6 2 25 71
6 2 49 71
2 7 37 74
2 7 42 71
6 2 41 68
2 6 17 3
2 6 17 48
2 6 24 8
2 6 23 33
2 6 25 39
2 6 26 66
2 6 31 34
2 6 32 15
2 6 33 10
2 6 35 53
2 6 39 21
2 6 43 50
2 5 3 69
8 2 26 67
3 2 40 66
6 2 4 67
5 2 4 67
5 2 15 66
8 2 2 67
5 2 31 67
6 2 24 68
6 2 25 67
6 2 29 67
2 5 5 79
1 3 22 80
8 2 16 78
6 3 38 80
6 2 4 80
6 2 16 81
6 2 27 82
3 2 40 83
6 2 41 83
2 6 7 78
1 2 28 79
5 2 9 78
6 2 9 76
3 2 8 76
2 6 23 78
6 2 23 79
2 5 12 78
3 2 19 80
8 2 14 80
2 5 23 81
8 2 22 80
2 5 28 55
6 2 30 53
6 2 43 54
5 2 42 54
2 9 43 53
8 2 39 56
2 5 36 59
5 2 37 56
2 5 37 100
6 2 43 99
5 2 42 99
2 5 41 98
2 5 43 91
2 4 3 2
2 4 1 23
2 4 1 39
2 4 3 75
2 5 29 72
6 2 40 71
2 4 4 21
2 4 3 29
2 4 3 40
2 4 7 26
2 4 10 40
2 4 7 67
8 2 16 67
2 5 16 70
5 2 16 70
2 4 11 63
5 2 13 62
6 2 39 62
2 4 13 15
2 4 16 24
2 4 15 90
5 2 40 90
2 4 15 10
2 4 16 42
2 4 16 75
2 4 17 16
2 4 20 16
2 4 20 33
2 4 20 50
2 4 20 67
3 2 20 67
2 4 23 28
2 4 26 44
2 4 27 48
2 4 27 9
2 4 33 28
2 4 37 15
2 4 36 17
2 4 36 51
8 2 49 52
6 2 41 51
2 4 36 96
2 5 49 97
2 4 40 78
2 4 46 35
2 4 54 87
2 3 5 89
2 3 8 54
5 2 32 54
1 2 8 53
3 2 8 53
8 2 17 52
8 2 24 54
2 6 26 50
1 2 25 51
5 2 38 52
3 2 25 52
2 3 9 91
3 2 30 92
6 2 11 89
2 3 9 98
5 2 13 96
1 2 9 96
5 2 31 97
6 3 39 97
6 2 8 98
6 2 13 98
2 3 11 88
5 2 11 87
8 2 25 86
6 2 38 86
2 3 16 54
1 2 23 53
2 3 18 82
2 4 30 81
2 3 20 84
2 4 47 84
2 3 23 96
2 3 25 73
5 2 33 73
2 3 27 58
6 2 37 59
2 3 28 97
3 3 34 96
2 3 29 100
3 2 29 100
2 3 31 61
3 2 30 60
1 2 33 60
2 4 36 62
2 5 46 59
6 2 46 59
2 3 39 57
5 2 48 56
3 2 44 56
6 2 49 58
2 2 2 4
2 2 2 10
2 2 2 32
2 2 1 35
2 2 1 41
2 2 2 43
2 2 1 45
2 4 4 44
2 2 1 84
1 2 45 84
2 2 1 90
3 2 14 91
2 2 4 4
2 2 4 10
2 2 3 13
2 2 4 17
2 2 4 49
2 2 6 12
2 2 5 14
2 2 5 16
2 2 5 33
2 2 5 48
2 2 5 57
8 2 16 58
3 2 17 59
2 3 30 58
1 2 32 56
2 2 5 67
5 2 48 66
6 2 47 66
2 2 6 75
6 2 4 75
2 3 17 73
8 2 17 73
2 3 24 75
2 3 44 75
2 2 8 7
2 2 8 14
2 4 16 14
2 2 8 19
2 2 8 24
2 2 8 35
2 4 25 35
2 2 7 38
2 2 7 46
2 2 7 100
2 3 27 99
2 2 8 83
8 2 14 85
5 2 50 85
3 2 50 85
2 3 31 84
8 2 31 84
6 2 34 85
6 2 41 86
2 2 9 1
2 4 35 2
2 2 9 6
2 2 9 8
2 2 9 25
2 2 9 29
2 2 10 37
2 2 9 51
2 2 9 61
3 2 35 61
2 3 18 60
2 3 22 60
8 2 32 59
2 2 10 78
2 2 11 92
1 2 49 92
3 2 44 92
2 3 39 91
2 2 12 11
2 2 12 17
2 2 11 20
2 2 11 30
2 2 12 38
2 2 12 44
2 2 13 60
2 2 13 65
2 2 14 12
2 2 13 21
2 2 13 27
2 2 14 35
2 2 13 37
2 2 14 85
2 2 14 92
3 2 40 93
8 2 42 94
2 3 21 93
2 4 35 92
2 2 15 28
2 2 15 40
2 2 15 50
2 2 16 88
2 3 23 89
2 2 17 19
2 2 18 21
2 2 17 23
2 4 23 22
2 2 18 38
2 2 17 45
2 2 20 1
2 2 19 24
2 2 19 26
2 2 19 37
2 2 19 73
2 2 20 69
2 2 22 1
2 2 21 14
2 2 21 28
2 2 21 30
2 2 21 99
8 2 26 100
2 2 23 17
2 2 23 34
2 2 24 47
2 2 25 56
6 2 24 55
2 2 25 73
2 2 25 12
2 2 25 23
2 2 25 39
2 2 28 1
2 2 27 19
2 2 27 38
2 2 27 43
2 2 27 64
2 2 27 76
2 2 29 25
2 2 29 37
2 2 29 87
2 2 32 66
2 2 34 54
3 2 36 53
6 2 45 52
2 2 35 14
2 2 35 100
2 2 36 84
2 2 38 78
2 2 39 2
2 2 40 96
2 2 41 2
2 2 42 27
2 2 41 96
2 2 44 59
2 2 49 88
2 2 50 92
7 66 1 28
7 40 15 39
7 36 16 35
7 32 12 7
7 28 11 45
7 26 22 2
7 24 10 37
7 22 4 49
8 2 4 51
2 2 21 53
2 2 41 52
7 20 6 12
7 26 18 17
7 20 1 37
7 20 2 42
7 18 11 1
7 16 22 15
7 15 20 50
7 14 4 10
7 14 16 7
7 14 13 30
7 14 32 60
2 2 37 61
7 12 10 50
2 2 33 51
7 12 12 27
7 12 17 23
7 12 23 27
7 10 4 68
1 2 4 66
3 3 4 71
8 2 13 68
6 2 14 66
2 2 7 71
2 2 27 70
8 2 37 71
2 2 47 66
7 11 16 71
2 2 16 71
2 2 22 69
7 10 9 80
8 2 7 77
6 2 37 82
5 2 36 81
2 2 8 76
2 2 21 81
2 2 40 82
7 11 31 85
2 2 37 85
7 10 22 21
7 10 19 59
6 2 28 59
2 2 31 57
6 2 34 56
7 9 11 81
2 2 9 81
7 8 5 15
7 8 9 23
7 8 15 21
7 8 18 43
7 8 20 5
7 8 29 88
6 2 29 88
2 3 32 87
2 2 28 86
7 7 14 59
8 2 15 57
2 2 33 60
7 7 22 92
5 2 40 93
1 2 26 92
2 2 26 91
7 7 27 66
1 2 29 62
2 2 42 63
7 6 3 85
5 2 7 85
6 3 18 85
7 6 6 2
7 6 11 10
7 6 19 75
6 2 22 75
7 6 24 14
7 6 30 98
2 2 32 97
7 5 8 65
3 2 8 64
8 2 10 64
8 2 24 64
2 5 16 65
2 2 18 63
2 2 26 66
2 2 33 62
7 7 16 65
6 2 30 67
2 2 31 67
7 6 27 69
7 6 30 69
7 5 9 61
1 2 8 63
3 2 11 60
3 2 12 61
3 2 44 62
7 7 15 63
2 2 19 59
7 9 25 61
1 2 32 57
7 5 17 84
2 2 40 82
1 2 40 82
7 5 24 88
5 2 31 89
8 2 23 89
7 5 25 74
1 2 23 74
2 2 28 75
7 5 26 91
7 5 33 52
7 5 34 62
7 5 38 55
7 5 41 94
2 2 39 93
7 4 1 6
7 4 3 18
7 4 2 54
5 2 1 52
1 2 2 54
5 2 4 54
1 2 12 55
8 2 20 56
6 2 2 52
3 2 13 53
6 2 11 54
2 2 3 52
2 2 7 54
2 2 37 55
7 8 13 53
5 2 10 56
3 2 23 56
7 5 4 55
3 2 6 54
7 4 3 7
7 4 4 9
7 4 3 58
5 2 3 57
5 2 12 56
3 2 13 56
3 2 22 59
6 2 12 57
7 4 3 92
5 2 16 92
3 2 3 91
6 2 10 92
8 3 14 92
6 2 34 94
6 2 41 93
2 2 24 92
2 2 43 93
7 7 17 91
8 2 16 92
2 2 34 94
7 4 5 14
7 4 11 75
5 2 26 75
6 2 32 76
7 4 11 35
7 4 13 9
7 4 15 89
7 4 16 13
7 4 18 15
7 4 19 24
7 4 18 27
7 4 19 86
1 2 27 87
6 2 34 85
2 3 16 86
6 2 21 87
7 4 21 2
7 4 19 35
7 4 22 69
2 3 27 70
7 4 26 49
7 4 26 72
7 4 33 74
3 2 33 75
7 4 37 78
7 4 38 52
1 2 36 52
7 4 37 93
1 2 40 94
7 3 1 90
1 2 10 90
3 3 7 89
7 3 3 64
5 2 6 63
3 2 5 62
6 2 2 63
3 2 11 64
1 2 11 65
8 2 20 61
7 4 31 61
7 3 2 88
1 2 16 86
2 2 10 88
2 2 16 86
2 2 18 88
2 2 28 87
7 3 8 63
8 2 9 62
2 2 16 64
8 2 27 62
7 3 13 66
6 2 26 66
8 2 26 67
7 3 16 98
2 2 16 97
8 2 29 96
7 3 17 78
7 3 17 56
7 3 19 52
7 3 19 86
8 2 19 86
7 4 31 84
7 3 21 76
2 2 29 74
7 4 29 76
7 3 21 92
7 5 24 91
7 3 24 59
2 2 22 59
7 3 24 76
7 3 26 90
7 3 29 82
6 2 29 82
6 2 40 82
7 3 39 96
7 2 2 3
7 2 2 20
7 2 2 22
7 2 2 33
7 2 1 47
7 2 1 94
8 2 1 96
5 2 7 94
2 3 6 96
2 2 1 96
7 3 16 97
7 4 27 98
7 3 17 98
8 2 16 100
7 3 25 95
7 3 37 94
3 2 35 95
6 2 36 94
7 2 2 61
2 2 2 61
2 2 6 60
7 5 15 62
6 2 16 59
7 2 2 77
2 2 25 78
7 2 4 5
7 2 4 28
7 2 3 30
7 2 4 79
2 2 16 78
5 2 15 78
5 2 30 77
2 2 20 79
7 4 19 81
5 2 19 81
7 2 3 81
7 2 4 85
7 3 11 85
8 2 14 85
7 3 16 86
2 2 19 86
3 2 19 87
7 4 19 89
7 3 20 84
7 2 5 4
7 2 5 11
7 2 6 29
7 2 5 31
7 2 6 41
7 2 5 45
7 2 5 59
7 2 6 69
7 2 6 89
7 3 7 89
5 2 6 91
3 2 11 91
6 2 20 92
1 2 13 92
8 2 7 89
5 2 14 88
3 2 13 88
7 2 7 94
7 2 7 12
7 2 8 14
7 2 7 83
8 2 7 82
5 2 13 81
7 2 8 63
7 2 8 97
1 2 11 97
6 2 22 97
8 2 17 96
7 2 10 9
7 2 9 19
7 2 9 25
7 2 9 27
7 4 12 27
7 2 10 37
7 2 9 39
7 2 10 99
7 2 12 4
7 2 11 13
7 2 11 40
7 2 11 63
7 2 12 96
1 2 22 97
7 5 19 98
1 2 19 98
7 2 14 1
7 2 14 18
7 2 13 31
7 2 15 100
7 2 15 5
7 2 16 19
7 2 15 23
7 2 16 43
7 2 17 19
7 2 17 70
7 3 18 72
7 2 18 55
7 3 26 55
7 2 18 68
8 2 17 68
1 2 18 68
2 3 20 67
7 2 19 4
7 2 20 17
7 2 19 25
7 2 20 69
7 2 21 17
7 2 21 99
7 2 22 52
7 3 27 53
7 2 23 33
7 2 25 97
7 2 25 67
7 2 28 52
7 2 33 56
4 750 15 21
5 2 3 3
3 2 3 1
2 3 2 4
5 2 26 5
1 2 18 5
2 2 10 4
7 2 6 3
5 2 5 3
3 2 5 4
7 2 15 4
4 65 12 7
5 2 11 8
1 3 14 6
2 2 23 13
7 2 15 6
7 2 16 13
7 3 17 11
4 61 9 45
1 2 9 45
6 2 19 47
2 4 12 44
2 2 8 44
5 2 11 43
5 2 24 42
6 2 11 46
7 2 12 44
7 3 13 43
7 2 16 44
7 2 21 43
4 40 18 17
1 2 16 14
3 5 19 17
3 2 15 17
8 3 19 19
7 3 15 16
7 2 24 21
4 59 15 21
5 3 9 16
5 3 11 18
3 2 7 17
8 2 9 13
6 3 8 18
1 2 8 18
6 2 12 12
5 2 13 14
2 5 8 14
5 2 8 18
2 2 9 19
5 2 8 20
2 2 12 13
7 4 7 21
3 2 13 21
2 2 8 19
7 4 14 25
6 2 20 26
2 2 21 25
7 2 18 12
1 2 17 13
7 2 28 28
4 29 4 3
2 2 9 7
8 3 10 6
7 2 6 6
6 2 6 6
4 26 16 26
4 22 6 12
6 2 6 13
2 2 6 13
8 2 4 13
6 2 3 13
8 2 5 15
8 2 6 12
8 3 9 11
2 2 7 11
5 2 11 10
1 2 7 11
6 2 7 10
1 2 7 9
7 2 9 8
8 2 8 8
4 20 7 23
1 2 9 23
8 2 4 21
5 2 13 21
8 2 6 24
7 2 5 22
3 2 6 21
2 2 7 23
7 2 6 23
6 2 14 24
5 2 15 25
3 2 14 25
7 2 8 21
8 2 7 22
1 2 7 21
4 20 16 35
7 5 13 33
5 2 13 36
8 2 26 32
7 3 25 33
7 2 27 32
4 19 16 29
5 2 16 28
8 2 11 29
8 2 14 29
6 2 9 29
6 2 10 29
7 3 11 30
7 2 13 28
3 2 10 30
4 21 12 25
1 2 7 28
1 2 11 30
7 2 11 24
2 2 16 27
4 17 9 39
6 2 4 40
8 2 7 40
2 2 6 40
4 33 10 37
1 2 9 38
7 3 8 42
7 2 11 35
3 2 8 43
6 2 9 44
2 2 17 45
4 11 13 43
5 2 10 45
3 2 10 43
4 10 28 33
1 2 22 32
7 2 21 32
4 9 10 11
4 7 17 36
3 2 15 38
4 6 5 31
3 2 5 31
6 2 4 33
6 3 11 32
4 7 6 31
8 2 4 28
8 2 15 27
6 2 15 28
4 6 8 49
4 6 15 34
3 2 16 32
2 2 13 33
3 2 12 34
4 5 7 43
8 2 9 41
5 2 8 41
1 2 8 42
7 2 8 41
4 5 11 3
6 3 11 2
2 3 10 1
4 5 10 34
1 2 9 34
4 4 1 34
8 2 1 34
4 4 6 46
4 4 18 27
4 3 2 26
3 2 3 29
2 2 2 28
5 2 2 27
5 2 7 26
6 3 2 26
6 2 8 26
1 2 8 27
4 3 5 48
6 2 5 48
3 2 5 48
7 2 4 49
2 2 6 47
8 2 6 46
6 2 6 46
3 2 7 45
7 2 5 46
4 3 6 40
1 2 6 38
8 2 7 37
6 2 8 36
4 3 18 37
4 3 25 1
4 2 2 38
7 2 5 38
2 3 4 39
3 2 4 40
4 2 1 40
5 2 1 39
1 2 1 40
6 2 5 42
1 2 2 40
8 2 3 41
4 4 3 40
4 2 1 43
8 2 5 44
1 2 4 45
2 2 6 43
7 2 5 44
4 2 2 15
4 3 7 17
4 2 2 23
8 2 10 24
4 2 2 35
3 2 1 36
7 2 6 36
1 2 6 36
8 2 9 36
2 2 5 34
4 4 10 37
4 3 3 35
3 2 3 36
5 2 4 35
3 2 3 36
7 2 8 37
7 2 13 37
2 2 3 36
6 2 6 37
4 3 5 38
4 2 3 9
7 2 7 10
2 2 7 11
4 2 4 46
4 2 7 28
4 2 8 19
4 2 9 5
4 2 8 30
4 2 11 24
4 2 11 30
4 2 12 22
2 2 11 30
