593863
2926
1 2 100 5
1 2 100 40
1 4 100 46
1 2 100 49
1 2 100 56
1 2 98 3
1 2 98 6
1 2 98 16
1 2 98 24
1 2 98 90
1 2 96 5
1 4 96 21
1 2 96 26
1 2 96 29
1 2 96 31
1 2 96 36
1 2 96 38
1 2 96 94
1 2 95 77
1 2 94 10
1 2 94 50
1 5 93 59
1 2 93 79
1 2 98 79
1 2 93 94
1 2 92 27
1 2 92 42
1 2 92 44
1 4 92 66
1 3 91 62
1 2 90 12
1 2 90 16
1 2 90 18
1 2 90 20
1 2 90 28
1 2 90 32
1 2 90 48
1 2 90 73
1 3 89 80
1 2 89 96
1 2 88 10
1 2 88 13
1 4 88 37
1 2 86 14
1 2 86 26
1 2 86 28
1 2 86 50
1 2 86 71
1 4 85 55
1 2 84 2
1 2 84 12
1 4 84 19
1 4 84 27
1 2 84 32
1 2 84 38
1 6 84 45
1 2 84 49
1 2 84 70
1 2 83 65
1 2 96 65
1 2 85 64
1 2 83 73
1 4 83 86
1 2 82 3
1 2 82 9
1 2 82 17
1 2 82 33
1 2 82 36
1 3 81 78
1 2 81 98
1 2 80 4
1 2 80 11
1 2 80 21
1 2 80 31
1 2 80 34
1 2 80 37
1 8 80 46
1 2 79 69
1 8 78 6
1 2 78 29
1 3 78 56
1 2 78 77
1 2 77 92
1 2 76 12
1 2 76 65
1 2 76 87
1 4 74 19
1 2 74 27
1 2 74 36
1 2 74 52
1 2 92 51
1 2 94 52
1 3 74 59
1 3 74 76
1 4 73 85
1 2 72 4
1 2 72 14
1 2 72 16
1 2 72 41
1 4 72 43
1 2 72 96
1 2 70 10
1 8 70 21
1 2 70 37
1 2 70 45
1 2 70 55
1 2 68 2
1 2 68 13
1 2 68 29
1 4 68 46
1 2 67 96
1 2 96 97
1 2 67 99
1 2 66 8
1 4 66 26
1 2 66 38
1 2 66 42
1 2 66 48
1 2 66 75
1 2 65 82
1 4 64 1
1 2 64 6
1 4 64 13
1 8 64 49
1 3 63 55
1 2 63 72
1 2 63 83
1 3 63 100
1 2 62 7
1 2 62 16
1 2 62 27
1 6 60 21
1 2 60 31
1 2 60 36
1 2 59 79
1 2 68 78
1 3 59 95
1 2 58 1
1 2 58 7
1 2 58 13
1 2 58 38
1 2 56 16
1 4 56 22
1 2 56 51
1 2 80 51
1 2 56 74
1 2 60 75
1 2 82 76
1 2 54 1
1 4 54 9
1 2 54 12
1 2 54 69
1 2 95 70
1 2 53 73
1 2 53 84
1 6 52 6
1 4 52 14
1 4 52 16
1 2 52 29
1 2 52 35
1 4 52 40
1 2 52 68
1 2 52 78
1 2 52 86
1 2 53 87
1 2 55 88
1 2 95 89
1 2 52 91
1 2 51 98
1 2 50 21
1 2 50 28
1 2 50 31
1 2 50 50
1 2 50 52
1 2 49 99
1 2 48 29
1 4 48 35
1 2 48 43
1 4 48 47
1 2 48 54
1 2 47 63
1 2 55 62
1 2 48 64
1 2 47 70
1 2 46 12
1 4 46 22
1 2 46 33
1 2 46 38
1 2 46 41
1 2 46 45
1 3 45 54
1 2 45 58
1 2 45 73
1 3 45 86
1 2 45 91
1 2 44 11
1 2 44 13
1 6 44 19
1 2 44 48
1 5 43 57
1 2 43 93
1 2 42 12
1 2 42 27
1 2 42 29
1 2 42 31
1 4 42 34
1 2 42 43
1 2 42 45
1 2 42 99
1 2 40 16
1 2 40 23
1 2 40 38
1 2 40 46
1 3 40 53
1 2 40 77
1 2 40 88
1 2 56 87
1 6 38 4
1 2 38 11
1 2 38 98
1 2 36 2
1 2 36 8
1 4 36 15
1 8 36 29
1 2 36 37
1 2 36 53
1 2 66 52
1 3 36 55
1 2 36 59
1 2 75 60
1 2 47 60
1 3 35 83
1 6 34 24
1 2 34 36
1 4 34 43
1 2 34 47
1 2 33 65
1 2 33 70
1 2 32 3
1 2 32 21
1 2 32 37
1 2 32 96
1 2 80 96
1 2 30 13
1 2 30 17
1 2 30 36
1 2 30 46
1 2 28 6
1 2 28 11
1 4 28 18
1 2 28 40
1 2 28 86
1 2 27 76
1 2 37 75
1 2 26 37
1 2 26 42
1 2 26 46
1 3 26 54
1 2 80 53
1 2 26 90
1 2 49 89
1 2 35 89
1 2 24 9
1 2 24 19
1 4 24 36
1 2 24 50
1 3 24 73
1 2 69 72
1 2 24 91
1 5 23 80
1 2 50 79
1 2 25 80
1 2 47 79
1 2 22 44
1 3 22 52
1 2 22 62
1 2 80 62
1 2 65 62
1 3 22 77
1 2 73 75
1 2 70 75
1 2 21 90
1 2 62 89
1 2 20 9
1 2 20 12
1 2 20 26
1 2 20 33
1 2 20 43
1 2 20 46
1 4 18 4
1 2 18 20
1 2 18 36
1 2 18 45
1 2 18 69
1 2 18 78
1 2 16 10
1 2 16 21
1 4 16 23
1 2 16 25
1 2 16 91
1 2 15 55
1 2 15 76
1 3 15 78
1 2 14 7
1 2 14 20
1 4 14 29
1 2 14 35
1 2 13 65
1 3 13 98
1 2 84 98
1 2 12 1
1 2 12 10
1 2 12 16
1 2 12 18
1 6 12 40
1 2 12 48
1 3 12 53
1 2 56 53
1 2 11 66
1 2 50 65
1 2 48 65
1 2 11 99
1 2 10 9
1 2 10 12
1 2 10 14
1 2 10 17
1 2 10 19
1 4 10 34
1 2 10 79
1 2 84 80
1 2 11 78
1 2 40 77
1 2 9 76
1 2 77 75
1 4 8 8
1 2 8 15
1 2 8 18
1 2 8 23
1 2 8 26
1 2 8 29
1 2 8 36
1 2 8 42
1 2 8 47
1 2 7 63
1 2 7 68
1 2 10 68
1 2 6 5
1 2 6 10
1 2 6 17
1 4 6 19
1 2 6 30
1 2 6 37
1 2 6 39
1 2 6 65
1 2 5 72
1 2 75 71
1 2 34 71
1 2 17 71
1 2 5 87
1 2 30 88
1 2 46 87
1 6 4 15
1 2 4 21
1 2 4 40
1 2 4 48
1 3 3 91
1 2 2 8
1 2 2 13
1 2 2 30
1 2 1 96
5 2 93 60
5 2 92 22
5 2 92 28
5 2 92 35
5 2 92 39
5 2 92 41
5 2 92 44
5 2 92 57
5 2 92 70
5 3 92 89
5 8 90 5
5 2 90 34
5 4 88 10
5 4 88 15
5 4 88 39
5 2 88 41
5 2 88 49
5 2 88 92
5 3 87 86
5 2 86 2
5 2 86 7
5 2 86 9
5 4 86 22
5 2 86 32
5 2 86 35
5 2 85 79
5 3 85 95
5 2 84 25
5 2 84 30
5 2 84 33
5 4 84 48
5 2 84 67
5 2 94 67
5 2 84 77
5 2 83 72
5 2 82 6
5 2 82 8
5 4 82 15
5 2 82 23
5 2 82 27
5 2 82 52
5 2 80 5
5 2 80 20
5 2 80 24
5 2 80 47
5 3 80 89
5 3 80 95
5 2 89 94
5 2 79 51
5 2 79 66
5 2 79 97
5 2 78 2
5 2 78 4
5 2 78 9
5 2 78 31
5 2 78 35
5 2 78 42
5 2 78 48
5 3 77 73
5 2 77 77
5 4 76 12
5 2 76 19
5 2 76 27
5 2 76 38
5 2 76 45
5 5 76 49
5 2 76 85
5 2 91 84
5 4 74 5
5 2 74 11
5 2 74 14
5 2 74 16
5 2 74 28
5 4 74 32
5 2 74 40
5 2 74 64
5 2 74 100
5 2 73 67
5 2 72 17
5 2 72 27
5 2 72 36
5 2 72 44
5 3 72 50
5 2 71 73
5 2 71 99
5 2 84 98
5 2 70 3
5 4 70 6
5 2 70 14
5 2 70 16
5 2 70 26
5 2 70 40
5 5 70 77
5 2 79 78
5 2 69 65
5 3 69 70
5 2 68 1
5 2 68 17
5 4 68 22
5 10 68 29
5 2 68 39
5 4 68 42
5 6 68 48
5 2 66 87
5 2 65 54
5 2 65 78
5 5 65 92
5 2 64 1
5 2 64 3
5 2 64 37
5 2 64 46
5 7 63 70
5 2 62 10
5 2 62 50
5 2 62 79
5 2 62 87
5 3 61 57
5 3 61 59
5 2 61 64
5 2 61 83
5 2 60 4
5 2 60 19
5 2 60 26
5 2 60 29
5 2 60 33
5 2 60 44
5 2 60 73
5 2 60 86
5 2 60 99
5 2 65 98
5 2 59 60
5 2 92 61
5 2 82 61
5 2 58 12
5 4 58 21
5 2 58 28
5 2 58 49
5 3 57 59
5 2 73 60
5 3 57 63
5 2 57 73
5 2 69 72
5 3 57 78
5 2 56 2
5 2 56 7
5 2 56 13
5 2 56 15
5 2 56 18
5 2 56 20
5 2 56 33
5 2 56 41
5 3 55 76
5 2 57 75
5 2 62 76
5 4 54 11
5 2 54 17
5 4 54 34
5 2 54 37
5 3 54 91
5 2 77 90
5 2 52 3
5 2 52 5
5 6 52 14
5 2 52 16
5 2 52 19
5 4 52 24
5 2 52 36
5 3 52 96
5 2 56 95
5 2 61 94
5 2 52 99
5 2 51 53
5 2 57 52
5 2 50 29
5 2 50 39
5 8 48 1
5 2 48 6
5 2 48 8
5 2 48 20
5 2 48 23
5 2 48 30
5 2 48 43
5 3 48 56
5 3 48 89
5 3 47 70
5 2 78 69
5 6 46 11
5 6 46 24
5 2 45 60
5 2 44 16
5 8 44 20
5 2 44 29
5 2 44 41
5 2 44 66
5 4 42 8
5 4 42 14
5 2 42 32
5 8 41 56
5 2 83 62
5 2 70 55
5 2 41 81
5 2 40 4
5 6 40 42
5 2 40 46
5 2 39 53
5 3 39 59
5 2 39 97
5 2 61 97
5 2 85 96
5 2 68 96
5 2 56 97
5 2 38 1
5 6 38 9
5 2 38 22
5 2 38 36
5 2 38 38
5 3 37 95
5 2 36 2
5 4 36 4
5 2 36 14
5 2 36 24
5 2 36 27
5 4 36 44
5 2 36 46
5 2 36 77
5 3 36 89
5 2 34 1
5 2 34 12
5 2 34 34
5 4 34 42
5 6 34 48
5 2 34 73
5 2 34 95
5 2 33 52
5 2 58 51
5 2 44 51
5 2 32 10
5 2 32 24
5 2 32 81
5 3 89 80
5 2 55 80
5 2 31 90
5 2 30 7
5 2 30 12
5 2 30 28
5 4 30 33
5 5 29 81
5 2 65 83
5 2 45 80
5 2 36 82
5 2 28 3
5 2 28 11
5 8 28 13
5 2 28 21
5 2 28 23
5 2 28 25
5 4 28 47
5 3 27 90
5 2 89 92
5 2 52 89
5 2 26 22
5 2 26 31
5 2 26 34
5 4 26 45
5 2 26 49
5 4 26 52
5 4 26 64
5 2 52 64
5 2 88 63
5 4 24 3
5 2 24 28
5 2 24 38
5 2 24 97
5 2 22 8
5 2 22 17
5 2 22 21
5 4 22 23
5 2 22 26
5 2 22 34
5 2 22 36
5 2 20 9
5 2 20 13
5 4 20 30
5 2 20 42
5 4 20 44
5 2 20 49
5 2 18 11
5 4 18 25
5 2 18 32
5 2 18 37
5 2 18 48
5 2 18 88
5 2 42 87
5 2 18 100
5 2 17 68
5 2 19 67
5 2 86 66
5 2 16 14
5 2 16 41
5 4 16 76
5 2 38 75
5 2 14 1
5 4 14 9
5 8 14 19
5 2 14 32
5 2 14 43
5 2 14 48
5 2 14 62
5 3 14 64
5 3 14 74
5 2 12 18
5 6 12 25
5 2 12 30
5 2 12 49
5 5 12 75
5 2 68 75
5 2 76 74
5 2 12 96
5 2 30 97
5 2 71 98
5 2 11 95
5 2 10 3
5 2 10 6
5 4 10 8
5 4 10 10
5 2 10 22
5 2 10 29
5 2 10 40
5 2 8 5
5 2 8 13
5 4 8 23
5 2 8 26
5 2 8 39
5 10 8 43
5 5 8 50
5 2 8 65
5 2 36 64
5 2 9 65
5 2 6 16
5 2 6 31
5 2 6 37
5 2 6 40
5 4 6 46
5 4 6 75
5 3 41 74
5 4 5 52
5 2 42 54
5 3 5 79
5 4 4 3
5 4 4 6
5 6 4 32
5 3 4 61
5 3 4 68
5 2 77 67
5 2 45 67
5 2 2 10
5 2 2 18
5 4 2 24
5 2 2 36
1 2 88 81
1 2 84 58
1 2 78 92
1 3 62 92
1 2 40 73
1 2 39 92
1 2 37 83
1 2 36 61
1 2 36 68
1 2 34 96
1 2 28 84
1 2 26 51
1 2 10 77
3 2 86 47
3 3 86 87
3 2 86 93
3 3 84 54
3 3 84 81
3 2 84 86
3 2 82 55
3 3 82 61
3 3 82 84
3 3 81 68
3 2 81 98
3 2 78 37
3 2 78 58
3 2 78 93
3 4 78 100
3 2 77 51
3 2 76 4
3 2 76 18
3 2 76 24
3 2 76 44
3 2 74 28
3 2 74 38
3 2 74 41
3 6 74 49
3 2 73 72
3 3 73 79
3 2 73 97
3 2 72 3
3 2 72 7
3 2 72 18
3 2 72 22
3 2 72 33
3 2 72 37
3 2 72 44
3 3 72 61
3 2 72 84
3 2 72 99
3 2 71 86
3 3 71 91
3 2 70 1
3 2 70 25
3 2 70 31
3 2 70 34
3 2 70 39
3 2 70 47
3 2 69 53
3 2 69 92
3 2 68 8
3 2 68 10
3 2 68 24
3 2 68 28
3 4 68 37
3 4 68 41
3 4 68 50
3 4 66 12
3 2 66 17
3 2 66 29
3 2 66 32
3 4 65 80
3 2 65 88
3 2 64 6
3 2 64 19
3 2 64 22
3 2 64 24
3 4 64 78
3 3 63 97
3 2 62 4
3 2 62 7
3 4 62 13
3 2 62 16
3 2 62 32
3 2 62 35
3 3 61 70
3 2 61 85
3 2 60 6
3 4 60 20
3 2 60 28
3 2 60 30
3 2 60 39
3 4 60 42
3 2 60 61
3 2 60 74
3 4 59 97
3 2 59 95
3 2 68 94
3 4 58 8
3 2 58 26
3 2 58 32
3 4 58 38
3 4 58 48
3 3 58 50
3 2 77 51
3 3 58 53
3 2 58 61
3 4 56 3
3 2 56 7
3 2 56 14
3 2 56 16
3 2 56 22
3 2 56 30
3 2 56 45
3 4 56 94
3 5 55 59
3 2 79 58
3 2 55 88
3 2 80 87
3 2 54 10
3 2 54 13
3 4 54 17
3 2 54 21
3 2 54 26
3 2 54 33
3 4 54 40
3 2 54 49
3 3 53 65
3 2 53 70
3 2 78 71
3 3 53 77
3 2 53 79
3 2 53 86
3 2 52 4
3 4 52 6
3 2 52 44
3 2 51 57
3 4 51 81
3 2 56 80
3 2 51 96
3 2 50 11
3 2 50 14
3 8 50 19
3 2 50 23
3 2 50 36
3 3 49 98
3 2 51 99
3 2 48 10
3 2 48 13
3 2 48 16
3 2 48 29
3 2 48 50
3 2 48 77
3 3 47 62
3 2 61 64
3 2 70 65
3 2 47 88
3 6 46 3
3 2 46 8
3 2 46 18
3 12 46 22
3 2 46 30
3 6 46 41
3 2 46 43
3 2 46 47
3 3 45 69
3 2 68 68
3 2 82 67
3 3 45 79
3 4 44 11
3 2 44 16
3 4 44 27
3 2 44 36
3 2 44 39
3 2 44 50
3 2 44 64
3 3 43 72
3 5 43 89
3 3 68 88
3 2 42 7
3 4 42 25
3 2 42 31
3 3 42 56
3 4 41 76
3 2 73 74
3 3 41 96
3 2 69 95
3 2 79 94
3 2 40 8
3 2 40 30
3 2 40 32
3 4 40 39
3 4 40 48
3 2 40 64
3 3 40 67
3 2 46 66
3 2 41 66
3 4 39 77
3 2 38 7
3 2 38 14
3 2 38 18
3 2 38 37
3 2 38 41
3 2 38 44
3 2 38 89
3 2 45 89
3 2 37 66
3 2 37 69
3 2 37 75
3 2 65 74
3 2 36 1
3 2 36 9
3 4 36 16
3 2 36 25
3 2 36 28
3 4 36 31
3 10 36 47
3 2 36 62
3 3 75 61
3 2 63 62
3 2 36 68
3 6 36 93
3 2 35 56
3 2 70 57
3 2 64 55
3 4 34 6
3 2 34 14
3 2 34 26
3 2 34 33
3 2 34 36
3 2 34 43
3 2 34 49
3 2 34 71
3 2 33 64
3 2 32 24
3 2 32 35
3 2 32 50
3 2 32 61
3 3 31 86
3 2 31 94
3 3 31 98
3 2 30 3
3 2 30 6
3 4 30 15
3 4 30 17
3 2 30 23
3 2 30 25
3 6 30 32
3 6 30 36
3 2 30 39
3 6 30 49
3 3 29 64
3 2 28 13
3 2 28 24
3 2 28 29
3 2 28 45
3 2 27 59
3 6 27 68
3 3 27 79
3 2 26 3
3 12 26 18
3 2 26 26
3 2 26 41
3 4 26 89
3 2 62 90
3 2 27 90
3 2 25 76
3 2 30 75
3 4 25 80
3 2 34 81
3 6 24 2
3 2 24 7
3 4 24 23
3 2 24 25
3 2 24 27
3 6 24 30
3 2 24 47
3 2 24 53
3 2 27 54
3 6 23 81
3 2 26 81
3 2 57 80
3 3 23 85
3 2 86 84
3 2 35 83
3 2 22 5
3 4 22 11
3 2 22 14
3 2 22 36
3 4 22 46
3 2 22 48
3 2 20 1
3 2 20 4
3 2 20 6
3 2 20 8
3 2 20 42
3 3 20 62
3 5 20 89
3 2 40 91
3 2 73 92
3 2 18 25
3 4 18 33
3 2 18 41
3 2 18 93
3 6 17 85
3 6 16 5
3 2 16 9
3 2 16 18
3 2 16 23
3 2 16 27
3 2 16 40
3 4 16 42
3 2 16 76
3 4 16 96
3 3 15 82
3 2 14 12
3 2 14 36
3 2 14 45
3 4 14 47
3 2 14 79
3 4 12 7
3 2 12 11
3 4 12 14
3 2 12 24
3 2 12 27
3 2 12 29
3 6 12 39
3 2 12 49
3 2 12 69
3 2 10 3
3 4 10 5
3 2 10 9
3 2 10 16
3 2 10 19
3 2 10 38
3 2 10 44
3 2 10 46
3 4 9 84
3 2 8 11
3 2 8 22
3 4 8 33
3 2 8 42
3 4 8 47
3 2 8 76
3 3 8 89
3 3 7 66
3 2 6 6
3 2 6 14
3 2 6 18
3 2 6 36
3 2 6 59
3 2 6 81
3 2 6 84
3 3 5 69
3 2 64 68
3 2 57 68
3 2 4 1
3 2 4 15
3 2 4 21
3 2 4 32
3 2 4 43
3 4 4 46
3 2 3 55
3 2 54 55
3 2 2 9
3 2 2 12
3 2 2 22
3 2 2 31
3 2 2 34
3 4 2 41
3 3 2 50
3 3 1 59
3 2 46 61
3 2 1 85
1 2 70 57
1 2 66 96
1 2 63 68
1 2 28 92
1 2 39 93
1 2 15 84
1 2 7 70
1 3 7 82
1 2 5 84
1 2 6 85
3 2 33 85
3 2 24 86
5 2 78 82
5 2 76 51
5 2 68 55
5 2 61 93
5 2 55 59
5 2 31 68
5 2 26 96
5 2 22 80
5 2 20 58
5 2 18 78
5 2 20 77
5 3 16 82
5 2 31 84
5 2 69 83
5 2 10 55
5 2 55 56
3 2 42 56
3 2 13 56
3 2 66 55
8 2 82 85
8 2 81 92
8 2 78 70
8 3 76 52
8 2 75 82
8 2 75 84
8 2 75 94
8 2 74 2
8 2 72 10
8 2 72 98
8 2 71 71
8 3 71 86
8 3 71 93
8 2 70 27
8 2 70 35
8 2 70 39
8 2 70 51
8 2 70 81
8 2 71 82
8 7 69 65
8 3 69 75
8 2 74 73
8 2 68 1
8 2 68 28
8 2 68 84
8 2 68 99
8 3 67 51
8 3 67 68
8 2 74 69
8 2 66 2
8 14 66 10
8 2 66 30
8 2 66 33
8 4 66 39
8 5 66 58
8 2 72 56
8 2 66 78
8 4 65 73
8 2 64 5
8 4 64 12
8 2 64 15
8 2 64 17
8 8 64 23
8 2 64 27
8 2 64 34
8 2 64 45
8 2 63 91
8 4 63 97
8 2 62 2
8 2 62 21
8 2 62 37
8 2 62 54
8 2 74 54
8 3 62 85
8 2 67 85
8 2 61 75
8 4 60 18
8 8 60 25
8 2 60 30
8 6 60 43
8 2 60 47
8 2 59 90
8 2 58 3
8 2 58 5
8 2 58 13
8 2 58 20
8 2 58 28
8 2 58 37
8 2 58 58
8 2 71 58
8 3 58 67
8 4 57 51
8 4 56 1
8 6 56 19
8 4 56 21
8 2 56 84
8 3 55 93
8 2 63 93
8 2 76 94
8 3 55 97
8 2 54 5
8 4 54 7
8 6 54 11
8 2 54 26
8 2 54 35
8 4 54 37
8 2 54 44
8 6 54 48
8 2 54 52
8 2 54 60
8 5 54 85
8 5 54 99
8 2 62 99
8 2 53 78
8 2 60 77
8 2 52 1
8 2 52 15
8 2 52 23
8 3 52 56
8 2 52 76
8 2 52 93
8 2 66 94
8 2 56 92
8 4 50 11
8 2 50 14
8 4 50 19
8 2 50 27
8 2 50 32
8 2 50 42
8 2 50 47
8 3 49 55
8 2 66 55
8 2 49 70
8 2 49 79
8 3 49 88
8 4 49 96
8 4 48 4
8 2 48 13
8 2 48 24
8 2 48 29
8 6 48 40
8 2 48 43
8 2 47 75
8 4 46 1
8 4 46 7
8 2 46 15
8 4 46 20
8 4 46 25
8 2 46 32
8 2 46 56
8 2 46 69
8 5 45 65
8 2 44 11
8 2 44 13
8 2 44 19
8 4 44 22
8 2 44 34
8 2 44 37
8 2 44 57
8 3 44 81
8 6 43 98
8 2 42 10
8 2 42 31
8 5 42 69
8 2 62 67
8 3 42 80
8 3 41 72
8 2 40 4
8 2 40 20
8 2 40 28
8 6 40 37
8 2 40 44
8 11 40 49
8 2 46 51
8 2 40 89
8 2 39 62
8 3 39 95
8 2 55 95
8 4 38 5
8 2 38 18
8 6 38 23
8 2 38 26
8 4 38 31
8 2 38 64
8 3 38 70
8 4 38 79
8 6 38 84
8 2 42 86
8 2 37 56
8 2 37 67
8 2 37 91
8 2 36 1
8 8 36 12
8 2 36 15
8 2 36 19
8 2 36 36
8 10 36 42
8 2 36 44
8 2 36 72
8 2 35 57
8 2 53 58
8 2 34 6
8 2 34 20
8 2 34 27
8 2 34 34
8 8 34 38
8 2 34 46
8 3 34 98
8 2 33 61
8 2 43 60
8 2 33 72
8 2 32 4
8 2 32 7
8 2 32 22
8 4 32 44
8 6 32 63
8 2 32 85
8 2 48 84
8 2 31 76
8 2 48 77
8 2 30 11
8 6 30 23
8 2 30 28
8 4 30 34
8 2 30 61
8 2 30 81
8 2 46 82
8 2 29 58
8 2 35 59
8 10 28 8
8 4 28 18
8 2 28 22
8 4 28 30
8 2 28 37
8 2 28 41
8 4 28 67
8 2 64 69
8 3 28 92
8 2 49 94
8 2 27 60
8 2 27 64
8 2 27 87
8 2 26 14
8 6 26 34
8 2 26 36
8 2 26 40
8 3 26 78
8 8 24 6
8 2 24 20
8 4 24 26
8 2 24 32
8 2 24 38
8 4 22 11
8 2 22 14
8 2 22 28
8 2 22 39
8 4 22 42
8 2 22 46
8 2 22 48
8 4 22 68
8 2 32 69
8 2 56 70
8 2 24 67
8 4 22 90
8 2 40 90
8 2 20 30
8 4 20 44
8 3 20 61
8 2 20 71
8 2 64 72
8 4 18 4
8 2 18 17
8 2 18 22
8 2 18 26
8 2 18 28
8 2 18 35
8 2 18 39
8 4 18 42
8 2 18 48
8 2 18 71
8 3 18 79
8 2 22 78
8 3 17 55
8 2 29 54
8 2 23 55
8 2 35 54
8 2 16 10
8 8 16 19
8 4 16 27
8 2 16 36
8 5 16 97
8 2 15 66
8 2 24 65
8 3 15 70
8 2 14 2
8 2 14 4
8 2 14 11
8 2 14 22
8 2 14 29
8 2 14 32
8 2 14 35
8 2 14 45
8 2 13 100
8 2 38 99
8 4 12 8
8 2 12 13
8 2 12 15
8 10 12 26
8 2 12 36
8 2 12 38
8 4 12 43
8 2 12 49
8 2 12 73
8 2 11 55
8 2 20 56
8 3 11 72
8 2 11 80
8 2 10 1
8 12 10 10
8 2 10 20
8 2 10 29
8 4 10 40
8 3 10 51
8 2 20 51
8 4 10 88
8 2 59 88
8 2 18 88
8 4 8 7
8 2 8 17
8 2 8 21
8 4 8 36
8 2 8 47
8 3 8 76
8 2 10 78
8 3 7 58
8 2 8 56
8 3 7 73
8 2 20 73
8 2 47 74
8 2 18 73
8 2 7 73
8 2 6 28
8 4 6 32
8 8 6 40
8 2 6 44
8 2 4 1
8 2 4 12
8 2 4 18
8 2 4 21
8 4 4 64
8 2 2 2
8 2 2 4
8 2 2 19
8 2 2 23
8 4 2 31
8 4 2 45
8 3 2 69
8 2 1 86
8 2 10 87
8 2 24 86
5 2 65 83
5 2 61 94
5 2 54 90
5 2 46 91
5 2 63 90
5 2 54 92
5 2 45 69
5 2 33 67
5 2 25 65
5 2 21 70
5 2 15 99
5 2 13 88
5 2 20 87
5 2 11 80
5 2 41 80
1 2 68 74
1 2 57 84
1 2 37 54
1 2 28 98
1 2 21 70
1 2 53 70
1 2 18 54
1 3 14 99
1 2 10 75
1 2 9 70
1 2 6 58
1 2 21 59
5 2 37 53
1 2 55 54
3 2 65 51
3 2 58 70
3 2 43 53
3 2 30 77
3 2 22 78
3 2 21 73
3 2 18 61
3 2 16 67
3 2 8 68
3 3 6 58
3 2 11 60
1 2 25 72
3 2 35 73
3 2 28 73
8 2 49 64
8 2 47 92
8 2 29 64
8 2 40 63
8 2 29 99
8 2 62 98
8 2 20 71
8 2 15 79
8 2 27 80
8 2 11 60
8 2 16 61
8 2 60 60
5 2 44 61
3 2 56 59
3 2 52 65
3 2 32 71
6 2 67 62
6 2 66 35
6 2 66 52
6 2 70 53
6 3 66 90
6 4 65 81
6 2 64 63
6 2 63 89
6 2 63 93
6 2 65 94
6 4 62 54
6 7 62 62
6 5 62 99
6 4 60 34
6 3 60 52
6 2 60 72
6 5 60 91
6 6 60 95
6 4 58 45
6 2 58 47
6 7 57 58
6 2 62 59
6 2 65 58
6 2 59 59
6 2 56 8
6 2 56 33
6 4 56 72
6 2 56 91
6 2 55 80
6 2 54 6
6 2 54 50
6 4 54 73
6 2 53 65
6 2 53 76
6 3 53 85
6 2 64 84
6 2 56 86
6 4 52 2
6 2 52 9
6 8 52 28
6 4 52 37
6 2 52 40
6 2 52 43
6 2 52 45
6 8 52 47
6 2 52 49
6 2 51 55
6 3 51 66
6 2 51 90
6 2 52 90
6 4 50 6
6 2 50 10
6 2 50 24
6 2 50 30
6 2 50 34
6 4 50 39
6 2 50 41
6 2 50 44
6 5 50 72
6 3 49 61
6 3 49 91
6 2 48 9
6 10 48 12
6 2 48 17
6 6 48 31
6 6 48 35
6 2 48 42
6 2 47 64
6 2 46 8
6 2 46 23
6 2 46 25
6 2 46 27
6 2 46 38
6 2 46 41
6 5 46 91
6 2 45 83
6 2 61 83
6 2 44 5
6 2 44 9
6 2 44 18
6 2 44 24
6 10 44 29
6 4 44 32
6 2 44 49
6 2 44 97
6 9 43 68
6 3 49 69
6 2 42 1
6 2 42 3
6 2 42 8
6 2 42 12
6 2 42 19
6 2 42 21
6 2 42 26
6 2 42 34
6 2 42 40
6 10 42 46
6 2 42 98
6 3 54 97
6 6 40 4
6 2 40 7
6 2 40 16
6 8 40 42
6 2 40 49
6 9 40 61
6 2 43 59
6 6 40 65
6 2 40 73
6 2 40 85
6 2 48 84
6 3 40 92
6 2 40 99
6 2 39 87
6 2 38 28
6 2 38 32
6 2 38 48
6 6 38 50
6 2 49 51
6 2 38 53
6 2 38 57
6 2 59 56
6 7 38 89
6 2 38 96
6 2 50 97
6 3 37 55
6 2 44 55
6 3 37 66
6 3 37 74
6 4 37 98
6 2 44 97
6 2 36 5
6 2 36 17
6 2 36 24
6 4 36 34
6 2 36 69
6 2 35 53
6 2 35 62
6 3 35 75
6 8 34 1
6 2 34 7
6 2 34 14
6 2 34 18
6 2 34 23
6 2 34 26
6 2 34 32
6 2 34 36
6 2 34 43
6 2 34 45
6 5 34 60
6 2 63 59
6 2 33 51
6 2 51 51
6 4 33 90
6 4 32 8
6 2 32 12
6 10 32 17
6 8 32 19
6 8 32 22
6 4 32 39
6 2 32 44
6 4 32 77
6 2 43 75
6 2 32 87
6 2 31 63
6 2 33 64
6 4 30 13
6 2 30 26
6 2 30 37
6 2 30 41
6 2 30 43
6 2 30 48
6 2 30 50
6 4 30 82
6 4 30 85
6 2 32 84
6 2 30 90
6 2 28 4
6 2 28 9
6 2 28 25
6 2 28 30
6 6 28 45
6 2 28 49
6 4 28 75
6 4 28 79
6 2 51 80
6 3 27 65
6 4 26 3
6 4 26 6
6 2 26 18
6 2 26 22
6 4 26 26
6 2 26 33
6 2 26 36
6 2 26 40
6 4 26 42
6 2 26 48
6 2 26 69
6 2 27 68
6 2 26 74
6 3 26 95
6 4 25 67
6 2 54 66
6 2 25 81
6 9 25 85
6 2 24 12
6 2 24 17
6 2 24 25
6 2 24 34
6 2 24 39
6 8 24 44
6 3 24 77
6 2 24 84
6 12 22 4
6 12 22 7
6 2 22 11
6 6 22 22
6 2 22 29
6 2 22 32
6 2 22 43
6 4 22 49
6 2 21 73
6 4 21 93
6 2 20 12
6 2 20 15
6 2 20 21
6 2 20 28
6 2 20 30
6 6 20 36
6 4 20 38
6 8 20 41
6 2 20 46
6 2 20 56
6 2 25 55
6 4 20 62
6 2 22 62
6 2 19 58
6 2 32 57
6 2 25 58
6 2 19 95
6 2 52 94
6 2 18 11
6 2 18 16
6 2 18 18
6 2 18 20
6 6 18 33
6 2 18 50
6 2 18 64
6 4 17 91
6 4 16 25
6 2 16 31
6 2 16 44
6 2 16 47
6 2 16 82
6 2 22 81
6 2 35 82
6 2 15 58
6 4 15 71
6 2 17 73
6 2 15 84
6 2 16 84
6 2 52 83
6 4 15 87
6 2 42 86
6 4 14 10
6 2 14 19
6 2 14 22
6 2 14 24
6 14 14 30
6 2 14 37
6 2 14 52
6 2 24 53
6 5 14 65
6 2 58 66
6 2 14 89
6 2 13 63
6 2 13 77
6 2 12 1
6 2 12 3
6 2 12 6
6 2 12 20
6 2 12 28
6 8 12 40
6 2 12 48
6 3 12 82
6 2 11 62
6 2 11 64
6 2 10 2
6 2 10 4
6 2 10 8
6 2 10 12
6 2 10 16
6 2 10 24
6 2 10 38
6 6 10 46
6 2 10 76
6 2 10 98
6 2 12 97
6 2 19 98
6 2 16 96
6 2 9 51
6 6 8 1
6 2 8 15
6 2 8 17
6 2 8 20
6 2 8 22
6 2 8 25
6 2 8 37
6 3 8 70
6 3 8 76
6 2 25 77
6 5 8 95
6 2 48 94
6 2 29 96
6 2 8 99
6 2 7 85
6 2 7 89
6 16 6 3
6 4 6 7
6 2 6 21
6 2 6 29
6 4 6 31
6 2 6 38
6 2 6 47
6 2 5 74
6 2 5 98
6 2 13 99
6 4 4 11
6 2 4 13
6 2 4 20
6 6 4 25
6 2 4 30
6 2 4 37
6 6 4 42
6 2 4 83
6 2 3 70
6 5 3 76
6 2 3 98
6 2 2 8
6 4 2 15
6 4 2 31
6 2 2 44
6 3 2 92
6 2 12 92
6 2 1 54
6 2 12 53
5 2 62 92
5 2 51 81
5 2 49 88
5 2 36 58
5 2 20 82
5 2 18 93
5 3 14 72
5 2 41 72
5 3 4 84
6 2 54 71
6 2 50 71
6 2 5 83
3 2 22 65
3 2 14 58
3 2 13 77
3 3 12 91
3 2 18 93
3 2 11 77
3 2 9 94
3 3 7 76
5 2 26 64
5 2 7 75
6 2 59 57
6 2 25 64
6 2 11 95
5 2 49 63
1 2 49 95
1 2 45 60
1 2 12 82
1 2 35 82
1 2 9 73
1 2 3 71
1 2 8 70
6 2 56 94
6 2 15 81
6 2 2 71
3 2 45 83
1 2 48 84
8 2 55 58
8 2 39 86
8 2 35 72
8 2 32 57
8 2 32 89
8 2 21 75
8 3 19 69
8 2 16 65
8 2 14 84
8 2 12 65
8 2 9 98
8 2 26 99
8 2 5 70
8 2 5 99
8 2 4 82
5 2 42 56
6 2 27 71
3 2 45 99
1 2 30 98
1 2 23 66
1 2 19 71
1 2 11 97
3 2 36 98
8 2 21 96
2 5 59 88
2 2 59 92
2 4 56 35
2 2 56 93
2 2 55 63
2 2 54 40
2 6 54 54
2 2 53 78
2 2 52 2
2 4 52 15
2 2 52 63
2 2 52 96
2 6 50 50
2 3 50 78
2 3 49 53
2 2 54 52
2 3 49 57
2 3 49 90
2 2 49 96
2 2 48 2
2 4 48 17
2 6 48 27
2 2 48 39
2 2 47 83
2 4 47 94
2 4 46 10
2 6 46 30
2 12 46 33
2 2 46 38
2 2 46 45
2 2 46 60
2 4 46 89
2 2 44 14
2 20 44 39
2 2 44 54
2 13 44 59
2 2 56 56
2 2 56 59
2 2 52 59
2 2 46 56
2 5 43 69
2 2 44 68
2 2 45 69
2 3 43 94
2 2 51 93
2 2 43 92
2 2 42 2
2 6 42 21
2 8 42 28
2 18 42 31
2 2 42 45
2 3 42 50
2 2 42 98
2 4 41 67
2 2 60 66
2 2 42 66
2 4 40 9
2 8 40 15
2 2 40 19
2 2 40 53
2 2 40 91
2 2 40 96
2 2 39 61
2 5 39 72
2 4 39 81
2 4 39 98
2 2 39 100
2 2 38 1
2 4 38 23
2 2 38 35
2 12 38 43
2 6 38 48
2 3 38 57
2 2 47 57
2 6 37 51
2 8 37 91
2 10 36 5
2 2 36 9
2 8 36 12
2 6 36 33
2 2 36 41
2 2 36 63
2 2 37 62
2 2 36 69
2 2 34 1
2 12 34 10
2 6 34 18
2 2 34 23
2 5 34 96
2 2 34 100
2 5 33 54
2 2 33 60
2 2 33 73
2 10 33 88
2 2 53 87
2 2 32 8
2 2 32 25
2 8 32 28
2 18 32 39
2 2 32 46
2 2 32 50
2 2 32 57
2 2 31 53
2 2 31 100
2 10 30 4
2 2 30 7
2 2 30 12
2 6 30 19
2 2 30 34
2 2 30 36
2 2 30 38
2 4 30 45
2 2 30 47
2 2 30 69
2 2 30 72
2 2 42 71
2 2 30 75
2 2 35 74
2 5 30 78
2 2 42 78
2 2 39 78
2 2 29 63
2 2 29 74
2 2 48 74
2 2 42 74
2 2 28 6
2 2 28 14
2 6 28 16
2 8 28 24
2 2 28 28
2 2 28 32
2 2 28 37
2 9 28 65
2 4 28 81
2 2 28 96
2 2 27 58
2 3 27 89
2 2 26 1
2 2 26 7
2 6 26 33
2 4 26 44
2 6 26 47
2 3 26 54
2 2 33 54
2 2 26 73
2 2 25 51
2 6 24 8
2 2 24 17
2 2 24 21
2 2 24 26
2 4 24 28
2 8 24 31
2 2 24 50
2 2 24 56
2 2 24 87
2 2 30 86
2 2 46 85
2 2 23 70
2 3 23 75
2 3 23 96
2 2 22 1
2 8 22 15
2 2 22 19
2 4 22 33
2 4 22 38
2 2 22 41
2 2 22 43
2 2 22 46
2 2 22 49
2 2 22 81
2 2 22 85
2 2 32 85
2 2 44 84
2 2 23 85
2 2 22 89
2 2 21 59
2 5 21 69
2 2 21 99
2 6 20 2
2 2 20 9
2 2 20 17
2 2 20 24
2 12 20 35
2 2 20 42
2 2 20 44
2 2 20 50
2 2 20 82
2 3 20 95
2 4 19 85
2 2 18 8
2 2 18 10
2 4 18 20
2 4 18 40
2 66 18 45
2 3 18 54
2 5 18 72
2 3 18 79
2 2 18 84
2 6 16 9
2 2 16 12
2 14 16 15
2 10 16 23
2 2 16 28
2 2 16 30
2 5 16 73
2 4 16 78
2 2 32 78
2 2 27 78
2 4 16 90
2 2 42 91
2 2 16 91
2 5 15 65
2 2 21 65
2 2 35 66
2 2 15 71
2 3 15 82
2 2 41 82
2 2 35 83
2 2 15 85
2 2 14 6
2 2 14 27
2 2 14 60
2 2 22 60
2 2 35 61
2 3 13 77
2 2 17 77
2 3 13 88
2 2 13 87
2 2 24 86
2 2 36 85
2 4 12 7
2 2 12 11
2 8 12 20
2 2 12 29
2 6 12 32
2 2 12 51
2 4 11 63
2 2 21 62
2 4 11 67
2 2 11 92
2 3 11 97
2 2 22 97
2 2 10 1
2 8 10 5
2 2 10 14
2 2 10 25
2 2 10 35
2 4 10 37
2 6 10 50
2 2 22 51
2 3 10 78
2 3 9 53
2 2 21 54
2 2 9 60
2 5 9 80
2 2 25 81
2 2 15 81
2 3 9 91
2 2 9 100
2 2 8 17
2 8 8 24
2 4 8 26
2 6 8 30
2 2 8 46
2 2 8 48
2 2 8 75
2 2 8 83
2 2 6 4
2 2 6 10
2 2 6 12
2 2 6 14
2 2 6 16
2 2 6 33
2 2 6 39
2 2 6 45
2 3 6 58
2 2 11 57
2 2 37 58
2 3 6 88
2 8 5 78
2 4 4 2
2 6 4 6
2 2 4 13
2 10 4 17
2 4 4 20
2 4 4 29
2 2 4 40
2 2 4 44
2 6 4 47
2 2 4 49
2 5 4 68
2 2 9 70
2 4 3 75
2 2 24 75
2 2 3 82
2 2 2 4
2 2 2 10
2 4 2 22
2 2 2 32
2 2 2 35
2 4 2 38
2 2 2 41
2 2 2 43
2 2 2 45
2 2 2 90
2 2 1 83
5 3 46 55
5 2 35 86
5 2 31 92
5 3 25 81
5 2 23 88
5 2 21 78
5 2 37 77
5 2 21 87
5 2 17 70
5 2 13 69
5 2 12 87
6 2 36 78
6 2 32 63
6 2 29 78
6 2 21 54
6 3 21 87
6 2 4 67
6 3 4 75
6 2 4 80
6 2 23 79
6 2 36 80
6 2 3 78
5 2 4 67
2 2 38 66
2 2 34 74
2 2 8 68
2 2 17 67
6 2 18 67
3 2 28 100
3 2 32 99
3 2 27 60
3 2 25 81
3 2 24 52
3 2 24 72
3 2 24 86
3 3 22 90
3 3 21 87
3 2 19 60
3 2 18 56
5 2 37 51
6 2 47 82
2 2 52 52
2 2 34 99
2 2 27 59
2 2 24 87
1 2 32 87
1 2 33 86
1 2 30 96
1 2 29 60
1 2 28 52
1 2 22 51
1 2 22 89
1 2 9 58
1 2 20 59
1 2 8 53
1 2 8 84
6 2 14 57
5 2 16 56
3 2 41 53
3 2 8 53
8 2 47 63
8 2 45 52
8 2 34 62
8 3 32 77
8 2 32 92
8 3 28 96
8 2 25 71
8 2 25 93
8 2 14 84
8 2 3 67
5 2 47 66
5 2 36 95
6 2 32 67
3 2 42 66
3 2 40 66
1 2 47 63
3 3 48 62
7 5 51 93
7 2 49 56
7 5 48 52
7 2 48 94
7 2 46 62
7 2 46 94
7 5 45 92
7 3 44 62
7 4 42 35
7 4 42 52
7 2 42 59
7 3 42 61
7 3 42 74
7 2 42 95
7 3 41 55
7 3 43 55
7 4 40 2
7 6 40 27
7 9 40 60
7 2 39 93
7 6 38 14
7 3 38 52
7 3 38 55
7 2 37 71
7 2 37 80
7 4 37 84
7 6 37 92
7 2 37 96
7 3 36 56
7 2 36 62
7 2 36 66
7 11 35 60
7 6 35 99
7 2 34 25
7 2 34 33
7 6 34 37
7 4 34 49
7 4 34 70
7 4 34 81
7 6 34 85
7 3 33 83
7 4 32 15
7 2 32 17
7 2 32 27
7 9 32 67
7 3 32 71
7 2 32 76
7 6 32 78
7 4 32 91
7 2 30 1
7 4 30 9
7 10 30 22
7 2 30 26
7 2 30 31
7 4 30 35
7 2 30 43
7 2 30 60
7 3 30 81
7 2 29 55
7 2 29 74
7 6 29 87
7 2 28 4
7 2 28 6
7 16 28 16
7 4 28 27
7 8 28 50
7 6 28 59
7 7 28 69
7 2 28 71
7 2 28 92
7 3 28 95
7 2 34 93
7 5 27 63
7 5 27 75
7 2 33 74
7 2 27 85
7 26 26 2
7 2 26 5
7 4 26 18
7 18 26 24
7 30 26 31
7 2 26 37
7 40 26 40
7 8 26 43
7 2 26 71
7 2 25 55
7 7 25 81
7 2 36 82
7 23 25 88
7 2 25 92
7 3 25 96
7 22 24 7
7 4 24 9
7 2 24 48
7 8 24 60
7 2 23 65
7 3 23 70
7 2 23 84
7 2 26 85
7 3 23 87
7 2 23 99
7 2 22 11
7 2 22 13
7 2 22 17
7 2 22 19
7 2 22 21
7 16 22 23
7 8 22 30
7 6 22 46
7 2 22 49
7 2 22 62
7 2 22 72
7 2 22 91
7 2 22 98
7 2 26 97
7 3 21 64
7 4 21 74
7 2 21 80
7 2 20 9
7 2 20 12
7 2 20 14
7 2 20 20
7 12 20 26
7 28 20 45
7 12 20 50
7 3 20 54
7 3 20 91
7 5 19 58
7 3 19 65
7 2 19 69
7 2 19 76
7 7 19 78
7 2 26 80
7 7 19 96
7 32 18 10
7 2 18 13
7 14 18 16
7 6 18 72
7 3 18 89
7 2 18 92
7 2 19 93
7 7 17 62
7 3 17 62
7 3 17 75
7 2 17 96
7 4 16 14
7 8 16 20
7 12 16 32
7 4 16 55
7 2 21 55
7 3 16 81
7 2 16 85
7 3 16 99
7 2 15 67
7 2 15 84
7 2 15 89
7 18 14 1
7 66 14 25
7 2 14 40
7 2 14 75
7 2 34 74
7 2 14 86
7 2 13 60
7 8 13 79
7 2 13 91
7 12 12 18
7 18 12 33
7 2 12 39
7 2 12 41
7 4 12 57
7 3 11 56
7 2 11 84
7 2 24 83
7 4 10 9
7 4 10 11
7 6 10 14
7 22 10 48
7 6 10 75
7 3 10 97
7 2 24 96
7 5 9 60
7 2 30 63
7 4 9 66
7 3 9 71
7 2 11 70
7 2 9 89
7 3 9 99
7 20 8 13
7 3 7 68
7 2 18 68
7 2 8 69
7 3 7 84
7 6 6 1
7 4 6 4
7 4 6 7
7 14 6 10
7 2 6 29
7 2 6 31
7 20 6 34
7 20 6 41
7 2 6 45
7 2 6 77
7 4 5 69
7 4 5 92
7 2 4 16
7 4 4 18
7 2 4 28
7 2 4 30
7 2 4 55
7 4 4 57
7 2 5 59
7 3 4 67
7 2 4 74
7 2 4 79
7 2 4 81
7 4 3 53
7 2 27 51
7 2 17 53
7 2 5 53
7 2 3 61
7 3 3 64
7 6 3 85
7 3 3 87
7 2 2 3
7 4 2 5
7 2 2 20
7 2 2 22
7 2 2 33
7 2 2 47
7 2 2 69
7 2 2 77
7 3 2 90
7 2 1 94
5 2 16 63
5 2 14 91
5 3 12 62
5 2 8 81
5 2 6 62
5 2 4 57
5 2 4 85
5 2 2 52
6 3 22 82
6 2 20 81
6 2 14 66
6 2 14 73
6 2 10 92
6 2 9 79
6 2 8 92
6 2 26 93
6 2 2 63
7 2 28 91
7 2 27 94
7 2 16 62
5 2 12 78
3 3 29 75
3 2 24 92
3 2 17 54
3 2 31 53
3 2 16 75
3 3 10 60
3 2 7 89
3 2 6 62
3 2 19 62
3 3 5 64
3 4 5 70
3 2 4 86
3 2 6 85
7 2 32 53
7 2 18 72
7 2 16 74
7 2 11 59
7 2 8 90
5 2 8 91
6 3 17 58
6 2 16 70
6 2 11 86
2 2 32 66
2 2 27 59
2 2 24 60
2 2 24 75
2 4 23 63
2 2 11 61
2 2 7 95
2 2 2 61
5 2 7 94
7 2 7 94
7 2 19 93
7 2 9 93
3 2 30 94
2 2 16 93
5 2 25 92
1 2 34 94
1 2 31 82
1 2 28 57
1 2 25 52
1 2 24 76
1 2 22 80
1 2 17 66
1 2 14 90
1 2 9 86
1 2 5 67
1 2 2 54
1 2 11 53
5 2 14 85
5 2 14 91
3 2 34 56
3 2 12 85
3 2 5 67
6 2 24 52
6 2 22 54
6 2 13 86
5 2 22 54
2 2 5 54
8 2 33 94
8 2 28 57
8 2 24 62
8 2 24 71
8 2 22 67
8 3 21 93
8 2 17 84
8 2 15 63
8 2 15 100
8 4 13 52
8 2 10 96
8 2 8 89
8 3 6 63
8 2 6 92
8 2 5 69
8 2 3 84
8 2 1 95
5 2 30 99
5 2 16 83
3 2 31 56
3 2 28 51
2 2 23 97
2 2 19 99
2 2 1 96
1 2 29 51
1 2 25 82
1 2 21 63
1 2 17 99
1 2 6 63
8 2 7 62
8 2 8 63
2 2 17 62
2 2 12 63
1 2 13 64
4 2 36 74
4 3 34 51
4 4 33 95
4 9 31 53
4 6 31 56
4 2 31 80
4 2 31 82
4 2 31 98
4 3 30 59
4 2 30 66
4 4 29 64
4 3 29 82
4 6 29 94
4 2 28 72
4 3 28 74
4 4 28 77
4 5 28 79
4 3 28 98
4 4 27 58
4 53 26 66
4 5 26 88
4 79 26 98
4 3 25 53
4 3 25 55
4 737 24 12
4 2 24 19
4 16 24 32
4 11 23 8
4 4 22 26
4 5 21 11
4 11 20 28
4 4 19 2
4 2 21 4
4 46 19 23
4 66 18 12
4 8 17 46
4 4 17 49
4 6 16 39
4 7 14 48
4 7 13 46
4 3 12 19
4 4 12 39
4 15 11 25
4 2 10 7
4 7 10 10
4 38 10 17
4 2 11 22
4 6 10 40
4 2 13 38
4 8 9 1
4 2 9 31
4 25 9 34
4 2 20 32
4 5 9 50
4 3 8 42
4 2 12 43
4 2 8 42
4 4 7 6
4 5 7 28
4 4 7 45
4 7 6 41
4 3 6 48
4 5 5 3
4 3 5 39
4 3 4 28
4 4 3 7
4 2 2 15
4 2 13 14
4 2 4 14
4 2 2 23
4 3 2 26
4 2 2 38
4 2 4 37
4 2 2 40
4 2 1 43
7 2 17 48
7 2 14 29
7 2 7 2
7 4 4 32
7 2 6 35
7 2 4 48
5 2 18 6
5 3 12 43
5 2 9 19
5 2 9 49
5 2 8 13
5 2 8 22
5 3 8 31
5 2 8 35
5 4 7 3
5 2 7 25
5 2 7 46
5 2 6 49
5 2 2 35
5 2 1 39
7 2 4 3
5 2 3 3
3 2 14 47
3 4 13 15
3 2 11 44
3 2 10 23
3 2 10 38
3 2 10 48
3 2 9 20
3 2 9 33
3 2 7 28
3 3 7 35
3 3 6 14
3 2 6 33
3 3 4 4
5 2 6 36
6 2 19 6
6 2 19 9
6 2 15 44
6 2 15 47
6 2 11 50
6 2 9 37
6 2 10 38
6 2 9 44
6 2 9 48
6 2 8 13
6 2 8 28
6 3 8 32
6 2 7 10
6 2 5 18
6 2 5 22
6 3 3 5
6 2 3 40
6 2 1 39
4 2 17 6
7 2 11 7
7 2 8 21
7 2 8 28
7 2 7 33
4 2 6 33
5 2 11 8
3 2 17 9
8 2 16 30
8 2 12 42
8 2 9 9
8 3 9 38
8 3 8 14
8 2 8 29
8 4 8 42
8 2 7 8
8 3 7 18
8 2 7 19
8 2 7 27
8 2 9 26
8 6 6 33
8 2 6 31
8 3 6 40
8 2 2 35
5 2 6 18
7 2 3 33
3 2 9 10
4 2 11 9
6 2 9 26
6 2 7 14
6 2 3 35
7 2 11 15
8 2 10 10
8 2 5 36
2 3 20 30
2 2 14 27
2 2 12 44
2 2 10 9
2 2 10 43
2 2 9 5
2 2 9 30
2 2 9 46
2 3 9 49
2 2 6 13
2 2 5 36
2 2 4 14
2 2 4 22
2 2 9 21
2 2 5 23
2 3 4 40
2 2 4 48
2 2 3 43
2 2 7 44
2 2 2 1
2 2 2 33
5 2 7 44
5 2 3 43
3 2 8 50
3 2 7 32
3 2 4 21
6 2 2 33
3 2 3 32
8 2 5 24
8 2 4 22
8 2 2 32
8 2 1 1
5 2 3 21
5 2 2 32
6 2 2 2
2 2 9 2
2 2 8 24
2 3 3 2
2 2 2 42
3 2 3 43
3 2 2 41
1 2 15 6
1 2 13 6
1 2 11 6
1 2 8 4
1 2 8 45
1 5 7 24
1 3 7 38
1 2 6 8
1 2 8 9
1 7 6 21
1 5 6 45
1 3 5 28
1 2 5 42
1 3 4 14
1 3 4 18
1 4 4 32
1 2 4 40
1 2 3 34
1 2 3 36
1 8 3 43
5 2 8 4
5 2 6 9
5 2 3 27
7 2 7 3
7 2 6 8
3 2 7 44
3 2 6 9
3 2 4 24
3 2 2 36
4 2 7 44
3 2 7 45
1 2 6 45
8 2 5 17
8 2 3 27
8 2 2 35
8 5 2 39
4 2 8 26
1 2 5 26
1 2 4 36
7 2 4 36
6 2 6 43
6 2 2 27
6 2 2 39
5 2 4 38
3 2 1 27
2 2 11 6
2 2 6 44
2 2 5 36
2 2 1 28
5 2 5 43
8 2 5 35
8 2 4 28
