395966
2402
2 14 23 35
2 14 53 40
4 12 23 12
4 12 69 34
7 12 43 10
8 12 15 26
2 10 13 37
3 10 31 17
3 10 37 47
3 10 43 23
4 10 45 5
7 14 51 5
7 10 1 26
2 10 55 29
7 10 3 35
7 10 41 26
7 10 79 40
8 10 23 20
8 10 45 4
1 8 5 34
1 8 59 49
4 9 69 48
1 8 61 6
1 8 75 45
2 8 1 17
6 12 37 15
1 8 1 15
4 10 73 14
2 8 25 24
2 8 31 45
6 16 73 47
3 8 55 22
3 8 75 20
4 8 3 34
4 8 17 39
2 8 75 41
6 8 3 4
6 8 15 31
1 8 29 30
2 12 87 27
4 8 81 29
6 8 25 32
6 8 37 7
6 8 39 23
4 8 77 24
1 8 81 26
6 8 49 45
4 12 47 48
7 8 15 22
7 8 23 27
4 10 35 27
6 8 59 29
6 8 69 28
2 8 67 30
7 8 31 2
7 8 33 26
7 8 73 15
8 8 53 40
2 8 61 39
2 7 13 50
4 9 55 47
7 8 9 49
2 8 45 51
2 7 67 58
2 7 78 53
4 7 22 67
6 7 19 65
6 7 34 84
8 7 58 69
8 7 64 58
1 6 9 40
1 6 17 36
6 10 51 36
7 12 55 35
7 10 29 35
2 8 67 37
1 6 27 34
2 8 63 33
6 8 63 31
8 8 45 34
1 6 33 19
4 10 35 20
2 10 35 19
1 6 37 11
3 8 57 9
4 8 45 13
2 8 41 15
8 8 33 10
8 8 37 13
6 8 73 12
1 6 41 27
1 6 43 14
1 6 43 40
1 6 45 7
1 6 61 46
1 6 63 40
8 8 77 44
2 6 1 47
2 8 49 46
1 6 37 45
2 6 9 24
2 6 23 15
2 6 23 40
8 8 33 39
7 8 47 38
2 6 25 38
2 6 43 10
2 6 45 32
2 6 47 33
2 6 55 13
2 6 59 15
2 6 61 8
2 6 61 44
1 6 65 45
2 6 75 16
3 6 5 33
3 8 23 31
2 6 37 30
3 6 13 14
7 8 43 17
3 6 15 87
3 6 17 5
2 10 17 4
6 12 39 2
1 8 27 3
2 12 65 1
4 8 67 3
7 10 69 1
7 8 25 1
3 8 43 2
7 8 33 1
2 6 51 6
3 6 21 2
3 6 29 68
3 6 33 94
6 7 70 94
4 8 78 95
3 6 53 13
3 6 59 20
3 6 61 16
3 6 61 48
2 6 61 47
4 6 11 27
4 6 19 4
3 6 55 6
4 6 21 28
4 8 29 30
4 6 23 31
3 8 57 31
2 6 55 33
4 6 33 11
2 8 33 9
4 8 53 12
6 8 35 11
8 12 55 10
1 6 43 9
1 6 57 10
2 6 47 9
3 6 39 13
4 6 35 33
4 6 37 28
4 6 57 24
4 6 75 43
6 6 3 24
6 10 51 22
7 8 53 25
4 6 47 24
6 6 7 30
2 6 49 28
4 6 55 33
6 6 9 37
3 6 31 36
3 6 49 38
6 6 20 94
6 6 27 49
1 9 63 47
6 6 43 39
6 8 53 38
6 6 55 34
6 6 55 48
6 6 67 6
6 6 73 42
4 6 83 42
7 6 1 14
7 6 2 84
6 6 32 88
7 8 67 82
8 7 60 87
7 6 7 14
7 8 13 14
3 6 19 15
3 6 29 16
3 6 45 16
4 6 21 15
4 6 49 18
6 6 45 16
7 6 7 27
1 8 5 29
3 8 53 28
1 6 51 27
7 6 21 9
4 6 43 8
7 6 27 18
8 8 67 19
7 6 37 5
3 8 35 6
7 6 45 50
7 6 57 23
4 6 67 22
7 6 69 37
8 6 3 41
3 6 15 42
2 6 55 42
4 6 27 42
2 6 69 44
4 6 31 40
4 6 53 42
1 6 65 43
6 6 23 40
3 6 31 39
4 6 23 38
1 6 55 36
6 6 41 42
7 6 11 41
8 6 5 32
4 6 5 34
6 6 41 34
8 6 7 36
8 8 21 34
8 8 47 36
4 6 49 36
1 6 55 36
7 6 7 36
8 6 19 10
2 6 69 11
8 6 27 6
4 6 29 7
8 6 27 26
3 8 49 24
2 6 33 28
8 6 39 42
8 6 41 4
8 6 57 11
1 5 21 82
1 5 41 58
2 5 60 90
3 5 21 81
3 7 52 81
4 5 27 54
7 6 77 53
4 5 27 69
6 7 62 67
7 6 59 67
6 5 2 76
6 6 46 76
6 5 7 96
4 5 19 96
2 6 39 99
4 6 35 95
8 6 55 96
7 5 28 61
6 6 76 63
8 6 32 63
1 5 90 59
7 5 49 72
8 5 63 58
4 6 79 57
1 4 5 8
3 6 25 7
7 6 3 9
1 6 15 9
1 4 5 9
1 4 11 4
1 4 11 23
8 8 53 22
8 6 63 22
7 6 69 21
1 4 14 79
7 5 43 78
1 4 21 19
1 6 45 19
1 4 23 16
7 6 21 16
4 6 51 17
1 4 21 16
1 4 25 26
6 6 45 26
8 6 51 25
4 6 49 25
1 4 25 29
1 4 29 43
3 8 45 41
6 8 51 43
7 8 59 43
1 4 29 46
6 6 45 46
8 8 47 46
8 10 55 49
2 6 49 45
3 6 53 43
8 6 43 45
7 6 53 43
1 4 33 83
7 5 43 83
7 6 51 84
3 6 51 86
1 5 71 86
2 5 73 83
2 5 86 88
4 5 43 83
1 4 37 22
1 6 43 21
1 4 39 13
4 6 39 12
1 4 43 37
1 4 45 1
1 4 47 1
4 6 45 2
6 6 47 1
8 8 43 2
1 4 47 9
1 4 49 21
1 6 53 21
1 4 69 21
1 4 79 55
1 4 81 73
4 5 80 77
2 4 1 35
1 4 23 35
4 6 39 33
7 6 21 35
2 4 1 38
4 8 35 38
8 6 31 37
1 4 3 39
2 6 3 39
2 6 31 37
3 6 1 41
4 6 27 37
1 4 27 38
2 4 1 75
1 4 20 77
2 4 3 2
6 10 7 1
2 4 3 22
2 6 51 22
4 6 43 21
2 4 9 44
7 8 43 45
3 6 27 46
2 6 41 44
4 6 39 45
8 6 39 44
1 4 19 43
2 6 19 45
6 6 37 45
2 4 12 91
1 4 20 90
2 4 13 28
2 4 19 14
2 4 19 40
2 4 19 49
3 6 27 48
2 5 65 50
1 4 61 49
2 4 27 20
2 4 31 46
7 6 35 47
3 5 55 49
2 4 31 67
3 5 34 66
6 5 59 65
2 4 45 23
2 4 47 38
2 4 47 96
3 7 48 94
2 4 51 5
1 4 57 5
2 4 51 15
2 4 51 18
2 4 55 21
2 4 64 54
6 5 78 52
1 4 66 55
3 5 75 54
7 5 73 60
3 4 1 46
1 4 1 47
3 6 5 46
4 6 1 48
4 6 11 46
4 6 19 46
4 6 29 45
7 5 3 49
3 6 35 48
1 5 45 52
1 4 33 48
7 6 43 49
2 4 1 48
3 4 5 21
7 6 29 21
1 4 13 20
2 4 7 20
3 4 7 27
7 8 35 25
3 4 7 83
3 4 9 43
6 6 9 41
3 4 11 5
3 4 15 7
3 4 17 78
2 4 77 78
3 4 19 41
3 4 19 89
3 4 21 11
3 4 23 3
2 4 41 2
1 4 47 3
3 4 28 77
1 4 69 76
3 4 39 22
3 4 41 6
3 4 45 3
6 8 43 3
3 4 47 8
3 4 47 37
3 4 49 24
3 4 53 7
3 4 57 12
1 4 55 12
3 4 60 65
1 4 76 67
3 4 67 80
3 4 87 100
4 4 1 26
8 6 39 27
1 4 11 25
2 4 21 27
3 4 21 25
4 4 3 2
4 4 3 23
4 4 9 44
4 4 11 2
4 4 12 52
4 4 13 32
3 4 27 31
1 4 25 31
8 8 25 30
4 4 15 24
8 6 35 23
4 4 15 29
4 4 17 3
4 4 19 3
4 6 29 1
4 4 19 27
4 4 23 15
4 4 25 72
2 4 25 72
3 4 40 72
8 7 39 72
2 5 44 74
6 5 58 71
4 4 24 74
4 4 27 21
6 6 41 20
1 4 51 19
2 4 27 20
7 6 47 19
4 4 37 4
4 4 39 6
4 4 41 2
4 4 44 67
4 4 45 43
3 4 45 42
4 4 51 8
4 4 53 11
4 4 53 14
4 4 53 66
4 4 57 17
4 4 57 66
6 4 1 5
4 4 5 4
6 6 11 3
6 4 1 11
3 4 39 10
7 6 39 11
2 4 43 9
6 4 1 15
2 4 9 16
2 4 11 17
3 4 53 18
6 4 1 42
6 4 3 8
6 4 3 37
1 4 13 36
1 4 15 36
3 4 15 35
7 6 35 34
3 4 25 35
4 6 27 36
2 4 29 34
3 4 35 37
6 4 9 21
4 4 39 22
6 4 13 4
3 4 33 3
6 4 13 46
1 6 11 46
1 4 25 45
2 4 23 46
3 4 21 47
6 4 17 5
4 4 21 4
6 4 17 47
7 6 21 45
6 4 19 39
6 4 25 62
6 4 27 17
1 4 41 16
7 6 39 16
4 4 43 17
6 4 30 77
4 5 30 77
6 5 43 77
3 5 47 75
4 7 58 76
3 4 40 77
6 5 52 76
7 5 74 78
6 4 31 8
1 4 33 7
2 4 47 7
4 4 39 8
6 4 33 19
8 6 41 17
6 4 37 7
8 6 35 8
7 6 45 6
6 4 41 6
6 4 41 8
6 4 43 90
6 4 75 63
1 4 80 63
6 4 84 73
7 4 1 39
3 4 13 40
7 6 17 39
8 6 17 37
3 4 15 39
6 4 25 41
6 4 33 36
7 4 2 52
4 5 14 51
2 4 48 55
1 4 71 55
3 4 78 55
4 4 61 53
6 4 13 52
6 4 35 50
7 4 3 33
3 4 17 32
4 4 5 34
3 4 9 35
4 6 13 35
2 4 11 35
6 4 23 32
7 6 21 31
7 6 29 30
3 4 21 31
3 4 29 29
3 4 29 32
1 4 43 31
6 4 37 33
7 4 5 92
1 4 12 91
2 4 16 90
2 6 48 91
7 5 62 87
4 4 65 87
3 4 81 86
6 4 11 92
4 4 10 91
3 4 43 89
7 4 7 30
2 4 5 30
7 4 7 41
7 4 9 37
7 6 13 37
8 6 17 37
3 4 21 38
2 4 19 38
6 4 11 37
6 4 19 38
7 4 11 42
7 4 13 18
2 6 17 17
4 6 13 17
8 8 25 18
7 6 31 16
8 6 39 18
1 4 33 18
3 4 33 18
4 4 33 18
6 4 15 16
6 4 29 18
7 4 15 7
3 4 33 6
6 4 17 7
7 4 15 13
1 4 19 12
7 6 21 11
8 6 39 10
1 4 39 13
6 4 37 13
7 4 15 50
4 4 39 49
6 4 25 49
2 4 43 50
7 4 19 29
2 4 39 30
4 4 23 30
7 4 21 2
7 4 21 4
7 4 21 40
7 4 27 6
7 6 31 7
7 6 35 9
2 4 35 9
4 4 33 9
7 4 27 44
7 4 31 1
7 4 31 21
7 4 34 58
4 4 44 57
2 4 64 57
2 4 73 55
3 4 61 58
6 4 42 58
2 4 67 57
6 4 44 57
6 4 66 55
7 4 35 31
7 4 39 11
7 4 49 32
7 4 53 14
8 4 1 2
8 4 2 64
3 4 44 63
6 4 40 62
8 4 5 21
4 4 7 21
1 4 13 20
4 4 19 19
6 4 17 19
7 4 15 19
4 4 15 19
8 4 5 46
4 4 5 45
8 4 7 4
7 6 7 3
8 4 7 7
2 4 11 6
1 4 17 7
4 6 17 6
8 6 27 9
8 4 7 10
6 4 31 9
8 4 9 5
8 4 13 4
3 4 15 3
6 4 13 5
8 4 13 12
2 4 33 13
7 4 31 14
8 4 13 32
1 4 33 32
2 4 15 31
4 4 31 32
7 4 17 32
7 4 23 33
8 4 17 14
8 4 17 44
6 4 47 43
7 4 47 43
8 4 17 98
8 5 58 99
1 4 24 95
8 4 19 31
4 4 25 30
7 4 25 30
8 4 21 67
8 4 31 33
8 4 33 20
8 4 33 68
3 4 35 71
7 5 38 73
8 5 69 72
8 4 39 24
7 4 45 23
7 4 51 25
8 4 39 27
8 4 41 86
7 4 67 85
8 5 71 84
8 4 42 99
8 4 45 25
8 4 47 25
4 4 47 25
8 4 51 65
4 4 57 64
8 4 77 65
8 4 82 81
3 4 83 81
1 3 1 91
6 5 46 91
7 5 26 91
1 4 74 90
7 5 72 93
3 4 7 89
1 4 28 91
3 4 36 87
4 4 45 94
8 4 10 88
7 4 52 86
8 4 81 92
1 3 6 83
4 5 7 82
8 5 56 86
4 4 40 81
1 3 9 53
1 3 11 76
1 4 29 77
1 5 54 76
1 3 13 52
4 4 14 53
1 3 18 98
1 4 57 100
1 3 23 72
8 5 22 71
3 4 39 75
1 4 67 75
4 4 35 74
7 4 51 75
1 3 24 53
1 3 27 50
6 4 39 49
1 3 28 53
6 4 36 53
1 3 29 87
3 4 64 88
1 3 32 98
8 4 64 97
1 3 33 88
1 5 58 85
4 4 61 87
6 4 77 90
1 3 34 73
1 4 67 71
1 3 41 70
8 4 86 70
1 3 42 98
4 5 55 99
6 4 49 98
1 3 44 74
1 3 46 61
1 3 47 51
1 3 74 70
1 3 78 94
1 3 80 79
2 3 8 51
2 3 8 80
8 5 46 79
2 4 27 79
2 4 38 81
7 4 29 79
8 4 28 78
1 3 33 76
2 3 10 54
2 3 12 63
6 5 43 62
4 4 58 64
4 4 69 64
2 3 15 54
1 4 14 54
1 4 30 54
7 4 63 52
2 3 17 60
2 4 42 57
7 4 35 58
7 4 49 61
1 3 59 59
7 4 58 59
2 3 21 85
6 4 47 87
6 4 53 84
4 5 62 82
2 3 25 51
2 3 27 77
2 3 31 69
2 4 79 71
6 4 35 68
8 5 52 67
2 3 32 80
4 4 44 82
6 4 68 80
6 4 71 78
1 3 43 82
2 3 33 50
2 3 34 77
8 4 60 76
2 3 43 74
2 3 45 53
2 3 45 93
2 3 46 76
4 4 57 75
1 4 56 75
2 3 48 60
6 6 57 58
1 3 61 56
1 3 66 57
3 3 1 50
3 4 25 49
4 4 21 49
3 3 1 59
3 4 47 57
8 4 6 57
8 4 19 55
7 5 18 55
4 5 33 55
2 3 28 56
2 3 29 60
8 4 63 57
3 3 8 83
6 5 38 82
6 4 15 83
4 5 21 85
8 4 33 84
1 3 70 81
1 3 76 80
2 3 30 87
2 3 31 84
3 4 52 83
8 4 63 85
3 5 64 82
7 4 66 80
2 3 60 89
3 3 13 96
7 4 16 96
1 3 65 95
3 3 17 50
7 5 15 50
3 3 20 89
6 5 42 90
4 4 59 91
2 3 46 90
4 4 59 87
3 3 22 80
3 3 23 61
2 3 23 59
8 4 20 61
7 4 35 61
2 3 54 61
3 3 29 64
2 4 56 66
3 3 29 76
7 4 30 75
1 3 30 73
4 4 29 75
3 3 30 74
1 3 36 73
4 5 35 73
1 3 45 72
3 3 35 64
2 4 41 63
3 3 45 98
3 3 62 66
3 3 73 62
4 3 4 93
7 4 77 92
2 3 52 91
3 3 10 92
4 4 18 93
2 4 22 97
6 4 59 90
4 5 63 88
7 4 61 89
3 3 13 93
3 3 17 93
7 4 39 94
3 5 61 92
3 4 58 91
3 3 57 97
3 3 75 98
4 3 6 56
4 4 58 53
4 3 6 92
6 4 10 90
8 4 17 90
4 3 6 98
7 5 20 98
1 4 9 98
4 4 23 99
8 4 23 97
7 4 26 96
3 3 59 99
4 3 8 72
8 6 7 73
2 3 32 71
7 4 81 69
1 3 31 71
3 3 58 73
4 3 6 73
6 4 27 74
2 4 29 73
6 4 29 73
7 4 26 74
2 3 31 73
3 3 18 71
3 3 54 72
4 3 9 57
6 4 20 58
1 3 31 58
2 3 43 57
7 4 42 58
3 3 20 55
8 4 20 54
1 4 29 53
7 5 59 51
2 4 20 54
3 4 58 54
4 4 34 53
3 3 52 53
2 3 52 52
4 3 9 72
2 3 35 71
4 3 10 92
2 4 61 90
1 3 64 89
3 3 21 91
8 4 26 90
4 3 13 59
3 3 16 61
4 4 41 61
4 3 18 51
4 3 27 78
3 3 26 78
6 4 29 81
3 3 49 77
4 3 31 76
4 3 32 98
4 3 43 85
8 5 42 85
2 3 62 82
3 3 53 84
4 3 61 71
4 3 68 79
6 3 1 91
1 3 26 92
7 4 44 91
6 3 4 74
4 3 48 74
6 4 47 72
8 5 47 73
6 3 7 98
8 4 27 98
6 4 25 98
2 3 9 99
4 3 55 98
6 3 9 70
1 4 17 69
2 3 43 68
1 3 42 69
4 3 11 69
3 4 34 67
8 4 70 68
3 3 67 68
6 3 12 63
3 3 25 64
1 3 59 65
4 3 52 62
6 3 15 57
6 3 16 87
1 3 36 86
4 3 30 87
6 3 17 76
6 3 31 79
1 3 30 79
8 4 29 80
6 3 34 55
6 3 60 99
6 3 64 51
7 3 2 63
3 3 48 63
7 4 51 66
7 3 3 58
4 4 22 57
3 4 38 56
3 3 4 59
3 3 6 58
8 4 5 56
3 3 22 60
8 4 20 61
1 4 21 62
3 3 39 61
3 3 40 61
1 3 44 63
3 3 62 61
4 3 19 60
3 4 18 59
4 4 34 58
7 4 56 60
4 3 39 55
7 3 3 90
4 4 3 90
2 3 4 89
8 4 10 88
4 3 12 89
7 3 5 60
1 3 19 58
2 3 4 61
2 3 40 61
4 3 20 61
4 4 52 59
8 4 31 63
1 3 31 63
1 3 42 64
2 4 62 66
2 3 41 66
4 3 29 62
2 3 53 59
4 3 45 67
4 3 67 68
6 3 60 65
6 3 62 67
7 3 6 58
1 3 5 59
3 3 43 60
6 3 50 59
7 3 8 72
7 3 13 81
6 4 12 81
3 3 23 81
7 5 48 81
4 3 26 81
1 3 53 79
7 3 22 90
7 3 27 52
7 3 28 59
7 3 34 94
3 3 53 95
2 3 67 94
7 3 40 62
7 3 48 81
4 3 51 79
7 3 49 98
7 3 60 95
8 3 1 69
7 5 13 70
1 4 7 70
2 4 13 68
8 5 13 69
1 3 27 70
2 3 56 70
3 3 4 69
8 4 21 70
4 3 20 70
4 4 32 68
6 3 23 66
3 3 29 69
7 3 40 69
7 3 43 64
6 3 42 66
4 4 42 65
8 4 50 64
2 3 46 64
8 3 8 52
2 3 33 52
1 3 33 54
3 3 38 51
8 4 37 51
3 3 51 51
8 3 15 61
6 3 39 61
8 3 18 65
2 4 19 66
8 4 22 63
1 4 20 65
3 3 37 65
8 3 21 93
6 4 20 95
3 3 48 92
4 3 20 93
2 3 19 95
1 3 35 96
2 3 47 95
8 3 32 81
6 3 38 83
2 3 46 83
6 3 53 80
7 3 37 82
6 4 49 81
7 3 49 82
8 3 46 97
8 3 48 82
8 3 50 54
8 3 52 75
1 2 1 8
2 4 5 7
4 4 25 7
6 4 5 7
7 4 9 6
1 2 1 13
2 4 3 13
4 4 9 13
8 4 37 14
1 2 1 15
3 4 1 14
1 2 1 14
1 2 1 30
3 4 15 29
6 8 13 30
7 4 9 30
7 4 19 29
1 2 1 35
8 4 13 34
6 4 15 33
1 2 1 42
2 4 21 42
8 6 19 42
3 4 5 41
3 4 17 41
6 4 25 41
1 2 1 48
4 4 29 48
6 4 3 47
1 2 1 96
6 3 36 98
8 3 28 95
4 3 27 95
1 2 3 5
3 6 5 4
1 2 3 17
1 4 17 16
2 4 21 16
8 4 3 17
1 4 3 18
1 6 5 18
2 4 13 16
4 6 11 16
3 4 7 18
4 4 3 19
6 6 15 19
8 6 25 20
4 4 5 16
6 4 3 20
1 4 23 20
7 4 17 21
1 2 3 21
4 4 15 21
1 2 3 23
3 4 7 23
6 4 9 24
3 4 25 25
4 4 23 25
6 4 25 26
1 2 3 26
1 4 25 26
6 4 35 25
8 4 21 26
6 4 27 25
2 4 31 24
7 4 29 26
8 4 23 27
1 2 4 63
8 3 40 64
1 2 4 87
1 5 38 86
3 3 34 88
8 3 41 91
6 3 41 91
8 3 50 92
1 2 5 7
1 2 5 16
1 4 11 15
1 2 5 42
4 4 19 42
7 4 21 42
1 4 19 43
1 2 5 72
7 3 30 71
8 3 25 71
2 3 44 69
4 3 48 68
1 2 5 76
8 3 26 77
1 2 6 65
2 3 53 66
3 3 5 66
1 3 47 64
6 3 22 65
1 3 21 66
4 3 21 65
8 4 29 63
7 3 10 65
4 4 14 64
8 4 39 64
1 3 24 65
2 3 36 62
4 3 29 62
7 3 22 62
4 3 37 60
7 3 32 63
8 3 18 65
2 3 41 63
6 3 34 63
4 3 34 64
7 3 19 64
1 2 6 68
2 3 17 67
7 3 11 68
6 3 45 70
8 3 14 69
3 4 15 67
1 3 44 70
7 3 44 71
1 2 7 1
4 4 17 1
8 4 5 1
2 4 27 1
1 2 7 10
1 2 7 18
1 2 7 33
3 4 5 33
2 4 17 33
1 2 7 36
1 2 7 80
2 4 5 80
2 4 20 78
6 4 50 76
1 3 9 77
7 3 24 80
2 3 37 80
1 3 40 82
1 3 44 82
3 3 51 78
8 3 10 80
2 3 46 80
1 2 9 2
1 2 9 12
7 4 13 11
1 2 9 33
1 2 9 50
8 3 13 50
4 3 13 51
8 4 55 51
1 3 24 53
8 3 44 52
1 2 10 65
1 2 10 96
6 3 11 98
3 3 35 98
7 3 19 98
1 3 27 96
2 3 43 97
4 3 30 97
2 3 34 97
3 3 53 96
7 3 41 97
1 2 11 6
1 2 12 70
1 2 13 4
1 2 13 11
1 2 13 16
1 2 13 24
2 4 19 24
4 4 25 23
7 4 13 24
3 4 15 23
1 2 13 31
1 2 13 40
1 2 15 11
8 4 19 10
1 2 15 16
1 2 15 38
1 2 16 68
8 3 20 67
1 2 17 2
1 2 17 23
4 4 15 23
1 2 17 25
1 2 17 31
1 2 17 36
1 2 17 95
3 3 25 94
1 2 19 6
1 2 19 13
1 2 19 27
1 2 19 29
1 2 19 36
1 2 19 38
4 4 17 38
1 2 21 29
1 2 21 34
1 2 21 73
2 3 43 74
1 2 21 80
1 2 23 48
1 2 23 86
3 3 26 86
1 2 25 5
1 2 25 99
1 2 27 1
1 2 27 12
1 2 27 24
1 2 27 26
1 2 27 89
6 3 38 90
1 2 29 12
1 2 29 14
1 2 29 93
1 3 32 94
8 3 38 93
1 2 31 3
1 2 34 61
1 3 40 61
1 2 34 84
6 3 47 83
8 3 38 83
4 3 44 82
1 2 35 54
4 3 47 53
6 3 52 55
1 2 35 68
8 3 38 67
2 3 36 67
1 2 35 87
1 2 36 93
1 2 36 96
1 2 38 60
1 2 38 95
2 4 54 94
8 3 42 94
1 2 40 97
1 2 41 44
3 4 39 44
1 2 41 92
1 2 46 53
1 2 46 82
4 3 45 82
6 3 49 83
8 3 46 82
1 2 47 52
2 2 1 14
7 4 7 13
2 2 1 29
8 6 9 28
2 2 1 35
2 2 1 43
8 4 29 43
2 2 1 83
6 3 6 85
7 3 6 84
3 4 12 84
1 3 5 85
7 3 14 86
7 3 29 83
2 2 1 90
1 2 8 90
2 2 2 58
7 4 10 58
4 4 32 56
8 4 18 58
2 4 24 57
4 3 17 58
8 3 22 57
7 3 35 55
8 3 35 55
1 2 11 56
8 3 23 57
6 3 29 59
7 3 42 61
8 3 25 56
1 2 13 59
7 4 11 60
3 3 12 60
6 4 18 62
6 3 10 60
1 2 19 55
1 2 26 56
1 2 27 60
7 3 27 61
1 2 40 63
2 2 3 4
2 2 3 10
4 4 3 9
3 4 1 9
2 2 3 33
2 2 3 45
6 4 17 44
8 4 9 44
2 2 3 79
4 3 27 81
1 2 25 78
8 3 27 80
4 3 37 78
4 3 38 79
1 2 27 79
1 2 32 79
2 2 4 56
2 2 4 78
2 2 5 10
2 2 5 23
2 2 5 39
8 4 7 39
2 2 5 45
3 4 5 45
3 4 9 45
2 2 5 48
8 4 15 47
2 2 5 68
4 3 10 69
6 3 23 66
3 3 33 68
7 3 4 69
2 3 21 67
4 3 38 69
8 3 5 70
3 3 4 69
2 2 5 87
4 3 4 86
8 3 3 87
6 3 41 86
7 3 2 88
1 3 37 86
3 3 34 87
4 3 5 87
3 3 40 86
7 3 39 87
8 3 14 87
2 3 27 85
3 3 26 86
7 3 26 88
1 2 38 87
2 2 5 93
6 3 5 92
3 3 19 94
2 3 29 92
4 4 27 92
6 3 21 92
2 3 33 90
7 3 5 92
4 3 17 91
7 4 15 92
8 4 19 92
8 3 46 94
1 2 22 90
1 2 29 89
2 2 7 2
2 2 7 19
2 2 7 24
2 2 7 32
2 2 7 48
8 4 7 48
2 2 7 48
2 2 8 57
2 2 9 10
2 2 9 12
2 2 9 27
2 2 9 31
2 2 9 37
2 2 9 40
2 2 9 97
8 3 26 95
1 2 45 96
2 2 11 6
3 4 9 6
2 2 11 6
2 2 11 8
2 2 11 26
2 2 11 40
2 2 11 43
2 2 11 50
2 2 11 54
4 3 24 55
2 2 13 1
2 2 13 10
2 2 13 12
6 4 11 12
8 4 21 12
6 4 25 11
2 2 13 26
6 4 15 26
2 2 13 43
2 2 15 3
2 2 15 26
2 2 17 8
2 2 17 19
2 2 17 21
2 2 19 3
2 2 19 28
3 4 17 28
2 2 19 44
2 2 19 49
2 2 19 63
3 3 35 61
2 2 21 36
2 2 21 41
2 2 21 82
2 2 23 15
2 2 23 43
2 2 25 36
2 2 25 53
1 2 40 53
3 3 38 53
2 2 26 69
2 2 27 14
2 2 27 23
2 2 27 28
2 2 29 32
6 4 27 32
2 2 31 28
2 2 31 81
3 3 30 81
2 2 31 87
2 2 34 93
2 2 43 1
4 4 41 1
2 2 43 1
2 2 44 88
2 2 47 52
2 2 51 77
3 2 1 12
3 4 7 11
4 4 5 12
4 4 21 12
3 2 1 22
3 2 1 31
3 2 1 34
3 2 1 42
6 4 7 41
3 2 1 47
7 4 1 47
7 4 5 46
3 2 1 85
1 2 20 84
2 2 21 86
3 2 2 55
3 4 24 54
7 4 22 53
4 3 7 54
4 3 22 52
6 3 21 53
7 3 4 55
8 3 37 54
2 2 19 55
3 2 2 86
1 2 19 86
3 2 3 1
3 2 3 11
6 4 15 11
3 2 3 14
3 2 3 18
3 2 3 38
8 4 9 38
3 2 3 47
3 2 3 84
2 2 8 83
2 2 16 84
3 2 5 18
3 2 5 29
4 4 5 28
3 2 5 36
3 2 5 39
3 2 5 49
4 4 5 49
6 4 7 50
3 3 9 50
7 3 5 50
1 2 46 51
3 3 45 51
3 2 6 81
3 2 7 3
3 2 7 27
3 2 7 40
3 2 7 68
7 3 11 69
2 3 16 69
3 2 9 16
3 2 9 18
3 2 9 23
3 2 11 10
3 2 11 13
7 4 11 12
3 2 11 18
3 2 11 30
3 2 11 36
3 2 11 41
3 2 11 50
3 2 13 21
3 2 13 30
3 2 15 8
3 2 15 14
7 4 21 14
8 4 19 15
3 2 15 36
3 2 15 60
3 2 16 66
1 2 23 65
3 2 17 1
3 2 17 14
3 2 18 56
7 3 33 55
3 2 19 85
8 3 31 84
3 2 20 52
1 2 39 52
3 2 20 61
3 2 20 99
3 2 21 22
3 2 21 25
3 2 21 28
3 2 23 32
3 2 25 22
3 2 25 25
3 2 25 77
2 2 27 78
3 3 26 79
1 2 34 77
3 2 28 97
3 3 36 97
6 3 36 97
8 4 38 95
2 2 32 97
3 2 30 55
3 2 30 70
3 2 31 77
8 3 34 77
7 3 41 76
8 3 45 78
1 2 38 77
2 2 34 77
2 2 38 78
3 2 33 90
3 2 37 1
3 2 37 99
3 2 39 74
4 2 1 1
7 4 5 1
6 4 3 1
4 4 3 1
8 4 13 1
4 2 1 7
4 2 1 12
8 4 1 11
4 2 1 17
4 2 1 21
4 2 1 38
4 2 1 49
4 2 1 82
3 2 21 83
3 2 32 81
4 2 2 65
6 3 2 63
3 4 1 65
1 2 1 66
2 2 2 63
2 2 36 63
4 2 2 73
7 3 38 74
4 3 39 75
2 2 20 74
7 3 18 75
2 2 30 72
3 2 48 71
4 2 3 12
8 4 11 12
4 2 3 15
4 2 3 36
4 2 3 39
4 2 3 59
1 2 12 60
1 2 14 60
4 2 4 99
6 3 3 98
4 3 9 98
7 3 20 100
8 3 9 100
1 2 32 97
2 2 6 97
2 2 29 99
2 2 39 99
4 2 5 10
4 2 5 23
6 6 19 22
6 4 13 22
4 2 5 35
7 4 3 35
4 2 3 35
4 2 5 41
4 2 5 49
4 2 7 6
4 2 7 8
4 2 7 19
4 2 7 27
4 2 7 37
4 2 7 40
4 2 7 49
4 2 9 10
4 2 9 13
4 2 9 17
4 2 9 25
4 2 9 27
4 2 9 43
4 2 9 81
7 3 13 81
4 2 11 6
4 2 11 12
4 2 13 15
4 2 13 21
4 2 13 32
4 2 13 44
4 2 15 36
4 2 15 74
8 3 30 75
2 2 19 75
3 2 19 75
3 2 26 76
4 2 15 99
4 2 17 51
4 2 17 95
4 2 18 69
4 3 21 70
3 2 21 70
3 2 22 71
4 3 28 72
3 2 28 74
4 2 19 28
4 2 19 44
4 2 21 44
4 2 23 48
4 2 23 66
3 2 23 65
4 2 23 94
7 3 40 95
3 2 37 93
4 2 24 74
4 2 27 20
4 2 28 66
3 2 39 67
4 2 29 1
4 2 29 20
4 2 30 67
4 2 30 90
2 2 38 89
4 2 31 64
4 2 31 93
6 3 38 93
4 2 32 83
4 2 33 93
2 2 33 93
4 2 37 67
4 2 42 51
4 2 46 82
6 2 1 13
6 2 1 15
6 2 1 17
6 2 1 29
7 4 3 28
6 2 1 34
6 2 1 44
6 2 1 47
6 2 1 54
4 2 31 55
2 2 31 54
2 2 42 56
4 2 33 53
6 2 2 83
8 3 3 85
1 2 2 85
6 3 9 85
2 2 8 85
8 3 21 84
4 4 20 84
2 2 20 85
6 3 23 86
2 2 34 88
2 2 38 82
4 2 3 84
6 3 3 83
4 2 4 85
7 3 18 84
3 2 21 83
6 2 3 6
6 2 3 28
6 2 3 38
6 2 3 70
7 3 20 70
1 2 2 71
7 3 13 71
1 2 28 72
2 2 2 70
1 2 3 69
8 3 22 67
1 2 6 70
8 3 25 68
6 3 26 67
2 2 21 69
4 2 23 70
1 2 42 71
6 2 1 71
3 2 5 71
6 3 8 71
7 3 17 69
3 2 16 69
6 2 4 89
7 3 6 89
2 2 15 88
7 3 14 89
4 2 14 89
6 3 16 90
7 3 26 88
2 2 15 90
2 2 17 91
3 2 20 88
6 3 29 86
4 2 27 89
6 2 5 7
6 2 5 10
8 4 9 9
6 2 5 16
6 2 5 24
6 2 5 28
6 2 5 31
6 2 5 47
6 2 5 56
3 2 5 57
4 3 7 57
6 2 5 99
4 2 10 98
1 2 31 99
1 2 34 99
2 2 20 97
6 3 23 95
8 3 29 98
2 3 28 100
1 2 38 96
3 2 9 98
6 3 17 96
4 2 25 97
6 2 7 22
6 2 7 98
6 2 9 28
6 2 9 32
6 2 9 36
6 2 9 72
2 2 12 73
6 3 10 73
2 2 9 73
2 2 44 74
3 2 43 74
6 2 10 62
4 2 10 62
6 2 11 25
6 2 11 32
6 2 11 41
6 2 15 3
6 2 15 44
6 2 15 51
6 2 17 1
6 2 17 3
6 2 17 34
6 2 17 42
6 2 19 9
6 2 22 52
6 2 22 58
6 2 22 60
6 2 22 67
6 2 23 9
6 2 23 89
8 3 31 88
1 2 31 88
6 2 24 82
7 3 23 83
3 2 34 82
6 2 26 71
6 2 26 79
6 2 27 90
6 2 28 51
1 2 31 52
6 2 28 59
6 2 29 80
1 2 28 80
6 2 31 71
6 2 36 71
6 2 41 94
1 2 40 94
7 2 1 2
7 2 1 5
7 2 1 16
7 2 1 20
8 4 1 19
7 2 1 22
7 4 7 21
7 2 1 27
8 6 1 26
7 2 1 27
7 2 1 30
7 2 1 37
7 2 1 44
8 4 1 44
7 2 1 94
2 2 7 95
4 2 1 93
1 2 14 92
8 4 13 92
2 2 5 92
4 2 6 95
7 3 14 93
4 2 12 95
4 2 22 94
3 2 27 93
6 2 11 94
1 2 16 95
3 2 29 95
4 2 28 96
6 2 25 94
7 2 2 77
8 3 19 78
4 3 21 76
7 3 40 74
1 2 9 78
2 3 8 78
2 2 15 78
2 2 17 77
1 2 18 76
3 2 15 76
2 2 29 75
3 2 38 75
4 2 14 78
6 2 19 79
1 2 18 80
7 2 3 21
7 2 3 25
7 2 3 27
7 2 3 33
7 2 3 39
7 2 5 9
7 2 5 18
7 2 5 33
7 2 6 59
7 3 15 60
1 2 5 59
8 3 7 58
2 2 14 61
8 3 14 61
1 2 15 61
6 2 9 57
2 2 14 58
3 2 31 56
4 2 13 56
6 3 13 55
8 3 25 55
6 3 24 55
1 2 21 54
4 2 15 58
2 2 19 59
4 2 22 60
6 2 14 55
6 2 33 53
7 2 6 79
2 2 20 78
4 2 24 79
3 2 26 78
7 2 7 4
7 2 7 9
7 2 7 82
2 2 21 81
6 2 13 81
6 2 15 82
6 2 16 82
7 2 9 19
7 2 9 31
7 2 9 37
7 2 9 41
7 2 9 61
7 2 11 1
7 2 11 15
7 2 11 17
7 2 11 28
7 2 11 33
7 2 11 48
7 2 12 63
1 2 28 63
2 2 18 63
6 2 23 64
7 2 13 23
7 2 13 43
8 4 15 43
7 2 13 56
7 3 33 56
7 2 13 58
7 2 14 83
4 2 14 84
7 2 15 39
7 2 15 43
7 2 17 1
8 4 15 1
7 2 15 1
7 2 17 9
7 2 17 20
7 2 17 62
6 2 16 63
3 2 21 63
6 2 21 62
7 2 18 66
7 2 18 76
7 2 18 95
2 2 30 96
4 2 34 96
7 2 19 24
7 2 19 60
7 2 19 66
7 2 21 20
7 2 21 78
7 2 24 56
7 2 25 51
7 2 26 82
7 2 28 92
7 2 29 52
7 2 30 71
4 2 29 71
2 2 31 71
8 2 1 4
8 2 1 15
8 2 1 17
8 2 1 23
8 4 7 22
8 2 1 31
8 2 1 35
8 2 1 38
8 2 1 41
8 2 1 86
2 2 7 87
8 3 12 87
1 3 12 88
3 2 14 90
6 2 11 86
7 2 12 85
6 2 15 86
7 2 20 91
8 2 1 95
2 2 1 96
1 2 8 97
6 2 9 98
6 3 19 98
8 2 3 11
8 2 3 22
8 2 3 26
8 2 3 36
8 2 3 40
8 2 4 60
8 2 4 99
8 2 5 8
8 2 5 20
8 2 5 28
8 2 5 34
8 2 6 70
4 2 5 71
1 2 14 71
2 2 8 70
4 3 17 70
3 2 20 71
6 2 20 71
3 2 22 70
8 2 4 71
7 2 13 71
8 2 6 93
8 2 7 79
4 3 6 79
6 2 8 80
8 2 8 58
8 2 9 7
8 2 9 26
8 2 9 34
8 2 9 43
8 2 9 49
8 2 9 60
8 2 11 5
8 2 11 7
8 2 11 20
8 2 11 30
8 2 11 39
8 2 13 2
8 2 13 20
8 2 13 24
8 2 13 30
8 2 13 39
8 2 13 55
2 2 17 54
3 2 24 53
7 2 27 52
8 2 13 71
8 2 13 79
8 2 13 84
8 2 15 1
8 2 15 32
8 2 16 92
8 2 19 3
8 2 19 5
8 2 19 9
8 2 19 62
8 2 19 72
8 2 22 89
8 2 22 95
8 2 27 94
8 2 28 52
5 603 1 1
5 55 12 21
6 3 20 32
7 3 19 26
1 2 13 23
2 2 19 28
7 3 17 28
6 2 15 23
6 2 16 20
6 2 19 24
7 2 12 21
8 2 18 25
8 2 18 29
8 2 19 29
5 45 20 41
2 2 25 46
3 2 25 38
4 2 20 41
4 2 25 37
8 3 26 36
6 2 23 39
6 2 23 47
5 41 3 7
1 2 8 4
2 2 4 9
3 2 3 5
3 2 8 3
3 2 8 10
2 2 7 11
3 2 9 6
3 2 14 4
4 2 9 12
6 2 3 6
7 3 4 5
2 2 3 7
8 5 2 7
1 2 8 6
4 2 15 6
6 2 10 15
7 3 10 16
3 2 13 16
4 2 15 17
6 2 13 6
2 2 12 7
7 2 3 9
6 2 2 9
1 2 2 8
2 2 10 9
3 2 2 7
7 3 4 6
6 2 9 9
7 2 6 4
7 2 8 2
4 2 7 2
7 2 18 12
7 2 21 16
3 2 25 17
8 2 3 8
8 2 14 17
8 2 17 11
5 26 12 42
7 4 14 42
1 2 12 42
1 2 13 41
2 2 19 46
3 2 14 40
6 2 12 41
6 2 16 44
2 2 17 43
4 2 17 44
3 2 16 45
7 2 19 46
8 2 16 39
2 2 21 38
8 2 16 43
5 18 8 15
2 2 10 16
3 2 10 15
1 3 9 16
3 2 11 14
8 2 10 14
8 2 18 13
5 17 9 6
8 3 15 4
4 2 11 5
5 18 16 4
7 2 17 2
6 2 20 1
5 14 12 31
4 2 12 33
1 2 13 32
8 3 12 32
4 2 12 31
5 29 11 28
3 2 15 29
3 2 16 26
4 2 15 33
6 2 15 26
6 2 17 32
1 2 16 32
7 2 15 35
8 2 14 32
8 2 14 37
1 2 21 37
7 2 21 37
8 2 21 38
5 13 2 6
1 2 10 5
7 2 9 5
8 2 6 5
5 13 15 46
7 3 14 48
5 12 11 14
4 2 11 13
5 11 14 20
1 3 14 18
7 2 14 19
7 2 25 17
8 2 14 20
5 9 5 19
6 2 5 18
1 2 9 19
2 2 7 17
8 3 6 17
6 2 9 18
5 9 15 35
4 3 14 37
2 2 14 36
5 7 7 26
1 2 20 26
3 2 7 26
5 7 14 2
5 6 10 19
5 6 11 45
5 6 13 26
8 3 21 25
6 2 17 26
5 6 17 26
5 5 1 34
2 2 10 33
1 2 12 34
6 2 11 34
5 5 6 49
6 2 13 46
5 5 9 11
3 3 9 12
5 4 1 9
3 2 4 9
8 2 8 10
5 4 1 19
2 2 6 20
6 2 6 21
7 2 1 19
5 4 2 26
8 3 6 26
2 2 20 24
4 2 2 26
1 2 6 25
2 2 5 25
1 2 13 25
4 3 13 25
3 2 15 24
4 2 7 24
3 2 12 23
8 4 11 24
6 2 4 27
8 2 6 24
5 5 4 25
6 2 9 26
5 4 3 29
7 2 6 28
6 2 11 29
8 2 6 29
1 2 11 30
7 3 10 30
5 4 7 18
5 4 10 2
1 3 10 1
4 2 13 2
3 2 12 3
7 2 9 1
8 3 8 1
5 4 11 27
5 4 13 17
1 2 13 18
6 2 12 17
5 3 1 11
6 2 1 11
4 2 12 12
7 2 5 10
8 2 10 12
3 2 9 12
5 4 5 10
2 2 4 11
3 2 4 12
5 3 2 4
1 2 1 4
4 2 7 4
6 2 2 3
1 2 5 2
6 2 3 4
3 2 4 3
6 3 4 4
2 2 8 2
4 2 5 3
7 2 4 5
5 5 3 3
1 2 7 1
6 2 7 2
7 3 6 1
7 2 2 3
2 2 3 3
4 2 2 3
5 3 4 11
6 2 4 12
5 3 5 41
8 2 7 41
5 3 5 45
7 2 12 44
2 2 11 44
8 2 10 45
5 3 6 14
1 2 8 16
7 2 6 16
5 3 7 2
5 3 9 40
5 3 9 44
5 3 10 17
7 2 10 18
5 3 19 49
5 2 1 2
5 2 2 9
8 2 4 9
5 2 3 15
5 4 6 15
5 2 3 21
5 2 3 44
5 2 4 12
5 2 4 30
5 3 5 30
3 2 6 28
5 2 4 37
1 2 3 38
2 2 17 38
5 5 13 36
5 2 5 20
5 2 6 26
5 2 6 38
3 2 8 37
4 2 9 39
6 2 6 39
4 2 15 38
6 2 11 37
7 2 9 36
7 2 10 38
3 2 9 38
8 2 10 36
5 4 8 38
5 3 11 40
5 3 12 39
5 2 6 39
2 2 7 40
7 2 9 41
8 2 8 40
5 2 7 23
4 2 6 23
5 3 6 22
5 2 7 22
1 2 6 22
5 2 7 32
5 3 10 33
4 2 10 32
5 2 7 41
1 2 6 42
5 2 8 46
5 2 9 25
2 2 8 25
5 2 10 50
2 2 12 49
4 2 15 49
3 2 14 50
5 2 12 32
5 2 14 36
5 2 22 49
8 2 21 49
5 2 39 50
