714441
3245
1 2 100 5
1 2 100 40
1 2 100 49
1 2 100 56
1 2 98 3
1 2 98 6
1 2 98 16
1 2 98 24
1 2 98 90
1 2 96 5
1 2 96 26
1 2 96 29
1 2 96 31
1 2 96 36
1 2 96 38
1 2 96 94
1 2 95 77
1 2 94 10
1 2 94 50
1 2 93 79
1 2 98 79
1 2 93 94
1 2 92 27
1 2 92 42
1 2 92 44
1 2 90 12
1 2 90 16
1 2 90 18
1 2 90 20
1 2 90 28
1 2 90 32
1 2 90 48
1 2 90 73
1 2 89 96
1 2 88 10
1 2 88 13
1 2 86 14
1 2 86 26
1 2 86 28
1 2 86 50
1 2 86 71
1 2 84 2
1 2 84 12
1 2 84 32
1 2 84 38
1 2 88 37
1 2 86 38
1 2 84 49
1 2 84 70
1 2 83 65
1 2 85 64
1 2 83 73
1 2 82 3
1 2 82 9
1 2 82 17
1 2 82 33
1 2 82 36
1 2 81 98
1 2 80 4
1 2 80 11
1 2 80 21
1 2 80 31
1 2 80 34
1 2 80 37
1 2 79 69
1 2 78 29
1 2 78 77
1 2 80 78
1 2 77 92
1 2 76 12
1 2 76 65
1 2 76 87
1 2 74 27
1 2 74 36
1 2 74 52
1 2 92 51
1 2 94 52
1 2 86 53
1 2 72 4
1 2 72 14
1 2 72 16
1 2 72 41
1 2 72 96
1 2 70 10
1 2 70 37
1 2 70 45
1 2 84 46
1 2 100 47
1 2 98 46
1 2 74 45
1 2 70 55
1 2 68 2
1 2 68 13
1 2 68 29
1 2 67 96
1 2 96 97
1 2 67 99
1 2 66 8
1 2 66 38
1 2 66 42
1 2 66 48
1 2 66 75
1 2 79 75
1 2 76 75
1 2 83 76
1 2 65 82
1 2 89 80
1 2 87 81
1 2 64 6
1 2 63 72
1 2 63 83
1 2 62 7
1 2 62 16
1 2 62 27
1 2 66 26
1 2 64 27
1 2 60 31
1 2 60 36
1 2 59 79
1 2 68 78
1 2 79 79
1 2 58 1
1 2 64 2
1 2 62 1
1 2 58 7
1 2 58 13
1 2 64 14
1 2 62 13
1 2 58 38
1 2 56 16
1 2 56 51
1 2 80 51
1 2 56 74
1 2 60 75
1 2 54 1
1 2 54 12
1 2 54 69
1 2 95 70
1 2 53 73
1 2 53 84
1 2 52 29
1 2 52 35
1 2 52 68
1 2 52 78
1 2 52 86
1 2 72 86
1 2 53 87
1 2 81 86
1 2 55 88
1 2 95 89
1 2 52 91
1 2 51 98
1 2 50 21
1 2 50 28
1 2 50 31
1 2 50 50
1 2 50 52
1 2 49 99
1 2 48 29
1 2 48 43
1 2 48 54
1 2 47 63
1 2 90 63
1 2 55 62
1 2 48 64
1 2 93 65
1 2 47 70
1 2 46 12
1 2 46 33
1 2 46 38
1 2 46 41
1 2 46 45
1 2 45 58
1 2 96 58
1 2 87 57
1 2 45 73
1 2 45 91
1 2 44 11
1 2 44 13
1 2 44 48
1 2 48 47
1 2 46 48
1 2 43 93
1 2 42 12
1 2 42 27
1 2 42 29
1 2 42 31
1 2 42 43
1 2 42 45
1 2 42 99
1 2 40 16
1 2 52 17
1 2 50 16
1 2 40 23
1 2 40 38
1 2 40 46
1 2 40 77
1 2 73 76
1 2 40 88
1 2 56 87
1 2 38 11
1 2 38 98
1 2 36 2
1 2 36 8
1 2 36 37
1 2 36 53
1 2 36 59
1 2 47 60
1 2 73 59
1 2 71 60
1 2 34 36
1 2 48 35
1 2 46 36
1 2 34 47
1 2 33 65
1 2 33 70
1 2 32 3
1 2 32 21
1 2 58 20
1 2 84 19
1 2 82 20
1 2 68 19
1 2 32 37
1 2 32 96
1 2 81 96
1 2 30 13
1 2 30 17
1 2 30 36
1 2 30 46
1 2 28 6
1 2 28 11
1 2 28 40
1 2 28 86
1 2 43 86
1 2 27 76
1 2 37 75
1 2 26 37
1 2 26 42
1 2 26 46
1 2 26 90
1 2 49 89
1 2 35 89
1 2 24 9
1 2 24 19
1 2 28 18
1 2 26 19
1 2 24 50
1 2 24 91
1 2 22 44
1 2 22 62
1 2 80 62
1 2 65 62
1 2 21 90
1 2 62 89
1 2 20 9
1 2 20 12
1 2 20 26
1 2 32 26
1 2 20 33
1 2 20 43
1 2 20 46
1 2 18 20
1 2 18 36
1 2 18 45
1 2 18 69
1 2 18 78
1 2 42 77
1 2 16 10
1 2 16 21
1 2 16 25
1 2 34 24
1 2 32 25
1 2 16 91
1 2 15 55
1 2 44 55
1 2 61 55
1 2 15 76
1 2 14 7
1 2 14 20
1 2 14 35
1 2 13 65
1 2 12 1
1 2 12 10
1 2 12 16
1 2 36 15
1 2 34 16
1 2 12 18
1 2 12 48
1 2 11 66
1 2 50 65
1 2 48 65
1 2 11 99
1 2 10 9
1 2 10 12
1 2 10 14
1 2 10 17
1 2 10 19
1 2 10 79
1 2 14 79
1 2 11 78
1 2 55 79
1 2 9 76
1 2 8 15
1 2 8 18
1 2 8 23
1 2 8 26
1 2 8 29
1 2 8 36
1 2 8 42
1 2 8 47
1 2 7 63
1 2 7 68
1 2 91 67
1 2 10 68
1 2 6 5
1 2 6 10
1 2 6 17
1 2 6 30
1 2 36 31
1 2 6 37
1 2 6 39
1 2 6 65
1 2 5 72
1 2 34 73
1 2 69 72
1 2 17 71
1 2 23 73
1 2 5 87
1 2 30 88
1 2 46 87
1 2 4 21
1 2 4 40
1 2 4 48
1 2 2 8
1 2 2 13
1 2 2 30
1 2 34 29
1 2 1 96
1 3 81 55
1 3 61 100
1 3 38 53
1 2 66 52
1 3 35 55
1 3 35 83
1 3 26 54
1 2 58 53
1 3 22 52
1 3 22 77
1 3 13 98
1 2 31 98
1 2 16 99
1 3 12 53
1 3 3 91
1 4 90 59
1 4 86 21
1 4 76 27
1 4 66 19
1 4 66 43
1 4 64 49
1 4 60 46
1 4 74 45
1 4 58 50
1 4 56 22
1 4 52 21
1 2 62 20
1 4 58 21
1 4 50 14
1 4 48 9
1 4 48 40
1 4 46 22
1 4 43 57
1 4 42 34
1 4 32 30
1 4 32 43
1 4 20 36
1 4 18 4
1 2 36 5
1 4 34 4
1 4 14 23
1 4 12 29
1 4 10 34
1 4 6 8
1 4 6 19
1 5 73 55
1 5 23 81
1 6 68 46
1 6 50 6
1 6 36 19
1 6 10 40
1 6 4 15
1 8 72 6
5 2 94 60
5 2 93 80
5 2 92 22
5 2 92 28
5 2 92 35
5 2 92 39
5 2 92 41
5 2 92 44
5 2 92 70
5 2 92 96
5 2 91 57
5 2 91 62
5 2 90 34
5 2 90 77
5 2 88 41
5 2 88 49
5 2 88 92
5 2 86 2
5 2 86 7
5 2 86 9
5 2 86 32
5 2 86 35
5 2 86 72
5 2 85 77
5 2 84 25
5 2 84 30
5 2 84 33
5 2 84 67
5 2 82 6
5 2 82 8
5 2 82 23
5 2 82 27
5 2 82 52
5 2 80 5
5 2 80 20
5 2 80 24
5 2 80 47
5 2 80 78
5 2 79 51
5 2 79 66
5 2 78 2
5 2 78 4
5 2 78 9
5 2 78 31
5 2 78 35
5 2 78 42
5 2 78 48
5 2 78 77
5 2 76 19
5 2 76 27
5 2 76 38
5 2 76 45
5 2 74 11
5 2 88 10
5 2 86 11
5 2 74 14
5 2 74 16
5 2 74 28
5 2 74 40
5 2 74 64
1 2 85 63
1 2 86 62
5 2 74 97
5 2 84 98
5 2 77 98
5 2 73 67
5 2 72 17
5 2 72 27
5 2 72 36
5 2 72 44
5 2 70 3
5 2 70 14
5 2 70 16
5 2 70 26
5 2 70 40
5 2 70 73
5 2 69 65
5 2 68 1
5 2 68 17
5 2 68 39
5 2 68 56
5 2 66 54
5 2 65 78
5 2 64 1
5 2 64 3
5 2 64 37
5 2 64 46
5 2 63 79
5 2 62 10
5 2 62 50
5 2 76 49
5 2 74 50
5 2 70 50
5 2 62 87
1 2 74 87
5 2 87 86
5 2 61 60
5 2 61 64
5 2 61 83
5 2 60 4
5 2 60 19
5 2 60 26
5 2 60 29
5 2 60 33
5 2 60 44
5 2 60 57
5 2 63 56
5 2 75 55
5 2 60 86
5 2 59 60
5 2 82 61
5 2 62 59
1 2 71 60
5 2 59 73
5 2 59 80
5 2 86 80
5 2 58 12
5 2 76 13
5 2 74 12
5 2 58 28
5 2 58 49
5 2 64 49
5 2 58 59
5 2 56 2
5 2 56 7
5 2 70 6
5 2 68 7
5 2 56 13
5 2 56 15
5 2 56 18
5 2 56 20
5 2 56 33
5 2 56 41
5 2 56 73
5 2 61 74
5 2 74 74
5 2 82 75
5 2 54 17
5 2 54 37
5 2 52 3
5 2 52 5
5 2 52 16
5 2 52 19
5 2 52 36
5 2 52 96
1 2 58 96
5 2 83 96
5 2 81 95
5 2 75 95
5 2 60 97
5 2 63 98
5 2 51 53
5 2 57 52
5 2 50 29
5 2 50 39
5 2 48 6
5 2 48 8
5 2 48 20
5 2 48 23
5 2 68 22
5 2 66 23
5 2 48 30
5 2 64 31
5 2 48 43
5 2 47 70
1 2 74 70
5 2 70 71
5 2 67 69
5 2 45 60
1 2 56 60
5 2 90 61
5 2 44 16
5 2 44 29
5 2 44 41
5 2 44 66
5 2 42 32
5 2 40 4
5 2 40 46
5 2 40 97
5 2 39 53
5 2 38 1
5 2 38 22
5 2 58 21
5 2 56 22
5 2 38 36
5 2 38 38
5 2 36 2
5 2 36 14
5 2 36 24
5 2 52 25
5 2 50 24
5 2 36 27
5 2 36 46
5 2 36 77
5 2 61 76
5 2 34 1
5 2 34 12
5 2 42 12
5 2 34 34
5 2 33 52
5 2 58 51
5 2 44 51
5 2 33 81
5 2 32 10
5 2 32 24
5 2 42 24
5 2 31 90
5 2 92 89
5 2 75 90
5 2 83 89
5 2 72 89
5 2 30 7
5 2 30 12
5 2 30 28
5 2 28 3
5 2 28 11
5 2 28 21
5 2 28 23
5 2 28 25
5 2 26 22
5 2 26 31
5 2 26 34
5 2 30 33
5 2 28 34
5 2 26 49
5 2 25 97
5 2 34 95
5 2 89 94
5 2 24 28
5 2 24 38
5 2 22 8
5 2 42 9
5 2 40 8
5 2 22 17
5 2 22 21
5 2 22 26
5 2 22 34
5 2 22 36
5 2 21 96
5 2 55 95
5 2 61 94
1 2 62 93
5 2 95 92
5 2 20 9
5 2 20 13
5 2 26 13
5 2 20 42
5 2 40 43
5 2 20 49
5 2 30 49
5 2 18 11
5 2 18 32
5 2 18 37
5 2 18 48
5 2 28 47
5 2 26 48
5 2 18 88
5 2 84 87
5 2 42 87
5 2 17 68
1 2 38 68
5 2 92 67
5 2 78 67
5 2 86 66
5 2 46 67
5 2 19 67
5 2 17 100
5 2 71 100
5 2 67 99
5 2 57 99
5 2 49 99
5 2 16 14
5 2 50 15
5 2 16 41
5 2 14 1
5 2 14 32
5 2 14 43
5 2 14 48
5 2 14 62
5 2 41 60
5 2 53 59
5 2 68 60
5 2 39 62
5 2 12 18
5 2 40 18
5 2 12 30
5 2 12 49
5 2 11 95
1 2 52 95
5 2 73 96
5 2 34 95
5 2 10 3
5 2 10 6
5 2 10 22
5 2 10 29
5 2 10 40
5 2 8 5
5 2 36 4
5 2 34 5
5 2 8 13
5 2 8 26
5 2 18 25
5 2 16 26
5 2 8 39
5 2 8 65
5 2 57 63
5 2 55 64
5 2 83 63
5 2 40 64
5 2 28 64
5 2 9 65
5 2 6 16
5 2 6 31
5 2 6 37
5 2 6 40
5 2 2 10
5 2 10 11
5 2 8 10
5 2 2 18
5 2 2 36
5 3 78 89
5 3 71 73
5 3 58 73
5 2 64 71
5 3 56 76
1 2 76 75
5 2 69 77
5 3 54 91
5 3 64 92
5 3 62 91
5 3 48 56
5 3 46 90
5 2 54 90
5 3 41 56
5 3 39 59
5 3 33 73
1 2 33 71
5 2 47 70
5 3 27 90
1 2 77 92
1 2 39 92
5 2 86 92
5 3 14 74
1 2 54 73
1 2 39 73
5 3 17 78
5 3 5 79
5 2 56 79
5 3 4 61
1 2 36 61
5 3 4 68
5 4 84 15
5 4 82 39
5 4 78 15
5 4 76 22
5 4 76 48
5 4 68 5
5 2 80 4
5 4 68 32
5 4 66 42
5 4 62 48
5 4 48 11
5 4 48 14
5 4 46 34
5 4 42 25
5 4 40 11
5 4 38 14
5 4 38 42
5 4 36 44
5 4 32 42
5 4 29 82
1 2 91 81
1 2 52 83
1 2 77 84
1 2 28 84
5 2 77 85
5 2 40 81
5 2 36 82
5 4 28 48
5 4 26 45
5 4 26 52
1 2 27 51
5 4 26 64
5 4 22 3
5 4 22 23
5 4 20 44
5 4 18 30
5 4 14 9
5 4 10 8
5 4 8 23
5 4 6 46
5 4 6 75
5 4 5 52
5 4 4 3
5 4 4 6
5 4 2 24
5 5 10 76
1 2 10 77
5 2 44 75
5 2 10 75
5 5 8 50
5 6 78 5
5 6 44 20
5 6 32 9
5 6 28 15
5 6 10 25
5 6 4 32
5 8 60 29
5 8 44 2
5 8 14 19
5 10 8 43
3 2 87 54
3 2 86 47
3 2 86 81
3 2 86 93
3 2 84 86
3 2 83 98
3 2 82 55
3 2 82 58
3 2 81 61
3 2 85 62
3 2 81 86
3 2 86 87
3 2 78 37
3 2 78 58
3 2 78 93
3 2 78 97
3 2 76 4
3 2 76 18
3 2 76 24
3 2 76 44
3 2 74 28
3 2 74 38
3 2 74 41
3 2 74 55
3 2 73 84
3 2 80 84
3 2 72 3
3 2 72 7
3 2 72 18
3 2 72 22
3 2 72 33
3 2 72 37
3 2 72 44
3 2 72 62
3 2 71 58
3 2 71 86
3 2 71 92
3 2 70 1
3 2 70 25
3 2 70 31
3 2 70 34
3 2 70 39
3 2 70 47
3 2 70 95
3 2 70 99
3 2 73 99
3 2 68 8
3 2 68 10
3 2 68 24
3 2 68 28
3 2 68 94
3 2 75 95
1 2 75 96
3 2 67 88
5 2 66 88
3 2 66 17
3 2 66 29
3 2 66 32
3 2 64 6
3 2 64 19
3 2 64 22
3 2 64 24
3 2 64 69
3 2 80 70
3 2 68 68
3 2 81 68
3 2 62 4
3 2 62 7
3 2 62 16
3 2 62 32
3 2 62 35
3 2 62 85
3 2 61 70
3 2 60 6
3 2 60 28
3 2 60 30
3 2 60 39
3 2 59 95
3 2 82 94
3 2 58 26
3 2 58 32
3 2 57 61
3 2 56 7
3 2 56 14
3 2 56 16
3 2 56 22
3 2 56 30
3 2 56 45
3 2 56 59
3 2 54 10
3 2 54 13
3 2 54 21
3 2 54 26
3 2 54 33
3 2 54 49
3 2 74 50
3 2 72 49
3 2 54 57
3 2 53 77
3 2 64 78
3 2 74 79
3 2 53 96
3 2 52 4
3 2 56 3
3 2 54 4
3 2 52 44
3 2 51 57
3 2 51 59
3 2 68 60
3 2 51 78
3 2 70 79
3 2 50 11
3 2 50 14
3 2 50 23
3 2 50 36
3 2 48 10
3 2 48 13
3 2 48 16
3 2 48 29
3 2 48 50
3 2 56 50
3 2 64 50
3 2 48 77
3 2 47 66
3 2 75 65
3 2 47 79
3 2 71 78
3 2 46 8
3 2 58 9
3 2 56 8
3 2 46 18
3 2 54 17
3 2 52 18
3 2 46 30
3 2 46 43
3 2 60 42
3 2 68 41
3 2 66 42
3 2 58 43
3 2 46 47
3 2 44 16
3 2 44 36
3 2 44 39
3 2 44 50
3 2 44 64
3 2 47 62
1 2 53 63
3 2 43 76
3 2 42 7
3 2 52 6
3 2 50 7
3 2 42 31
3 2 42 66
3 2 42 87
3 2 40 8
3 2 40 30
3 2 40 32
3 2 40 64
3 2 57 64
3 2 40 75
5 2 39 74
3 2 72 74
3 2 58 74
3 2 39 89
3 2 47 89
3 2 38 7
3 2 38 14
3 2 38 18
3 2 38 37
3 2 68 38
3 2 66 37
3 2 38 41
3 2 54 40
3 2 52 41
3 2 38 44
3 2 37 69
3 2 51 70
3 2 82 71
3 2 40 67
3 2 37 72
3 2 37 75
3 2 36 1
3 2 36 9
3 2 36 25
3 2 42 26
3 2 40 25
3 2 36 28
3 2 44 27
3 2 42 28
3 2 36 62
3 2 57 61
3 2 36 68
3 2 35 56
1 2 70 57
3 2 66 55
3 2 34 14
3 2 34 26
3 2 34 33
3 2 34 36
3 2 34 43
3 2 34 49
3 2 40 48
3 2 38 49
3 2 34 71
3 2 33 64
3 2 32 24
3 2 32 35
3 2 32 50
3 2 32 61
3 2 31 94
1 2 47 93
5 2 72 94
3 2 69 91
3 2 30 3
3 2 30 6
3 2 34 7
3 2 32 6
3 2 30 23
3 2 30 25
3 2 30 39
3 2 29 98
3 2 58 99
3 2 28 13
3 2 28 24
3 2 28 29
3 2 28 45
3 2 30 45
3 2 27 59
1 2 68 60
3 2 26 3
3 2 44 2
3 2 26 26
3 2 26 41
3 2 44 42
3 2 26 76
3 2 24 7
3 2 24 25
3 2 24 27
3 2 24 47
3 2 24 53
5 2 42 54
3 2 27 54
3 2 68 53
3 2 22 5
3 2 22 14
3 2 22 36
3 2 22 48
3 2 26 48
3 2 20 1
3 2 20 4
3 2 20 6
3 2 20 8
3 2 20 42
3 2 18 25
3 2 18 41
3 2 18 93
1 2 28 92
1 2 42 93
5 2 74 91
5 2 48 92
3 2 72 92
3 2 16 9
3 2 16 18
3 2 30 17
3 2 28 18
3 2 16 23
3 2 16 27
3 2 16 40
3 2 16 77
5 2 20 78
3 2 32 76
3 2 14 12
3 2 14 36
3 2 28 35
3 2 14 45
3 2 14 79
3 2 12 11
3 2 12 24
3 2 12 27
3 2 12 29
3 2 12 49
3 2 12 69
3 2 42 69
3 2 10 3
3 2 20 3
3 2 10 9
3 2 10 16
3 2 22 16
3 2 10 19
3 2 10 38
3 2 10 44
3 2 10 46
3 2 8 11
3 2 8 22
3 2 8 42
3 2 8 76
1 2 9 75
3 2 42 77
3 2 6 6
3 2 6 14
3 2 12 15
3 2 10 14
3 2 6 18
3 2 24 17
3 2 6 36
3 2 6 59
3 2 52 59
3 2 6 81
3 2 82 82
5 2 82 82
3 2 61 80
3 2 6 84
5 2 56 84
3 2 65 83
1 2 79 84
5 2 79 84
3 2 35 83
5 2 38 84
5 2 73 83
3 2 51 84
3 2 23 85
3 2 4 1
3 2 4 15
3 2 4 21
3 2 46 21
3 2 4 32
3 2 36 31
3 2 34 32
3 2 22 32
3 2 26 32
3 2 4 43
3 2 3 55
1 2 44 55
5 2 10 55
3 2 74 54
3 2 40 56
3 2 69 56
3 2 13 56
3 2 2 9
3 2 2 12
3 2 2 22
3 2 2 31
3 2 24 30
3 2 22 31
3 2 2 34
3 2 1 85
1 2 5 84
1 2 6 85
1 2 34 86
5 2 69 86
3 2 50 86
3 2 8 83
1 3 7 82
1 2 55 82
1 2 32 83
5 2 50 81
5 2 19 81
1 2 23 80
5 2 60 80
5 2 44 80
3 2 75 83
3 2 54 80
3 2 11 83
5 2 54 83
5 2 24 82
3 2 23 81
5 2 26 80
3 2 6 84
3 3 79 51
3 3 75 100
3 3 73 72
3 3 68 97
3 3 64 97
3 3 53 65
3 3 52 94
3 3 48 98
3 3 47 81
3 3 62 80
3 3 42 72
3 3 42 89
3 2 43 90
3 3 38 66
3 2 59 65
3 3 29 64
3 2 74 63
3 3 29 86
3 2 54 87
3 2 69 88
3 3 20 62
3 2 61 62
3 3 8 89
3 2 27 90
3 2 24 89
1 2 71 89
5 2 31 89
5 2 38 88
3 2 47 89
3 2 59 90
3 3 7 66
3 3 5 69
1 2 7 70
3 2 63 68
3 2 79 67
3 3 2 50
3 3 1 59
5 2 20 58
3 2 46 61
3 4 62 12
3 4 60 20
3 4 57 53
3 4 56 13
3 4 56 38
3 4 52 48
3 4 44 97
3 4 40 11
3 4 40 41
3 4 38 3
3 4 38 39
3 4 36 77
3 4 32 16
3 4 30 33
3 4 28 49
3 4 26 15
3 4 24 2
3 4 24 36
3 4 22 23
3 4 20 46
3 2 26 46
3 4 18 11
3 4 18 33
3 4 18 89
3 4 17 96
3 4 14 47
3 4 12 7
3 4 10 5
3 2 14 4
3 4 12 5
3 4 8 33
3 4 8 47
3 4 4 46
3 4 2 41
3 4 12 39
3 5 25 80
5 2 33 78
3 5 17 87
3 2 25 87
3 6 50 20
3 6 33 93
3 6 27 68
5 2 31 68
3 6 26 47
3 6 22 80
3 2 29 81
3 6 12 42
3 8 22 18
3 12 42 22
8 2 85 85
8 2 80 92
8 2 74 2
8 2 74 69
5 2 74 69
8 2 76 70
8 2 73 82
8 2 73 93
8 2 72 10
8 2 72 72
8 2 71 68
8 2 71 84
8 2 70 27
8 2 70 35
8 2 70 39
8 2 70 82
8 2 69 55
8 2 69 97
8 2 68 1
8 2 68 28
8 2 68 72
8 2 67 69
8 2 71 68
8 2 67 93
8 2 76 94
8 2 68 93
8 2 72 94
8 2 66 2
8 2 66 30
8 2 66 33
8 2 66 52
3 2 69 51
8 2 66 99
8 2 64 5
8 2 64 15
8 2 64 17
8 2 64 27
8 2 64 34
8 2 64 45
8 2 63 54
8 2 63 91
8 2 63 98
8 2 74 98
8 2 62 2
8 2 62 21
8 2 62 37
8 2 62 78
8 2 61 97
8 2 60 30
8 2 60 47
8 2 58 3
8 2 58 5
8 2 58 13
8 2 64 12
8 2 62 13
8 2 58 20
8 2 58 28
8 2 58 37
8 2 58 58
8 2 58 90
8 2 57 92
8 2 55 86
8 2 54 5
8 2 54 26
8 2 60 27
8 2 54 35
8 2 54 44
8 2 60 43
8 2 54 52
8 2 54 79
8 2 53 56
8 2 52 1
8 2 56 2
8 2 54 1
8 2 52 15
8 2 52 23
8 2 52 59
8 2 52 77
8 2 52 99
8 2 67 99
8 2 51 93
8 2 50 14
8 2 50 27
8 2 50 32
8 2 50 42
8 2 50 47
8 2 50 79
8 2 49 70
8 2 49 74
8 2 48 13
8 2 48 24
8 2 64 25
8 2 48 29
8 2 48 43
8 2 47 57
8 2 47 92
8 2 52 93
8 2 46 15
8 2 46 32
8 2 45 80
3 2 44 79
8 2 45 83
8 2 68 81
8 2 55 84
8 2 65 85
8 2 63 84
8 2 44 11
8 2 44 13
8 2 44 19
8 2 50 20
8 2 48 19
8 2 44 34
8 2 44 37
8 2 54 38
8 2 52 37
8 2 44 90
8 2 63 89
8 2 43 81
8 2 43 98
8 2 42 10
8 2 42 31
8 2 40 4
8 2 40 20
8 2 46 21
8 2 56 22
8 2 54 21
8 2 44 20
8 2 48 20
8 2 40 28
8 2 40 44
8 2 39 62
8 2 39 91
8 2 39 95
8 2 62 94
8 2 39 99
1 2 48 99
8 2 56 99
3 2 63 98
8 2 41 100
8 2 38 18
8 2 38 26
8 2 56 26
8 2 38 64
8 2 55 64
8 2 37 56
8 2 44 57
8 2 37 67
8 2 36 1
8 2 46 2
8 2 44 1
8 2 36 15
8 2 36 19
8 2 36 36
8 2 36 44
8 2 35 57
3 2 39 56
5 2 63 55
8 2 49 55
8 2 34 6
8 2 34 20
8 2 34 27
8 2 34 34
8 2 34 46
8 2 33 61
8 2 73 60
8 2 43 60
8 2 50 61
8 2 32 4
8 2 32 7
8 2 58 7
8 2 54 8
8 2 58 8
8 2 52 7
8 2 46 8
8 2 44 7
8 2 32 22
8 2 30 11
8 2 50 11
8 2 30 28
8 2 30 61
8 2 30 81
8 2 29 58
1 2 31 59
8 2 34 60
8 2 28 22
8 2 28 37
8 2 40 38
8 2 28 41
8 2 44 41
8 2 28 96
8 2 52 98
8 2 41 95
5 2 56 96
8 2 53 94
8 2 27 60
8 2 27 64
8 2 26 14
8 2 26 36
8 2 26 40
8 2 25 64
8 2 45 63
8 2 24 20
8 2 24 32
8 2 24 38
8 2 22 14
8 2 22 28
8 2 22 39
8 2 22 46
8 2 22 48
8 2 38 47
8 2 36 48
8 2 50 48
8 2 22 74
8 2 20 30
8 2 20 71
5 2 63 72
8 2 38 70
8 2 35 72
8 2 38 72
8 2 32 72
1 2 61 71
8 2 18 17
8 2 18 22
8 2 18 26
8 2 18 28
8 2 18 35
8 2 30 34
8 2 28 35
8 2 18 39
8 2 18 48
8 2 18 71
5 2 24 70
1 2 24 70
5 2 63 69
5 2 18 72
3 2 61 73
8 2 55 70
8 2 24 71
8 2 35 71
8 2 30 70
1 2 30 71
8 2 20 73
8 2 16 10
8 2 16 36
8 2 16 98
5 2 27 97
8 2 14 2
8 2 14 4
8 2 18 5
8 2 20 5
8 2 16 4
8 2 14 11
8 2 14 22
8 2 14 29
8 2 14 32
8 2 14 35
8 2 14 45
8 2 32 44
8 2 30 45
8 2 20 44
8 2 18 45
8 2 13 100
8 2 39 99
8 2 12 13
8 2 36 12
8 2 12 15
8 2 12 36
8 2 12 38
8 2 12 49
8 2 12 73
8 2 69 74
1 2 69 74
3 2 69 75
8 2 11 55
1 2 17 56
5 2 13 56
8 2 29 54
8 2 15 56
8 2 18 56
5 2 45 57
3 2 49 55
8 2 27 57
8 2 11 80
5 2 11 80
3 2 47 81
8 2 15 80
1 2 34 79
8 2 29 79
8 2 18 79
5 2 55 78
8 2 64 77
8 2 10 1
8 2 10 20
8 2 16 19
8 2 16 21
8 2 10 29
8 2 8 17
8 2 8 21
8 2 8 47
8 2 6 28
8 2 6 44
8 2 12 43
8 2 22 42
8 2 20 43
8 2 18 42
8 2 16 43
8 2 10 44
8 2 4 1
8 2 4 12
8 2 4 18
8 2 4 21
8 2 2 2
8 2 2 4
8 2 2 19
8 2 2 23
8 2 62 24
8 2 38 24
8 2 28 23
8 2 1 86
3 2 34 85
3 2 23 85
8 2 57 86
8 2 51 84
8 2 39 85
8 2 41 84
8 2 26 87
8 2 51 88
8 2 70 87
8 2 12 87
5 2 50 86
8 2 63 86
8 2 8 87
5 2 34 87
8 2 45 87
8 2 31 86
8 2 10 88
5 2 13 88
8 2 41 89
8 3 57 67
8 3 56 50
8 3 47 69
8 2 61 67
8 3 43 69
8 3 40 68
8 3 37 79
8 3 31 98
5 2 44 97
8 3 28 92
8 3 26 78
3 2 25 78
8 3 22 90
8 3 20 61
3 2 59 61
3 2 57 60
3 2 18 61
3 2 23 60
8 3 15 70
3 2 34 69
8 3 22 68
5 2 36 67
8 2 33 68
8 2 27 68
8 2 27 70
8 2 25 69
8 2 24 67
8 3 11 72
8 3 10 51
8 2 20 51
8 3 69 52
8 3 8 76
8 2 10 78
3 2 51 77
8 2 56 76
8 2 32 79
8 2 15 79
8 3 7 58
1 2 6 58
1 2 21 59
3 3 6 58
3 2 11 60
8 2 11 60
8 2 16 61
8 2 8 56
8 2 37 55
1 2 66 54
8 3 7 73
5 2 45 74
3 2 36 73
3 2 22 73
8 2 66 74
8 2 45 75
8 2 7 73
3 2 27 74
3 2 46 75
8 3 2 69
1 2 9 70
3 2 8 68
8 4 62 39
8 4 60 25
8 4 58 23
8 4 56 18
8 4 52 49
8 4 50 12
8 4 46 19
8 4 46 25
8 4 46 40
8 4 46 44
8 4 44 11
8 4 38 4
8 4 38 31
8 4 38 37
8 4 34 5
8 4 30 24
8 4 26 18
8 4 26 30
8 4 24 10
8 2 60 9
8 4 22 26
8 4 20 11
8 4 16 27
8 4 14 20
8 4 12 8
8 4 10 40
8 4 8 7
8 2 18 7
8 4 24 6
8 4 8 36
8 4 6 32
8 4 4 64
5 2 31 64
5 2 11 64
8 2 41 64
8 2 11 65
3 2 23 64
8 2 34 63
8 2 27 64
8 2 15 66
8 3 36 65
8 4 2 31
8 4 2 45
8 5 54 58
8 5 52 73
8 5 49 95
8 5 33 84
8 5 31 63
3 2 45 62
8 6 38 49
8 6 34 13
8 6 26 8
8 6 26 34
8 8 58 10
8 8 56 62
8 8 36 22
8 8 30 38
8 8 6 40
8 2 24 41
8 8 32 42
8 10 12 26
8 12 10 10
6 2 69 58
6 2 66 35
6 2 66 93
6 2 65 59
6 2 60 83
6 2 71 82
6 2 58 47
6 2 56 8
6 2 56 33
6 2 55 97
1 2 60 98
6 2 54 6
6 2 54 85
6 2 53 56
6 2 53 66
6 2 61 66
6 2 52 9
6 2 52 40
6 2 52 43
6 2 52 45
6 2 52 49
6 2 52 86
6 2 52 98
6 2 51 60
6 2 51 94
6 2 50 10
6 2 50 24
6 2 50 30
6 2 50 34
6 2 50 41
6 2 50 44
6 2 48 9
6 2 48 17
6 2 48 42
6 2 48 87
6 2 48 97
6 2 46 8
6 2 46 23
6 2 46 25
6 2 46 27
6 2 46 38
6 2 52 37
6 2 46 41
6 2 46 61
6 2 46 78
6 2 44 5
6 2 44 9
6 2 44 18
6 2 44 24
6 2 44 49
6 2 44 83
6 2 52 82
6 2 43 64
6 2 61 63
6 2 49 65
6 2 42 1
6 2 42 3
6 2 52 2
6 2 50 3
6 2 42 8
6 2 42 12
6 2 42 19
6 2 42 21
6 2 42 26
6 2 42 34
6 2 42 40
6 2 41 85
6 2 40 7
6 2 40 16
6 2 40 49
6 2 40 73
8 2 40 72
8 2 55 71
6 2 56 72
6 2 61 71
6 2 57 71
6 2 53 72
6 2 39 53
8 2 43 52
3 2 43 53
8 2 55 51
8 2 42 53
6 2 58 52
1 2 60 51
6 2 62 52
6 2 39 62
6 2 38 28
6 2 38 32
6 2 44 33
6 2 38 48
6 2 38 86
8 2 38 85
6 2 47 84
6 2 37 63
6 2 37 65
6 2 36 5
6 2 36 17
6 2 36 24
6 2 35 53
3 2 47 53
6 2 34 7
6 2 34 14
6 2 34 18
6 2 34 23
6 2 34 26
6 2 34 32
6 2 44 32
6 2 34 36
6 2 34 43
6 2 34 45
6 2 33 51
6 2 54 50
6 2 51 51
6 2 32 12
6 2 32 44
6 2 31 90
6 2 58 90
6 2 64 89
6 2 49 90
5 2 62 90
6 2 30 26
6 2 30 37
6 2 30 41
6 2 36 41
6 2 30 43
6 2 36 43
6 2 30 48
6 2 30 50
6 2 30 56
6 2 41 55
6 2 30 67
6 2 42 66
6 2 36 68
6 2 28 4
6 2 28 9
6 2 32 8
6 2 30 9
6 2 28 25
6 2 28 30
6 2 28 49
6 2 26 18
6 2 26 22
6 2 26 33
6 2 26 36
6 2 26 40
6 2 26 48
6 2 26 61
6 2 25 53
6 2 25 59
8 2 61 58
6 2 25 65
6 2 25 81
6 2 24 12
6 2 24 17
6 2 24 25
6 2 24 34
6 2 24 39
6 2 50 38
6 2 23 82
8 2 25 81
6 2 38 82
6 2 57 83
6 2 22 11
6 2 22 29
6 2 22 32
6 2 38 32
6 2 22 43
6 2 22 86
1 2 52 87
6 2 21 73
5 2 42 72
6 2 20 12
6 2 20 15
6 2 20 21
6 2 20 28
6 2 20 30
6 2 38 30
6 2 20 46
6 2 42 47
6 2 28 45
6 2 28 47
6 2 26 46
6 2 24 47
6 2 22 46
6 2 19 95
6 2 18 11
6 2 18 16
6 2 18 18
6 2 18 20
6 2 32 19
6 2 18 50
6 2 18 64
8 2 21 63
6 2 29 63
6 2 56 62
6 2 27 65
6 2 39 65
6 2 64 66
6 2 25 64
6 2 16 31
6 2 16 44
6 2 24 45
6 2 22 44
6 2 16 47
6 2 16 84
5 2 16 83
6 2 18 84
6 2 14 19
6 2 14 22
6 2 14 24
6 2 30 23
6 2 28 24
6 2 14 37
6 2 14 52
3 2 59 51
6 2 14 89
8 2 19 88
5 2 20 87
8 2 60 89
8 2 16 88
6 2 31 90
6 2 29 88
3 2 34 88
6 2 34 87
3 2 34 86
6 2 25 85
6 2 13 63
6 2 13 77
3 2 15 77
6 2 12 1
6 2 12 3
6 2 30 3
6 2 34 3
6 2 12 6
6 2 26 7
6 2 24 6
6 2 12 20
6 2 12 28
6 2 48 27
6 2 12 48
6 2 11 62
6 2 32 62
6 2 10 2
6 2 10 4
6 2 14 4
6 2 10 8
6 2 22 7
6 2 10 12
6 2 10 16
6 2 10 24
6 2 10 38
6 2 10 98
1 2 15 97
5 2 31 96
8 2 31 99
8 2 13 99
5 2 13 99
5 2 53 99
3 2 47 99
6 2 40 94
6 2 28 96
6 2 14 97
8 2 16 96
6 2 16 96
6 2 16 98
3 2 36 99
6 2 49 99
6 2 17 97
6 2 9 51
6 2 8 15
6 2 8 17
6 2 8 20
6 2 8 22
6 2 18 22
6 2 8 25
6 2 16 26
6 2 26 27
6 2 24 26
6 2 14 25
6 2 8 37
6 2 8 99
8 2 28 99
8 2 11 98
6 2 34 99
6 2 50 97
6 2 7 85
1 2 9 85
3 2 11 84
8 2 41 84
6 2 22 84
6 2 12 82
6 2 7 89
3 2 13 90
8 2 23 90
3 2 25 91
8 2 32 89
6 2 59 92
6 2 49 92
6 2 57 91
6 2 23 91
5 2 23 91
8 2 30 92
1 2 32 91
6 2 43 90
6 2 36 93
6 2 60 94
6 2 37 92
6 2 6 21
6 2 6 29
6 2 6 38
6 2 6 47
6 2 5 74
1 2 9 73
6 2 23 74
3 2 65 74
6 2 31 74
6 2 5 98
6 2 35 98
6 2 4 13
6 2 4 20
6 2 4 30
6 2 4 37
6 2 4 83
5 3 4 84
8 2 4 82
6 2 26 86
6 2 3 70
1 2 3 71
1 2 25 71
8 2 37 71
6 2 42 70
6 2 15 72
6 2 30 71
6 2 12 71
6 2 3 98
3 2 19 97
8 2 44 97
8 2 5 99
6 2 30 96
6 2 22 97
5 2 23 96
3 2 41 95
6 2 12 99
6 2 2 8
6 2 6 7
6 2 4 8
6 2 2 44
6 2 2 71
1 2 28 70
6 2 1 54
6 2 25 55
6 2 19 55
6 2 50 55
6 2 12 53
6 3 61 81
6 3 57 81
6 3 56 94
6 3 52 90
6 3 34 57
6 3 32 96
1 2 32 95
6 3 30 71
6 3 22 77
8 2 41 77
6 2 49 77
6 3 35 75
5 2 48 75
8 2 35 76
6 2 41 74
6 3 19 58
6 2 55 59
6 2 56 59
6 2 52 58
8 2 59 58
6 3 15 58
3 2 14 58
6 2 52 56
6 2 55 57
6 2 17 58
8 2 37 57
8 2 52 56
6 3 15 87
6 3 11 64
6 3 8 76
5 2 14 76
8 2 19 77
6 2 35 76
6 2 10 75
6 3 7 70
8 2 5 70
1 2 6 70
6 3 2 92
5 2 35 92
3 2 43 90
3 2 13 92
5 2 18 93
3 2 49 93
5 2 49 93
3 3 31 92
8 4 32 93
8 2 43 93
6 2 35 92
6 2 43 91
6 3 39 91
6 3 30 90
6 4 64 54
6 4 54 34
6 4 52 95
1 2 50 95
6 4 50 45
6 4 48 39
6 4 46 6
6 4 46 31
6 4 40 29
6 4 40 31
6 4 40 42
6 4 38 12
6 4 36 89
6 4 34 4
6 4 34 34
6 4 31 60
6 2 43 59
6 4 30 39
6 4 28 13
6 4 28 76
6 4 28 79
6 2 29 79
6 2 52 80
5 2 52 81
6 2 48 80
6 4 27 98
1 2 26 97
6 4 26 42
6 4 26 82
6 4 25 77
6 4 24 3
6 4 24 84
8 2 51 85
6 4 22 49
6 4 20 94
6 4 18 62
6 2 36 62
6 4 16 38
6 4 14 10
6 4 6 31
6 4 4 11
6 4 2 15
6 4 22 16
6 4 2 31
6 4 12 30
6 5 44 99
6 5 34 50
5 2 43 51
6 5 22 88
6 5 14 65
8 2 14 64
5 2 24 63
6 5 8 95
1 2 10 96
1 2 20 95
3 2 9 94
5 2 9 95
3 2 19 93
8 2 36 95
6 5 3 76
3 2 6 75
8 2 49 75
8 2 39 76
8 2 23 76
1 2 45 75
6 6 50 63
6 6 48 35
6 6 46 28
6 6 42 13
6 6 35 61
6 6 32 1
6 6 28 17
6 6 26 69
6 3 26 66
6 2 38 69
6 5 36 67
6 6 24 20
6 6 20 36
6 6 18 33
6 6 15 91
6 6 10 46
6 6 8 1
6 6 4 25
6 6 4 42
6 4 20 41
6 4 16 42
6 4 12 40
6 4 8 42
6 8 40 47
6 8 32 46
6 8 24 22
6 9 45 73
6 10 22 5
6 10 16 8
6 10 10 32
6 16 6 3
2 2 54 40
2 2 53 59
2 2 53 75
2 2 52 2
2 2 51 78
2 2 51 82
1 2 51 82
2 2 48 2
2 2 48 39
2 2 48 54
2 2 48 63
2 2 46 38
2 2 46 45
2 2 46 84
2 2 45 93
2 2 53 92
2 2 48 94
2 2 44 14
2 2 44 55
6 2 43 54
2 2 57 52
2 2 46 53
6 3 47 52
5 2 47 54
2 2 42 2
2 2 42 45
2 2 42 83
2 2 41 78
2 2 41 95
2 2 42 96
2 2 40 19
2 2 39 86
2 2 39 94
6 2 41 94
2 2 38 1
2 2 38 35
2 2 38 61
2 2 37 97
2 2 36 9
2 2 40 10
2 2 38 9
2 2 36 41
2 2 36 89
2 2 47 88
2 2 40 88
2 2 36 93
2 2 35 57
1 2 34 57
2 2 48 58
2 2 35 69
6 2 38 70
2 2 44 69
2 2 35 84
2 2 34 1
2 2 34 23
2 2 38 24
2 2 36 23
2 2 34 60
2 2 33 81
2 2 32 8
2 2 32 25
2 2 32 46
2 2 32 50
2 2 32 61
1 2 40 60
2 2 32 77
5 2 32 78
2 2 31 53
2 2 31 75
2 2 47 75
2 2 42 74
2 2 30 7
2 2 30 12
2 2 30 34
2 2 30 36
2 2 30 38
2 2 40 37
2 2 30 47
2 2 34 47
2 2 29 99
2 2 28 6
2 2 28 14
2 2 28 28
2 2 48 27
2 2 34 28
2 2 28 32
2 2 28 37
2 2 28 69
2 2 41 68
2 2 42 67
2 2 66 66
2 2 45 66
2 2 27 76
5 2 29 75
2 2 31 75
2 2 26 1
2 2 26 7
2 2 26 58
2 2 44 57
2 2 52 56
2 2 54 55
2 2 49 58
2 2 30 60
3 2 29 60
2 2 43 59
2 2 26 61
2 2 26 85
2 2 26 90
2 2 38 91
2 2 25 51
3 2 25 52
1 2 29 52
2 2 44 53
2 2 42 51
2 2 40 50
2 2 35 53
2 2 31 52
6 2 33 51
2 2 24 17
2 2 36 17
2 2 30 17
2 2 24 21
2 2 24 26
2 2 24 50
2 2 24 96
2 2 23 63
2 2 23 87
2 2 22 1
2 2 22 19
2 2 22 41
2 2 22 43
2 2 36 43
2 2 22 46
2 2 22 49
2 2 22 89
2 2 21 61
2 2 36 60
8 2 40 59
2 2 20 9
2 2 20 17
2 2 20 24
2 2 20 42
2 2 20 44
2 2 32 44
2 2 20 50
2 2 20 59
2 2 20 63
2 2 28 64
2 2 30 64
2 2 41 63
2 2 20 82
2 2 24 80
2 2 18 8
2 2 18 10
2 2 18 88
2 2 17 75
2 2 17 78
2 2 38 78
2 2 16 12
2 2 16 28
2 2 28 28
2 2 16 30
2 2 28 30
2 2 44 29
2 2 16 38
2 2 22 39
2 2 16 85
2 2 30 85
2 2 22 84
2 2 15 71
2 2 14 6
2 2 14 27
2 2 14 37
2 2 20 38
2 2 18 37
2 2 14 60
2 2 12 11
2 2 12 29
2 2 12 35
2 2 24 35
2 2 20 36
2 2 12 51
2 2 11 78
2 2 15 77
2 2 11 92
8 2 19 92
2 2 45 93
2 2 36 91
2 2 26 93
2 2 10 1
2 2 10 14
2 2 18 14
2 2 10 25
2 2 10 97
2 2 43 96
2 2 38 97
2 2 9 60
5 2 40 59
2 2 9 83
1 2 9 84
8 2 34 85
2 2 45 82
2 2 41 85
2 2 9 100
2 2 8 17
2 2 12 18
2 2 10 17
2 2 8 46
2 2 8 48
2 2 6 4
2 2 6 10
2 2 12 10
2 2 6 12
2 2 30 12
2 2 6 14
2 2 6 16
2 2 6 33
2 2 26 34
2 2 24 33
2 2 22 34
2 2 20 33
2 2 6 39
2 2 42 40
2 2 6 45
2 2 4 13
2 2 4 40
2 2 4 44
2 2 4 49
2 2 3 82
6 2 15 81
2 2 2 4
2 2 2 10
2 2 2 32
2 2 2 35
2 2 18 34
2 2 6 35
2 2 2 41
2 2 2 43
2 2 2 45
2 2 2 90
1 2 23 89
2 2 30 88
2 2 9 91
2 2 32 92
2 2 14 92
2 2 19 93
2 2 1 83
2 3 40 78
2 3 35 98
2 3 34 100
2 3 31 91
2 3 30 67
2 3 28 81
2 3 34 81
2 3 20 82
2 3 19 54
8 2 55 54
2 3 19 96
6 2 18 95
2 3 13 88
5 2 12 87
2 3 19 85
1 2 33 85
8 2 41 85
2 3 9 53
1 2 17 53
1 2 8 53
3 2 8 53
8 2 16 52
6 2 54 54
2 2 21 52
2 2 20 54
2 3 23 55
8 2 23 54
2 2 46 56
2 2 45 54
2 3 8 75
3 2 8 76
6 2 28 75
2 3 6 58
1 2 9 58
3 2 16 56
6 2 16 57
6 2 25 58
6 2 36 59
2 2 39 57
2 2 10 57
5 2 14 56
1 2 18 55
2 4 52 15
2 4 46 35
2 4 40 15
2 4 40 33
2 4 36 10
2 4 36 48
2 4 34 62
2 4 33 66
2 4 32 18
2 4 31 57
8 2 31 56
5 2 38 57
2 2 36 59
2 4 34 58
2 4 31 100
2 4 30 6
2 4 26 45
2 2 32 44
2 4 26 66
1 2 32 68
1 2 26 66
2 2 35 69
2 4 22 28
2 4 22 44
2 4 21 99
2 4 18 20
2 4 16 9
2 2 18 9
2 4 22 8
2 4 16 40
2 2 28 39
2 4 15 65
3 2 15 64
1 2 15 65
3 3 15 67
1 2 21 67
8 2 15 66
5 2 21 65
3 2 21 65
6 2 31 63
6 2 39 62
2 4 13 90
8 2 25 89
2 2 35 90
2 2 27 89
2 2 26 91
2 3 37 89
2 4 12 7
2 4 11 63
2 4 11 67
2 4 8 26
2 4 6 88
2 4 4 2
2 2 16 2
2 4 20 3
2 4 4 20
2 4 4 29
2 2 18 30
2 4 42 31
2 4 38 30
2 4 3 75
6 2 3 75
1 2 28 76
2 4 29 73
2 3 37 72
2 4 34 73
2 4 2 22
2 2 10 23
2 2 24 22
2 2 22 23
2 4 26 24
2 4 2 38
2 5 42 54
2 5 35 51
6 2 33 52
2 5 33 55
2 3 34 54
2 5 24 87
2 5 22 69
5 2 20 70
2 2 21 70
2 4 40 71
2 5 19 72
6 2 18 73
6 2 26 73
2 2 41 74
2 2 28 71
2 2 32 70
2 5 9 80
3 2 21 81
8 2 49 82
6 2 19 81
5 2 46 82
6 2 15 79
2 5 4 68
8 2 18 69
8 2 9 69
6 2 21 69
6 2 4 67
5 2 4 67
8 2 3 67
3 2 43 66
6 2 33 66
6 2 16 66
2 2 9 70
5 2 12 69
3 2 14 71
2 2 8 68
2 6 46 88
2 6 42 50
2 6 36 5
2 6 36 16
2 6 36 21
2 6 34 13
2 6 30 33
2 6 30 45
2 6 28 19
2 6 27 77
2 6 26 15
2 6 26 47
2 6 24 31
2 6 23 90
2 6 22 15
2 6 14 35
2 6 10 50
2 6 4 6
2 4 10 5
2 4 6 6
2 6 4 47
2 7 27 96
2 8 34 34
2 8 16 24
2 8 16 79
2 2 26 78
5 2 26 78
2 2 18 80
1 2 20 79
2 8 10 19
2 8 8 24
2 8 5 78
6 2 4 80
6 2 3 78
2 10 26 4
2 10 16 15
2 10 12 48
2 10 4 17
2 12 26 10
2 12 10 32
2 12 38 27
2 16 36 39
2 16 30 28
2 16 26 40
2 24 10 38
2 30 14 44
7 2 43 54
7 2 43 95
7 2 42 82
1 2 42 82
7 2 34 25
7 2 34 33
7 2 34 55
7 2 32 17
7 2 32 27
7 2 31 93
7 2 30 1
7 2 30 26
7 2 30 31
7 2 30 43
7 2 30 91
7 2 34 92
7 2 39 92
7 2 31 91
7 2 29 52
1 2 29 52
7 2 29 81
7 2 28 4
7 2 28 6
7 2 28 94
7 2 39 94
7 2 27 55
7 2 44 56
7 2 41 55
7 2 26 5
7 2 26 37
7 2 25 76
7 2 25 80
1 2 25 80
6 2 25 79
7 2 26 81
6 2 28 82
8 2 28 82
7 2 28 82
7 2 24 48
7 2 23 68
7 2 22 11
7 2 22 13
7 2 22 17
7 2 22 19
7 2 24 19
7 2 22 21
7 2 22 49
7 2 22 65
5 2 46 66
2 2 33 66
7 2 47 66
7 2 24 67
7 2 23 65
7 2 21 55
6 2 21 54
7 2 21 53
7 2 34 52
7 2 20 9
7 2 24 10
7 2 22 9
7 2 20 12
7 2 20 14
7 2 20 20
7 2 20 62
7 2 28 60
7 2 29 60
7 2 26 60
7 2 20 86
7 2 18 13
7 2 18 93
3 2 17 93
7 2 31 94
7 2 17 55
2 3 20 54
2 2 24 53
7 2 37 56
7 2 32 55
7 2 24 52
6 2 24 52
7 2 24 52
2 2 29 51
7 2 33 53
7 2 23 55
7 2 15 83
3 2 15 83
7 2 25 85
2 2 39 86
7 2 33 86
7 2 24 84
7 2 28 85
6 2 28 86
7 2 22 85
7 2 14 40
7 2 14 86
7 2 14 96
8 2 21 96
2 2 26 96
7 2 34 95
7 2 29 98
7 2 26 95
6 2 37 94
7 2 13 60
3 2 12 60
2 3 17 59
7 2 32 61
7 2 34 62
7 2 17 60
3 2 16 60
7 2 29 61
2 2 29 60
7 2 26 60
7 2 16 60
7 2 12 39
7 2 12 41
7 2 12 97
7 2 25 97
7 2 31 96
7 2 19 96
7 2 20 95
5 2 27 94
3 2 22 96
7 2 9 83
5 2 14 82
8 2 13 84
7 2 9 89
3 2 12 90
8 2 9 89
7 2 17 87
7 2 13 91
7 2 16 89
7 2 10 90
5 2 10 91
5 2 16 91
8 2 9 91
6 2 15 91
6 2 10 92
8 2 14 93
2 2 20 93
7 2 18 89
5 2 18 89
7 2 11 91
2 2 23 91
7 2 8 30
7 2 8 78
7 2 31 77
7 2 7 75
7 2 7 85
8 2 6 84
7 2 24 84
7 2 21 84
7 2 6 16
7 2 6 45
7 2 4 55
5 2 31 54
8 2 16 55
3 2 19 54
6 2 9 55
7 2 4 74
6 2 13 73
2 2 29 73
2 2 21 73
2 2 14 73
3 2 24 72
7 2 21 75
7 2 35 75
3 2 34 75
7 2 28 74
7 2 14 75
6 2 25 76
1 2 25 77
7 2 4 79
8 2 22 79
6 2 20 79
7 2 27 80
7 2 13 79
7 2 4 81
7 2 23 82
7 2 3 61
2 2 2 61
7 2 21 62
7 2 25 63
7 2 9 60
8 2 16 59
2 2 26 58
7 2 26 58
7 2 10 60
2 2 10 61
7 2 9 62
2 2 20 63
5 2 28 62
7 2 36 62
7 2 34 62
7 2 32 63
8 2 31 62
7 2 16 64
7 2 5 60
3 2 5 61
8 2 9 62
1 2 9 63
5 2 10 62
2 2 5 60
8 2 5 59
7 2 17 63
8 2 26 63
7 2 2 3
7 2 2 20
7 2 2 22
7 2 2 33
7 2 2 47
7 2 22 46
7 2 4 47
7 2 2 69
7 2 20 68
7 2 16 70
7 2 2 77
7 2 22 78
7 2 5 76
7 2 1 94
8 2 1 95
2 2 1 96
2 2 5 96
1 2 12 97
2 2 12 97
2 2 8 97
7 2 20 97
7 2 11 96
7 3 34 72
7 3 32 83
7 3 29 81
7 3 28 84
7 3 20 66
7 2 35 66
7 3 17 80
7 3 12 58
1 2 12 58
7 2 27 57
7 3 19 59
5 2 17 59
7 3 9 71
7 3 28 70
7 3 26 71
7 2 28 71
7 3 9 99
2 2 33 99
7 3 3 64
6 2 2 63
5 2 12 64
5 2 5 62
3 2 4 64
7 2 9 66
7 2 8 63
7 3 3 87
6 2 12 86
2 2 10 87
7 2 13 85
1 2 13 86
7 3 2 90
7 2 13 91
1 2 13 92
5 2 13 91
7 3 30 93
7 4 42 35
7 4 40 2
7 4 32 49
7 4 32 74
7 4 31 99
7 4 30 35
7 4 28 27
7 4 27 78
7 4 26 9
7 4 18 47
7 4 18 68
5 2 17 70
7 3 23 69
7 3 23 71
7 4 16 14
7 2 18 14
7 4 14 89
6 2 24 88
7 3 26 88
7 3 19 90
7 4 10 9
7 4 10 11
7 4 10 56
2 2 12 56
7 2 18 54
1 2 18 53
8 2 33 53
7 4 9 75
7 2 24 74
7 2 24 76
7 2 16 76
6 2 21 76
7 2 14 75
7 4 20 72
7 2 20 70
7 4 6 7
7 4 5 92
7 2 17 92
7 4 32 93
7 4 21 94
7 4 4 18
7 2 22 18
7 2 12 18
7 4 3 53
1 2 2 54
5 2 18 53
5 2 4 53
5 2 2 52
2 2 5 54
7 2 9 51
7 2 12 52
5 2 12 53
7 2 9 55
7 3 4 53
1 2 7 54
3 2 6 54
6 2 16 55
7 2 22 52
7 4 2 5
7 2 4 5
7 5 31 67
2 2 36 66
1 2 36 66
7 5 20 78
7 5 17 83
7 5 7 68
7 5 5 59
1 2 4 59
5 2 4 57
7 3 25 56
7 5 13 58
7 4 19 58
7 6 36 27
7 6 32 37
7 6 4 67
7 2 23 68
7 6 3 85
8 2 12 86
6 2 2 83
7 2 26 87
7 8 26 31
7 8 26 43
7 8 22 23
7 8 28 22
7 8 20 30
7 8 16 22
7 2 20 23
7 8 16 32
7 8 14 92
7 9 28 50
7 9 25 59
7 10 18 98
1 2 17 98
7 10 13 60
7 2 16 62
7 10 10 6
7 12 20 26
7 2 18 27
7 6 26 29
7 10 24 24
7 12 20 75
7 12 13 81
8 2 19 78
7 14 22 87
5 2 17 86
3 2 18 86
6 2 17 86
7 14 6 10
7 2 14 12
7 15 20 50
7 18 14 10
7 20 18 17
7 2 20 17
7 10 28 14
7 12 22 15
7 20 8 13
7 20 6 34
7 12 8 36
7 2 18 33
7 2 8 36
7 2 6 37
7 16 16 38
7 16 12 30
7 18 18 35
7 20 6 41
7 14 22 40
7 22 14 1
7 2 8 3
7 4 12 4
7 2 12 4
7 22 18 5
7 22 10 48
7 24 20 2
7 34 18 45
7 84 14 19
4 2 45 51
4 2 37 66
6 2 37 67
4 2 29 69
4 2 29 74
4 2 28 72
4 2 28 99
4 2 26 80
2 2 25 80
4 2 24 85
4 2 18 81
6 2 19 80
8 2 20 81
4 2 17 87
4 2 25 88
3 2 24 88
7 2 24 87
4 2 15 90
1 2 15 90
4 2 6 63
3 2 6 64
6 2 6 62
7 2 6 63
4 2 18 62
4 2 5 75
1 2 5 76
4 2 8 75
2 2 7 74
4 2 2 65
4 2 8 64
4 2 6 64
7 2 6 64
4 2 2 73
4 2 2 88
4 2 2 90
1 2 4 90
5 2 1 89
4 2 13 88
3 2 13 88
7 2 13 89
4 2 1 93
4 3 31 82
4 3 28 82
8 2 28 83
4 3 27 56
3 2 26 57
4 3 24 56
4 3 9 78
4 3 6 76
4 3 6 98
7 2 18 98
7 2 4 98
4 3 3 69
3 2 4 70
3 2 5 71
4 3 2 76
5 2 6 75
4 4 29 95
1 2 27 94
4 4 26 83
4 4 23 83
7 2 21 82
4 4 22 71
4 4 21 62
4 4 4 88
6 3 3 90
2 2 5 90
4 5 24 99
4 5 6 79
8 2 4 79
6 2 6 80
2 2 3 78
1 2 2 78
4 3 18 80
4 6 33 66
3 2 30 66
4 6 24 77
4 6 18 54
1 2 18 54
5 2 16 56
4 6 9 84
2 2 6 84
1 2 6 84
5 2 6 85
3 2 6 86
6 2 12 83
4 3 19 82
1 2 19 82
4 6 7 83
7 2 6 86
4 2 15 82
1 2 15 82
7 3 14 81
4 6 4 60
6 2 3 56
4 2 4 57
4 3 15 62
7 2 14 62
5 2 14 62
2 2 14 63
4 6 6 60
1 2 5 61
6 2 4 60
4 7 28 67
4 8 21 87
4 8 9 100
5 2 6 99
3 3 5 97
2 2 5 99
4 10 23 66
7 2 20 66
4 11 4 82
3 2 2 86
8 2 3 83
6 2 1 83
4 4 4 83
8 2 3 83
4 5 6 83
5 2 4 82
2 2 4 83
4 12 6 54
8 2 4 55
2 3 2 54
4 2 11 56
4 2 12 55
4 2 4 52
5 2 4 53
3 2 14 53
4 32 25 94
5 2 19 93
5 2 17 94
7 2 17 93
4 36 14 96
1 2 9 95
8 2 9 94
8 2 7 96
2 2 15 94
2 3 9 94
4 61 15 89
1 2 7 88
3 2 7 92
3 3 3 90
6 2 10 87
2 3 9 87
7 2 7 93
5 3 6 92
6 2 5 92
2 2 5 92
7 2 5 93
4 174 22 74
1 2 8 64
1 3 9 74
5 2 6 80
5 2 4 61
5 3 9 68
5 3 4 79
3 2 9 71
3 2 4 80
8 2 13 66
8 3 5 74
8 6 8 64
5 2 10 65
6 2 11 67
1 2 11 68
6 2 7 72
3 2 9 71
2 2 9 66
2 2 6 63
2 2 4 72
2 2 3 68
1 2 5 67
7 2 3 69
2 2 4 68
6 2 4 68
1 2 3 68
3 2 2 68
2 2 9 67
7 3 6 70
7 3 5 58
5 2 4 59
8 2 5 58
7 4 8 65
4 808 24 12
1 2 5 4
3 2 5 1
2 2 2 1
8 2 1 1
6 2 2 2
