110870
2798
4 2 100 1
4 2 100 3
4 2 98 2
4 2 100 7
4 4 94 4
4 4 100 12
4 2 98 8
4 2 90 1
4 6 86 3
4 2 96 12
4 4 100 17
4 2 86 1
4 2 90 8
4 2 88 6
4 2 90 11
4 2 96 17
4 4 90 14
4 2 100 20
4 2 86 8
4 2 94 18
4 2 98 21
4 2 96 20
4 2 82 6
4 6 82 15
4 6 86 22
4 2 88 18
4 2 100 25
4 2 80 8
4 2 86 17
4 2 74 2
4 8 72 9
4 2 74 4
4 2 98 26
4 2 92 23
4 2 70 2
4 6 94 29
4 2 90 24
4 4 78 14
4 4 86 25
4 2 82 19
4 2 74 9
4 2 66 2
4 2 90 26
4 2 68 5
4 2 78 17
4 2 64 3
4 4 96 33
4 2 66 6
4 2 60 2
4 4 64 9
4 2 76 18
4 2 82 26
4 2 78 22
4 6 98 42
4 2 92 31
4 4 76 24
4 2 70 13
4 2 78 25
4 10 80 35
4 10 52 5
4 2 58 4
4 2 98 38
4 2 56 2
4 4 66 14
4 2 60 7
4 4 62 12
4 2 72 18
4 4 82 31
4 2 74 22
4 6 66 18
4 2 94 36
4 2 62 12
4 4 62 15
4 2 94 38
4 2 84 32
4 4 88 36
4 4 54 8
4 6 68 24
4 2 68 17
4 4 56 13
4 2 100 48
4 2 84 35
4 4 94 46
4 2 70 25
4 2 80 34
4 2 78 33
4 2 90 41
4 2 64 21
4 2 56 17
4 2 90 44
4 2 52 15
4 8 54 26
4 6 78 43
4 2 72 34
4 4 64 30
4 4 54 21
4 2 64 28
4 2 48 12
4 4 42 3
4 2 76 37
4 2 68 33
4 2 60 25
4 2 42 1
4 2 48 14
4 2 78 40
4 2 84 44
4 2 88 49
4 2 74 38
4 2 93 53
4 2 70 36
4 2 56 24
4 2 89 51
4 2 54 23
4 2 50 19
4 2 44 8
4 2 97 58
4 2 60 30
4 4 58 32
4 4 46 18
4 2 46 15
4 2 56 27
4 2 93 56
4 3 99 98
4 2 66 37
4 4 70 42
4 6 74 48
4 4 64 39
4 2 95 59
4 2 85 53
4 4 54 32
4 2 60 35
4 2 42 11
4 3 86 56
4 4 46 21
4 4 74 49
4 4 76 50
4 2 100 69
4 2 48 23
4 2 97 95
4 2 70 44
4 2 50 27
4 2 40 10
4 2 72 46
4 2 42 17
4 4 42 20
4 6 46 29
4 2 62 41
4 2 66 43
4 4 68 47
4 3 97 72
4 2 93 64
4 2 32 1
4 2 84 58
4 2 100 82
4 2 34 4
4 12 28 12
4 2 52 38
4 2 34 7
4 4 28 1
4 2 64 46
4 2 97 80
4 2 46 29
4 4 60 47
4 2 50 39
4 2 66 49
4 2 64 48
4 2 38 21
4 2 50 41
4 2 54 44
4 2 34 11
4 4 28 4
4 2 38 23
4 6 52 49
4 3 87 98
4 2 32 9
4 2 36 19
4 2 52 45
4 2 64 50
4 3 66 53
4 6 34 29
4 4 46 40
4 2 44 33
4 2 46 37
4 3 85 74
4 2 30 8
6 2 92 6
4 2 32 12
4 2 89 93
4 2 36 25
4 2 38 27
4 2 40 30
4 2 79 67
4 3 89 87
4 2 32 16
4 2 88 80
4 2 52 48
4 2 26 3
4 2 44 38
4 3 87 89
4 2 73 62
4 2 42 35
4 2 40 32
4 5 82 97
4 2 30 13
4 3 83 77
4 2 75 65
4 2 88 64
4 2 87 66
4 2 84 66
4 2 38 31
4 2 28 10
4 2 34 28
4 2 77 70
4 2 30 20
4 2 30 22
4 3 71 64
6 4 96 45
4 2 26 6
4 2 40 36
6 4 88 9
4 4 32 31
6 10 86 45
4 3 77 74
4 3 72 66
4 2 83 95
4 2 26 8
4 2 28 17
4 4 57 54
6 6 90 42
4 2 44 45
4 2 46 47
4 2 34 32
4 4 74 77
4 2 28 27
6 2 94 34
4 4 26 29
4 4 34 37
4 4 36 40
6 6 82 6
4 2 53 53
4 2 72 53
4 2 26 23
4 6 20 13
4 4 70 76
4 2 78 83
4 2 80 84
4 2 34 35
4 2 79 87
4 2 82 87
4 2 40 43
4 2 79 89
6 2 92 41
4 4 18 2
5 10 82 5
4 2 75 81
4 8 22 39
4 4 62 66
4 2 76 68
4 3 44 50
6 2 95 51
4 2 24 17
4 2 24 24
4 2 22 6
6 2 90 34
4 3 58 61
4 4 36 46
6 3 95 99
6 2 84 9
4 2 22 16
4 2 71 82
4 2 22 25
4 2 22 18
6 4 86 53
4 2 22 20
4 2 40 49
6 4 97 89
4 2 72 87
4 2 24 33
4 2 68 79
4 6 18 34
6 2 82 8
6 2 86 47
4 2 22 29
6 2 90 56
4 4 55 67
6 3 97 72
4 2 49 58
4 2 88 58
4 2 52 57
4 2 22 32
4 2 32 42
4 4 28 43
4 2 20 28
4 2 69 89
4 2 71 90
4 2 68 85
6 2 88 26
4 2 20 21
6 2 84 41
6 2 90 61
6 2 84 49
5 8 44 1
4 2 66 99
6 3 94 73
4 2 22 37
6 6 82 36
4 3 34 52
4 2 39 51
4 5 28 55
6 2 91 53
4 2 24 39
6 2 76 3
4 2 20 35
4 2 18 25
4 6 20 50
5 2 76 2
6 2 97 81
4 2 18 17
4 2 16 6
6 2 89 65
4 2 16 28
4 2 18 34
4 2 37 55
4 2 46 56
4 4 12 34
4 4 10 2
4 2 24 44
5 2 82 4
4 2 60 84
4 2 28 49
6 5 81 62
4 2 82 61
4 2 16 19
4 2 29 52
6 2 87 67
6 2 80 42
4 2 40 58
4 4 18 46
4 2 14 27
5 4 72 5
6 2 80 50
4 2 49 67
4 2 24 47
5 4 76 7
4 2 44 61
4 2 90 60
6 2 82 32
4 2 24 49
6 3 83 63
5 2 66 1
4 2 31 57
6 2 89 58
4 2 46 58
6 2 85 59
5 4 64 2
4 2 18 43
6 2 91 80
4 2 92 79
4 2 23 51
6 4 80 13
4 2 57 97
6 2 87 71
4 2 55 81
4 4 12 45
6 2 78 9
4 7 25 66
4 2 21 53
4 2 10 4
6 2 88 91
4 2 28 59
4 2 10 28
4 4 51 81
4 2 18 49
4 2 12 22
5 2 62 1
4 2 14 44
4 2 12 39
4 2 12 19
4 2 32 62
5 4 66 5
4 6 8 48
4 3 52 94
4 2 70 93
4 2 62 93
4 2 75 92
6 2 90 93
6 2 84 94
5 4 76 11
4 4 8 9
5 2 78 9
4 2 12 13
5 2 80 9
6 4 76 40
4 2 16 52
4 2 8 5
4 3 14 52
5 2 88 7
4 2 6 33
6 3 79 71
4 2 87 70
6 2 84 80
4 3 16 59
4 5 29 69
4 2 69 70
5 2 36 1
6 2 78 63
4 4 6 23
5 4 58 3
5 2 32 1
4 2 10 16
5 6 76 15
6 8 73 95
5 6 24 3
4 2 29 66
4 4 4 26
4 2 49 95
5 5 76 66
4 4 40 74
4 2 84 76
6 2 78 32
5 2 44 2
4 2 4 34
4 3 12 57
4 2 8 12
6 2 81 80
4 2 8 19
4 2 48 83
6 2 89 83
4 2 4 36
6 6 72 47
5 4 72 13
4 2 8 17
4 2 4 38
5 4 78 15
6 2 75 63
4 2 46 81
4 2 66 80
5 2 85 57
4 2 43 76
4 2 12 61
5 2 91 60
4 2 6 45
4 2 2 1
6 2 68 4
5 3 76 73
5 3 77 72
5 2 86 11
4 4 27 72
4 2 63 71
5 5 84 72
6 2 86 73
8 3 94 85
5 2 85 64
5 2 88 10
6 2 74 42
5 2 42 3
6 2 72 58
4 2 25 69
4 2 60 69
5 2 30 2
4 3 38 77
4 2 45 77
6 2 79 78
5 5 70 78
5 4 84 77
4 2 7 56
5 3 78 77
6 2 79 76
4 2 4 12
4 2 2 7
6 2 77 86
6 4 74 35
4 2 36 76
5 4 72 77
4 2 71 75
5 3 93 85
5 3 90 84
6 2 71 55
5 3 90 91
4 2 2 49
5 4 82 89
6 2 84 90
5 12 54 15
4 2 21 70
6 2 85 71
4 2 36 71
4 2 4 59
4 2 2 21
6 2 76 30
5 2 94 96
4 2 29 75
4 2 32 75
6 2 76 26
5 4 36 4
5 2 91 89
4 2 12 69
4 2 77 68
4 2 49 69
5 2 80 67
5 2 81 66
4 2 43 96
6 2 76 23
5 4 42 5
5 2 80 16
6 2 73 92
6 2 76 91
5 2 92 92
8 2 92 92
6 3 72 90
6 2 87 89
4 2 41 94
6 2 70 8
5 2 14 1
4 2 14 72
4 2 28 71
5 2 71 67
6 3 71 68
5 6 46 8
4 2 19 74
5 3 69 73
4 2 2 65
4 3 12 73
4 2 50 72
5 4 82 22
4 3 9 72
5 2 85 90
5 2 38 4
4 2 39 95
6 2 70 43
5 10 16 8
5 2 82 19
5 2 60 7
6 4 72 18
5 2 87 96
5 8 36 9
4 2 30 85
4 3 49 84
4 2 55 83
4 2 70 82
6 2 75 81
5 2 84 81
5 2 75 81
6 2 74 33
6 2 56 1
5 2 76 89
4 2 4 72
5 4 4 3
5 6 56 10
5 3 80 99
8 2 90 98
5 2 66 71
6 2 73 71
4 2 74 70
4 2 32 95
4 4 23 88
4 2 83 88
4 2 38 89
4 2 34 89
5 2 77 87
4 2 13 78
6 2 83 79
5 4 82 27
4 2 2 73
5 2 86 20
4 3 31 99
4 2 89 99
6 2 87 98
6 2 75 98
4 2 44 98
6 2 81 97
5 2 85 99
5 2 81 96
8 2 83 97
4 2 32 99
5 4 80 48
5 2 86 41
5 4 70 95
5 2 78 94
5 2 73 91
6 2 67 91
5 6 66 91
5 2 84 22
5 3 77 52
6 2 72 29
5 2 63 69
6 2 54 2
5 3 67 86
5 2 84 86
8 3 86 86
6 4 70 31
5 4 60 73
4 4 25 96
5 2 76 23
6 2 72 27
4 3 12 83
6 2 79 83
6 2 89 82
5 8 76 38
6 2 58 4
5 3 62 67
6 4 66 38
5 2 82 44
6 2 66 43
5 4 80 34
5 2 71 95
6 2 62 7
4 2 22 93
4 2 41 94
5 2 64 14
5 4 64 17
5 3 69 98
5 2 82 30
8 2 79 99
5 2 82 41
6 10 62 30
5 2 80 45
5 2 63 64
6 2 72 65
5 2 70 22
5 3 74 50
5 3 57 72
5 3 58 76
5 2 79 75
6 2 68 34
6 2 68 16
5 2 6 3
5 2 64 86
5 2 72 85
5 6 70 29
6 3 64 84
5 5 70 49
4 2 20 99
4 2 24 98
4 2 56 99
5 2 74 26
5 3 70 54
5 4 48 11
4 2 11 90
6 4 44 1
6 2 66 13
6 5 62 65
5 2 66 19
8 4 82 82
5 2 30 7
4 3 10 92
4 2 41 91
6 2 54 5
6 10 60 36
5 2 61 63
5 2 85 62
6 2 72 62
5 2 70 25
4 2 4 88
6 5 61 85
5 2 68 24
5 2 72 27
6 2 68 21
5 2 59 83
6 2 68 82
6 2 72 83
4 2 6 90
6 2 68 25
5 2 60 16
8 3 87 70
5 2 66 23
8 3 83 76
8 2 86 78
5 2 86 79
6 2 64 40
6 2 48 3
4 3 5 93
6 4 66 28
5 2 72 48
8 2 77 94
6 2 58 8
6 2 62 46
8 4 79 83
5 2 8 5
6 2 63 78
5 2 63 79
5 2 22 8
5 4 68 46
6 6 64 24
4 3 8 98
5 2 61 98
5 2 71 99
6 2 59 97
5 2 74 42
5 6 62 32
5 4 68 31
6 4 60 12
5 2 62 22
5 2 58 18
6 2 66 26
5 2 56 98
5 2 74 97
5 2 74 39
5 2 74 36
6 3 61 61
8 2 90 60
5 4 28 12
6 2 62 41
5 2 10 6
8 3 83 69
5 2 83 69
6 2 44 3
5 2 66 27
4 2 4 99
5 2 64 26
5 2 70 33
5 2 55 94
8 2 85 68
5 3 49 96
5 4 60 28
8 2 76 88
5 2 72 35
6 2 62 39
8 2 78 81
5 4 40 14
6 8 58 26
5 3 64 50
8 2 86 65
5 2 58 59
5 2 59 60
5 2 78 61
8 3 73 97
8 2 74 93
8 2 82 92
5 2 58 21
6 8 36 5
5 4 68 42
5 2 30 11
5 2 20 9
5 2 4 6
5 2 48 80
5 2 56 20
6 2 60 47
5 3 47 90
5 2 51 91
5 2 36 12
6 6 58 71
5 2 80 70
6 2 64 70
5 3 49 70
5 2 48 16
8 3 77 77
5 2 68 35
6 2 62 18
5 2 50 17
6 2 48 7
5 2 52 19
6 2 60 69
8 5 82 65
5 4 32 15
5 4 44 18
6 2 59 86
5 4 62 48
5 2 68 40
6 2 34 2
5 2 62 30
6 2 50 9
6 2 42 5
5 2 66 37
6 2 36 3
6 2 54 11
5 2 2 7
5 4 50 24
6 2 38 4
5 2 58 53
6 2 64 54
4 2 67 55
5 2 64 54
5 2 56 57
6 2 78 56
6 4 60 22
5 2 34 14
5 4 18 13
8 2 70 94
5 6 44 24
8 3 72 85
6 2 58 48
5 6 50 34
6 2 58 43
5 2 54 59
6 4 30 3
5 2 42 93
5 2 64 44
5 2 18 11
6 8 54 34
8 2 76 73
5 2 46 20
8 2 71 91
6 2 54 98
5 4 42 20
5 4 51 52
8 4 73 76
8 2 79 74
5 2 20 13
6 2 46 9
5 2 24 14
5 2 40 97
6 3 57 75
8 2 83 56
5 4 35 95
5 2 58 36
8 5 79 57
6 2 82 58
5 2 58 49
6 4 54 17
5 2 56 37
5 2 46 23
6 4 56 49
5 2 39 88
5 2 39 82
5 2 64 83
6 2 54 92
4 2 53 92
5 2 52 30
5 2 56 39
6 4 44 11
5 2 36 96
5 2 10 11
6 8 32 8
5 2 56 41
5 2 41 75
5 3 34 89
6 2 60 91
5 2 79 92
5 2 43 91
6 2 54 88
8 3 63 98
8 2 82 52
5 2 50 33
5 2 54 44
5 2 52 49
5 2 48 29
6 6 52 44
5 2 52 43
8 3 68 83
6 2 81 84
5 2 46 28
5 2 2 10
5 3 46 56
5 2 58 56
6 2 48 14
5 2 20 17
6 2 55 73
4 2 59 73
5 2 48 36
6 6 48 20
5 2 10 13
6 2 28 5
6 2 26 4
5 2 35 81
5 2 55 81
5 2 42 81
5 2 60 80
8 2 72 68
5 2 30 96
6 2 53 83
8 4 65 87
5 2 46 41
5 4 24 22
5 4 28 23
5 2 30 21
6 2 34 8
8 2 66 85
5 2 30 90
5 2 41 66
4 2 52 65
6 2 72 66
5 2 57 64
4 2 63 63
6 2 57 63
5 2 32 22
6 14 36 16
5 2 43 60
6 2 64 60
6 3 54 59
5 2 16 18
5 4 16 20
5 3 40 61
8 2 61 93
8 2 66 79
5 2 42 29
6 2 18 1
6 4 52 42
5 2 44 43
8 2 71 63
8 3 64 84
4 2 71 82
6 2 52 32
8 2 80 45
5 4 42 42
6 2 40 12
8 4 55 98
5 3 39 58
6 3 48 98
8 2 64 99
8 2 67 73
6 2 24 5
8 5 55 96
8 2 64 95
5 2 18 20
5 2 32 24
5 2 20 21
5 2 25 97
8 3 62 85
5 3 27 83
4 2 35 83
6 2 36 11
6 2 52 55
5 2 76 55
5 2 42 49
5 2 22 96
5 2 26 25
5 2 8 16
6 4 50 77
8 2 65 77
5 3 17 99
8 2 56 93
6 2 14 1
5 2 12 19
5 2 32 73
5 2 30 76
5 2 60 77
5 2 38 77
6 2 48 24
8 2 63 80
8 2 59 88
5 2 40 51
6 6 8 1
5 2 40 46
6 2 50 70
8 2 68 71
5 2 40 39
6 2 51 66
5 2 73 65
5 2 30 27
5 3 36 59
5 2 57 59
4 2 70 60
8 2 78 10
5 6 12 25
5 2 20 24
6 2 50 47
8 4 62 72
6 2 50 50
6 2 22 7
6 2 24 8
5 2 22 26
6 3 48 79
5 2 36 32
6 10 6 3
5 4 36 42
8 14 66 39
5 2 13 95
8 2 53 96
5 4 24 30
5 2 24 28
8 6 60 68
6 2 62 67
6 2 34 13
5 4 34 48
6 2 45 92
5 2 18 26
5 2 36 46
6 6 26 12
5 2 10 22
6 2 45 90
8 2 74 89
5 2 50 89
8 2 54 90
4 2 63 89
8 2 60 89
5 2 67 88
8 4 64 58
5 4 26 63
4 2 52 63
8 2 68 64
4 3 68 63
6 6 48 63
6 2 50 63
8 2 69 52
5 2 2 18
5 2 11 95
5 2 14 25
5 4 26 33
6 2 48 65
4 2 51 66
5 2 26 31
6 8 44 46
8 2 72 43
5 4 32 44
8 2 72 7
5 2 34 38
6 3 42 97
4 2 52 98
5 4 16 29
8 2 52 89
8 7 53 79
8 2 74 27
5 2 18 28
8 12 64 10
5 2 19 78
8 2 59 67
4 2 77 68
5 2 8 23
8 5 40 100
5 4 13 76
6 3 42 92
5 2 51 91
8 2 51 92
5 2 65 91
8 4 47 91
8 2 65 54
5 4 28 47
8 3 42 98
5 3 20 67
6 2 22 10
5 2 22 68
8 2 72 69
8 2 75 68
5 2 30 36
8 2 72 21
5 2 16 76
5 2 52 75
8 2 66 50
6 4 40 23
8 6 57 56
6 3 43 82
5 4 2 24
6 2 46 45
8 5 56 65
5 2 8 26
5 3 26 52
5 2 40 53
6 2 36 18
8 12 66 18
5 2 18 32
8 2 70 30
5 2 4 24
5 2 22 34
5 4 23 53
8 2 76 53
8 2 62 2
8 6 62 44
5 6 4 32
8 2 43 92
6 2 34 17
6 4 6 3
6 2 16 8
8 2 58 1
8 4 36 97
5 2 49 96
8 3 54 69
5 4 24 45
8 3 47 85
4 2 78 86
6 2 73 86
8 2 53 86
6 6 42 39
8 4 66 26
5 4 6 75
5 2 12 75
8 2 74 74
8 14 26 4
8 2 58 51
5 2 18 34
5 2 21 56
4 2 55 55
5 2 66 55
6 2 38 22
5 2 22 38
8 2 56 2
8 2 66 10
6 3 39 94
5 8 8 43
8 4 66 23
5 2 24 49
6 2 12 6
8 2 66 37
6 2 36 20
8 2 60 47
6 5 40 87
8 2 48 1
5 2 20 37
8 4 46 2
5 2 10 32
8 2 58 48
5 3 5 79
4 2 40 80
8 2 52 67
8 2 66 30
5 2 6 31
5 2 14 34
8 4 64 20
8 2 40 1
8 2 42 1
8 6 60 13
8 2 48 2
8 2 62 7
5 2 22 42
8 2 45 85
8 2 62 41
5 4 18 48
8 2 54 55
8 2 74 54
8 3 50 69
8 2 50 75
8 6 60 25
5 7 8 49
4 2 20 51
6 2 61 51
5 2 47 51
8 2 64 33
8 2 62 39
8 2 56 47
5 2 13 62
8 2 60 61
8 2 38 2
8 3 35 94
8 2 57 93
8 2 41 95
6 2 40 28
8 4 38 4
8 2 64 15
8 2 62 10
5 4 16 44
8 2 46 79
4 2 58 78
5 2 18 41
8 8 40 8
8 2 49 63
5 6 6 45
5 2 8 65
5 2 43 64
5 2 14 64
6 2 40 30
5 3 4 68
4 2 35 69
4 2 49 70
5 2 59 69
6 2 62 69
5 2 42 67
5 2 30 69
6 2 44 67
6 2 52 66
6 2 47 68
8 2 30 1
8 4 56 40
5 2 18 53
4 2 51 53
8 2 47 72
5 2 46 71
8 2 54 72
5 2 16 40
8 2 48 5
8 2 54 7
8 4 60 22
6 2 18 12
8 2 56 42
6 2 42 74
6 3 43 57
5 2 44 55
5 2 8 37
8 2 34 4
8 2 40 5
6 2 12 8
5 2 10 39
8 6 28 5
6 4 42 67
8 2 60 28
8 4 52 11
5 2 2 36
8 2 33 92
5 2 8 40
5 4 5 52
6 6 4 6
5 3 4 61
5 2 51 60
6 2 34 23
5 2 14 48
8 2 30 4
6 2 40 41
8 2 34 87
6 2 40 87
6 2 36 26
6 4 28 20
5 2 12 49
8 2 44 8
5 2 8 43
6 2 38 90
6 2 40 90
8 2 50 44
8 2 42 62
6 2 38 33
8 2 40 8
8 3 43 57
5 2 45 58
8 2 51 58
6 2 63 59
8 2 36 79
6 7 35 85
4 2 42 82
8 2 48 47
6 2 38 82
8 2 38 81
8 2 54 15
8 3 38 70
8 2 32 7
6 2 8 7
8 2 38 71
6 4 40 62
8 2 46 49
6 4 40 59
6 5 38 50
8 6 52 22
8 6 46 41
8 10 30 13
8 3 38 63
6 2 35 96
8 2 56 25
6 2 20 16
8 2 52 17
8 3 36 68
8 7 35 63
8 2 52 35
8 2 38 11
8 6 42 18
8 4 36 12
8 2 54 29
8 4 52 24
8 2 18 4
8 2 48 15
8 4 8 1
6 3 39 53
8 2 48 53
8 4 32 11
8 4 46 18
6 2 30 23
8 2 34 72
6 2 32 25
6 3 36 81
8 2 44 15
8 2 52 31
6 4 22 19
8 6 46 25
8 6 46 31
8 2 36 12
8 2 50 34
8 2 48 37
6 2 36 37
8 4 48 27
8 2 42 49
6 3 37 76
5 2 39 75
6 2 39 75
4 2 41 74
8 4 26 10
6 4 36 45
6 2 35 90
6 2 16 15
8 2 46 20
8 2 12 4
8 2 48 32
8 2 35 60
4 2 43 59
6 2 26 22
8 2 4 1
6 2 36 42
8 2 28 11
8 2 46 36
8 3 21 88
4 2 27 87
5 2 37 87
5 2 25 87
8 2 39 86
8 6 42 37
6 16 20 31
8 2 40 48
8 2 22 9
8 2 19 96
8 2 44 23
6 2 30 27
8 2 42 43
8 2 38 50
8 2 34 57
8 2 2 2
8 2 40 46
8 6 38 44
8 2 28 13
6 2 34 41
8 2 42 24
8 2 16 8
8 10 34 38
6 2 30 29
6 2 4 8
8 2 20 10
8 2 40 23
6 4 32 42
6 4 34 50
8 2 42 34
6 2 26 25
8 2 36 20
8 2 15 98
8 2 30 98
8 2 2 4
6 2 14 16
8 2 21 79
5 2 38 78
8 2 32 78
4 2 71 79
8 4 6 7
8 2 38 24
6 2 35 53
8 2 39 53
8 4 14 10
6 2 35 65
1 2 56 6
6 2 30 34
8 2 12 100
8 2 32 54
6 3 33 77
8 4 34 23
8 4 34 49
8 2 16 11
8 2 19 80
6 4 4 11
8 2 32 20
6 2 28 33
6 2 30 41
6 2 18 22
8 12 20 20
6 2 12 17
8 3 12 87
1 8 48 6
8 2 25 63
8 2 26 64
5 2 29 65
8 4 6 10
8 2 21 71
8 2 38 71
5 2 50 70
8 2 34 46
6 2 26 32
6 2 6 13
8 4 10 12
1 7 69 80
8 2 27 57
8 2 37 56
8 2 21 69
1 2 46 3
8 3 21 66
8 2 23 66
8 2 18 15
8 3 17 72
5 2 24 71
8 2 24 71
8 2 34 42
8 4 10 87
4 2 9 88
5 2 12 88
4 2 27 87
8 2 22 89
8 2 29 90
6 2 36 86
6 2 27 96
8 2 36 95
6 2 62 94
8 2 32 25
1 2 42 2
6 2 28 44
8 2 32 27
1 2 68 16
1 2 54 10
6 2 28 47
8 2 24 20
6 2 26 40
6 2 20 28
6 2 6 15
8 2 12 80
4 2 17 81
5 2 30 81
5 2 28 82
5 2 39 83
5 2 22 79
4 2 30 78
5 2 18 81
5 2 12 80
8 2 53 78
8 2 43 83
8 2 53 84
8 2 22 82
4 2 39 83
6 2 33 78
6 2 35 79
8 2 35 80
8 3 16 71
8 2 46 70
8 2 43 70
8 2 2 11
6 4 14 24
8 2 32 37
6 2 26 42
8 2 32 35
8 2 16 17
8 2 4 12
8 4 28 26
8 4 30 30
8 2 24 22
8 2 20 20
8 2 12 77
8 2 35 76
8 2 24 56
8 4 30 34
8 10 16 27
1 2 62 16
6 2 20 30
6 2 12 21
6 2 22 33
8 8 9 72
5 2 9 71
8 2 16 73
5 2 32 74
6 2 32 73
1 3 68 94
8 3 20 61
4 2 23 60
5 2 69 61
8 2 25 60
6 2 64 59
8 2 38 59
6 2 29 59
8 3 16 65
4 2 31 67
5 2 33 64
8 2 37 63
8 2 30 67
4 2 48 66
8 2 19 64
5 2 30 63
4 2 31 62
1 2 50 10
8 2 30 38
6 2 24 39
8 2 30 36
1 4 36 2
6 2 26 49
8 2 2 95
4 2 40 94
8 2 26 96
8 2 20 22
1 2 48 9
1 4 40 5
1 2 38 3
6 4 22 38
8 2 28 44
6 2 10 20
8 2 28 42
8 2 10 17
8 10 20 34
6 2 26 82
6 2 4 16
1 4 60 21
8 4 10 20
6 2 25 54
8 2 43 55
6 2 30 55
5 2 34 56
8 2 26 43
1 2 64 86
8 2 24 48
6 2 10 22
1 3 62 76
8 2 24 28
1 2 63 92
6 4 23 56
8 2 26 39
1 2 62 97
1 2 50 14
8 2 20 26
1 2 63 89
1 6 36 6
8 6 12 26
1 7 65 59
6 2 66 59
6 2 22 47
8 2 8 74
6 3 23 87
6 2 47 88
6 4 20 94
1 2 54 18
8 2 18 56
4 2 19 55
1 3 60 78
8 2 4 18
6 3 24 62
6 2 25 62
8 4 18 29
1 12 44 19
6 4 8 24
1 3 60 81
1 2 34 4
6 2 20 42
1 2 59 96
6 2 12 28
1 6 28 1
1 2 60 90
1 2 50 16
6 2 19 98
6 3 21 91
5 2 28 91
4 2 44 92
8 3 28 91
1 2 60 74
6 2 20 44
6 4 18 95
8 2 46 94
1 6 65 55
8 4 18 47
1 3 58 74
8 2 12 61
8 2 6 21
1 3 60 70
8 2 2 19
1 2 63 66
8 2 22 36
6 8 14 46
1 2 40 10
8 2 14 28
1 2 44 14
8 2 20 45
6 2 20 50
8 4 18 43
6 6 4 25
1 2 57 77
6 2 4 20
1 2 57 85
1 2 60 84
1 2 57 80
8 2 18 32
6 2 12 32
6 2 16 37
1 2 42 13
1 5 61 63
1 2 66 40
8 2 20 38
1 3 56 75
4 2 56 76
6 2 10 31
6 3 23 74
8 2 24 72
8 6 7 58
5 2 17 58
5 2 6 56
5 2 12 55
5 2 43 56
8 6 14 39
1 6 54 27
1 2 30 4
6 3 21 87
1 2 60 65
1 4 53 99
1 2 55 98
6 2 12 34
8 5 4 64
5 2 20 63
8 4 6 27
6 2 22 67
6 2 28 66
6 3 23 66
1 2 63 51
1 2 65 52
1 2 57 70
6 4 16 49
8 3 2 69
8 2 16 69
1 2 42 16
1 2 54 79
1 4 34 9
1 2 40 14
6 2 8 30
6 6 19 66
1 2 38 12
6 4 6 31
8 2 2 23
8 2 16 39
8 2 16 41
8 2 14 45
6 4 10 37
1 2 53 77
1 2 54 76
1 4 30 7
8 2 4 26
8 2 14 43
6 2 6 29
8 2 10 32
1 4 53 73
8 2 7 56
4 2 33 55
8 2 10 52
1 2 42 19
1 2 40 17
1 2 58 38
8 4 10 36
1 2 60 50
1 3 50 88
1 3 54 86
1 2 59 52
6 2 20 84
5 2 20 83
8 2 12 44
1 4 58 45
6 3 15 53
1 2 50 87
4 2 52 88
8 2 10 49
1 2 34 11
8 6 8 41
8 2 8 33
1 2 22 2
8 2 6 32
8 2 10 38
3 12 14 5
6 2 16 58
6 2 15 92
1 4 36 16
3 12 28 4
8 2 4 31
1 2 47 94
1 2 49 82
1 4 32 12
1 2 40 21
1 2 50 76
1 2 44 24
1 6 52 38
6 4 4 37
1 3 50 73
1 4 48 75
1 2 46 26
6 6 6 42
1 2 48 79
6 2 11 95
4 2 11 95
4 2 23 94
4 2 12 95
5 2 49 96
5 2 27 94
8 2 14 94
1 2 52 96
1 2 46 92
1 2 51 92
1 3 45 99
1 8 38 27
8 2 6 46
1 5 41 91
1 2 52 36
1 2 45 90
6 3 17 77
4 2 24 77
8 2 2 32
1 2 50 31
1 3 54 50
6 5 8 96
4 2 6 95
6 2 14 97
6 2 18 96
6 2 15 94
5 2 15 94
5 2 18 93
1 4 32 14
1 4 51 59
1 2 24 6
8 2 6 44
6 2 15 63
8 2 14 62
4 2 16 63
6 3 10 51
1 2 51 65
3 2 34 1
1 2 54 47
1 3 49 66
1 2 26 8
6 2 16 83
6 2 21 84
4 2 23 85
6 2 15 65
6 3 7 98
1 3 47 71
1 2 42 26
1 6 28 13
1 2 53 51
3 2 8 1
3 2 16 1
7 54 30 7
3 20 28 7
3 2 2 1
1 2 42 88
1 2 46 89
1 2 46 29
1 4 40 27
1 2 40 97
1 2 44 96
1 2 48 63
4 2 48 64
5 2 57 62
8 2 52 62
1 2 54 62
1 4 50 45
1 2 49 60
3 2 34 3
3 4 16 3
3 12 30 8
1 2 42 79
5 2 59 80
1 2 34 20
3 4 4 3
1 8 30 21
1 2 46 64
1 2 48 36
8 2 2 45
1 2 42 29
6 2 11 62
6 2 57 61
1 2 43 72
1 2 46 33
1 2 40 86
1 8 6 3
3 4 16 3
6 2 11 64
4 2 12 64
6 2 49 64
1 10 44 46
6 3 4 99
8 2 12 99
8 2 4 99
1 4 38 84
6 2 9 90
3 4 6 5
6 2 11 72
1 2 36 93
3 32 38 22
6 3 10 70
6 2 7 93
8 2 18 93
3 4 10 5
1 8 10 4
6 2 2 44
1 2 38 83
5 2 44 84
8 2 61 84
1 2 42 82
1 7 44 50
1 5 37 79
1 2 40 78
1 2 2 1
1 2 40 31
6 2 11 83
8 2 14 83
1 2 34 26
1 2 44 36
1 6 22 12
3 22 30 13
1 6 28 19
1 2 34 95
6 2 10 85
8 2 32 84
1 4 42 37
1 6 24 15
1 2 35 91
3 2 46 10
3 2 40 9
6 2 9 72
1 4 44 56
2 50 18 2
3 4 6 6
3 8 12 7
1 2 45 54
3 2 2 6
1 8 38 43
1 4 38 35
1 2 32 98
1 2 32 95
1 3 34 87
1 2 40 63
1 4 29 99
1 6 18 11
1 2 44 48
1 2 26 17
3 2 38 10
1 2 34 31
1 3 36 69
3 2 16 7
1 2 36 72
6 2 38 71
1 8 6 8
1 2 40 41
1 4 32 32
1 2 16 9
3 2 34 10
6 2 1 54
1 2 46 53
1 2 40 53
1 2 34 73
3 6 4 11
1 10 8 9
1 2 29 92
4 2 29 93
5 2 35 92
3 2 2 9
3 6 6 11
6 5 3 76
4 2 3 76
4 2 31 75
6 2 15 75
6 2 47 76
6 2 45 76
6 2 5 76
1 6 28 29
6 2 2 92
1 4 34 65
1 2 46 65
1 2 36 38
1 2 26 98
6 2 39 97
1 2 34 35
1 3 26 95
1 2 27 96
4 2 29 97
1 2 26 23
1 2 38 54
1 16 8 17
1 8 31 57
1 4 35 54
1 2 33 70
1 2 38 49
1 2 32 34
6 2 4 83
6 2 31 82
8 2 4 82
4 2 12 83
6 2 13 82
6 2 16 81
1 2 34 63
8 2 34 64
3 4 10 11
1 6 34 46
1 2 24 21
6 2 4 74
6 2 3 70
1 2 34 69
1 3 27 88
1 3 36 87
1 2 31 89
1 5 29 73
1 2 32 36
1 2 28 31
3 4 50 18
3 4 36 14
1 2 27 86
1 4 22 22
1 2 8 9
1 2 32 62
5 2 42 63
8 2 39 61
1 2 40 61
3 6 22 13
1 2 4 8
1 4 20 20
1 2 28 33
1 2 34 48
1 12 22 36
1 4 30 40
1 2 34 50
1 3 23 92
3 8 36 16
1 2 24 27
1 5 31 52
1 8 19 83
5 2 53 81
1 2 18 18
1 2 29 65
1 3 29 61
1 2 12 13
3 4 14 13
1 3 25 76
1 2 28 71
1 3 20 90
3 12 24 18
7 80 30 25
3 2 6 14
1 2 8 12
7 68 20 10
2 100 20 15
3 22 22 25
3 2 2 13
3 4 6 13
3 8 26 15
1 4 16 17
3 2 8 14
3 6 18 14
1 4 28 43
1 4 2 10
1 2 28 40
7 68 20 11
3 2 4 13
3 2 12 10
3 2 6 11
3 2 12 11
3 2 8 12
3 2 22 12
1 2 10 10
1 2 2 7
1 8 6 12
3 2 4 14
3 2 2 15
1 2 30 42
1 6 8 13
2 68 14 12
3 4 6 14
7 68 14 2
3 2 32 14
3 2 14 9
3 2 6 10
3 4 20 10
3 16 28 16
3 2 8 11
3 6 34 14
1 4 10 9
3 2 12 11
1 4 4 7
3 4 10 13
1 2 14 10
3 2 22 12
3 2 38 15
3 2 18 12
1 2 20 15
1 6 18 16
3 2 10 13
1 2 18 14
1 2 26 27
1 2 14 12
3 4 14 14
2 60 18 14
7 54 16 10
3 2 4 14
3 2 36 16
1 2 24 24
1 6 26 35
3 8 8 18
3 2 32 16
1 6 4 12
1 2 18 17
3 2 12 14
3 4 2 16
3 2 26 15
3 6 8 17
3 4 16 15
1 3 28 40
1 8 8 14
1 4 27 38
5 2 33 36
8 2 31 36
1 2 2 9
3 2 28 16
1 2 24 28
1 2 26 33
3 2 48 22
3 10 26 20
3 4 34 18
3 2 10 16
1 7 23 38
6 2 45 37
1 4 16 19
1 2 4 11
1 4 22 31
1 6 16 21
1 6 12 20
3 2 24 18
3 2 8 18
1 2 25 49
3 2 2 19
1 2 20 28
3 6 38 22
1 2 18 25
3 2 34 20
1 2 21 67
1 2 17 81
1 2 18 27
1 3 19 65
6 2 25 65
3 4 22 21
3 12 16 27
1 4 16 28
1 3 20 50
1 2 17 75
8 2 34 74
1 4 6 18
1 2 19 62
8 2 31 61
8 2 22 63
1 2 25 62
1 2 14 82
1 2 21 83
3 2 6 21
3 6 32 23
2 68 36 23
3 12 16 24
3 14 20 26
3 2 8 21
3 2 10 21
3 2 16 21
2 54 18 14
7 88 20 15
2 72 14 15
3 6 14 24
3 2 6 21
3 2 58 34
3 2 16 21
1 10 10 28
3 22 12 29
3 4 59 38
3 4 2 24
3 2 12 22
1 2 18 33
1 2 2 15
1 4 10 23
3 14 16 30
3 4 4 25
1 4 4 19
7 74 16 26
3 4 8 24
3 2 12 21
3 2 14 21
3 6 50 30
3 2 8 23
3 2 59 37
3 4 10 24
3 4 24 24
3 2 6 24
1 5 14 57
1 4 4 19
2 60 12 15
1 6 12 32
1 2 44 31
3 4 8 23
3 2 20 22
3 3 46 27
1 3 16 31
6 2 29 33
3 2 48 29
3 4 28 25
3 2 14 24
3 4 22 24
3 2 26 24
1 4 15 38
1 4 2 18
3 4 18 25
7 48 12 14
3 2 42 26
3 4 34 20
3 3 2 20
1 2 26 21
3 2 8 19
3 2 20 19
3 2 12 19
3 2 26 20
3 3 56 31
1 2 55 30
3 5 37 23
1 2 4 13
1 2 6 14
3 2 15 21
6 2 17 22
3 3 45 26
3 2 49 28
3 2 16 22
3 2 26 23
3 2 2 25
1 2 2 16
3 2 58 38
3 2 37 25
3 2 46 24
3 6 43 29
3 2 50 28
1 2 54 27
8 2 54 28
1 2 4 18
1 2 12 28
1 2 20 29
6 2 29 28
1 2 33 29
3 2 49 29
3 2 8 26
1 2 11 25
5 2 40 26
6 2 21 24
3 2 26 24
3 3 49 32
3 4 31 27
1 2 8 23
3 4 67 70
3 3 25 26
4 2 24 27
1 2 14 54
6 2 25 55
3 18 28 38
6 2 26 39
1 2 24 39
8 2 24 40
1 5 12 39
1 2 14 61
3 2 18 26
3 2 21 26
5 2 46 27
1 2 21 26
3 2 43 27
1 3 13 40
1 2 11 69
3 2 5 29
6 2 14 29
3 3 1 29
3 2 49 31
3 2 14 28
4 2 14 27
6 2 16 27
3 8 16 34
4 2 31 33
1 2 26 30
3 7 22 30
3 2 5 29
1 2 17 28
3 3 58 44
1 2 12 55
8 2 19 54
2 46 10 9
1 4 12 49
1 2 53 46
3 2 28 25
3 3 11 28
3 2 15 26
7 44 6 9
8 2 4 18
2 57 10 10
3 3 41 25
3 2 30 20
3 8 31 21
3 2 26 20
3 2 38 22
3 3 46 25
3 3 13 23
3 3 43 25
3 2 14 23
3 19 26 31
3 3 37 24
3 2 7 25
5 2 13 24
3 2 17 24
1 2 6 17
3 2 41 27
3 2 42 27
1 2 42 27
3 2 46 27
3 3 3 28
1 3 9 24
4 2 45 25
1 2 19 25
5 2 24 26
1 2 38 27
1 2 29 27
3 3 27 26
3 2 7 28
3 5 60 45
1 2 13 32
1 2 20 32
3 2 44 29
1 2 6 22
3 3 18 27
5 2 40 26
3 2 21 28
3 2 27 28
3 2 55 40
1 2 8 30
3 3 32 29
1 3 6 29
8 2 5 29
4 2 5 29
8 2 15 28
3 2 5 30
1 2 6 27
4 2 29 26
3 2 51 37
3 4 40 31
3 2 25 30
3 3 35 31
1 2 10 54
3 2 4 33
4 2 11 32
4 2 12 33
1 3 7 35
5 2 37 36
1 2 9 34
6 2 10 33
1 2 26 35
1 2 9 49
1 2 22 48
3 2 55 44
1 2 5 32
1 2 8 57
3 2 49 38
1 2 7 41
7 32 6 6
1 2 3 30
6 2 2 26
3 6 25 30
4 2 24 32
5 2 34 32
1 2 24 33
3 2 38 29
3 2 10 31
3 5 26 30
3 2 42 29
3 10 8 37
4 2 5 37
5 2 5 39
4 2 14 40
6 2 12 36
6 2 14 41
1 2 20 36
3 11 20 35
3 2 12 32
3 3 16 32
1 2 15 31
3 4 14 34
3 2 54 42
3 4 19 32
1 2 7 40
1 2 4 31
5 2 6 31
1 2 6 31
3 3 36 33
3 2 42 34
3 10 39 41
3 3 40 35
3 2 20 34
6 2 35 34
4 2 35 34
3 5 31 34
1 2 5 54
6 3 4 53
3 2 55 48
2 27 26 8
1 2 4 38
3 4 49 42
3 2 26 34
1 3 3 46
5 2 20 46
2 27 8 1
6 2 26 6
8 2 23 5
8 2 8 5
1 2 10 5
1 2 24 6
3 3 34 34
3 7 15 41
5 2 28 41
5 2 36 40
5 2 13 41
8 2 20 40
1 2 24 40
3 2 39 35
1 2 1 50
1 2 16 49
3 2 1 39
4 2 8 40
8 2 1 40
1 2 31 41
1 2 4 41
3 3 37 38
3 2 13 39
3 4 26 37
3 5 18 42
3 2 18 40
3 3 19 40
6 2 26 39
3 2 20 39
3 6 29 43
3 2 51 51
3 3 7 43
3 2 32 40
3 2 38 42
3 9 23 48
3 7 45 51
3 2 15 43
3 4 38 44
3 4 41 45
5 2 41 47
8 2 48 47
3 9 30 48
8 2 28 47
3 2 22 43
3 2 10 44
3 4 19 44
4 2 18 46
3 8 9 50
1 2 9 51
4 2 9 52
3 5 25 47
3 3 12 47
1 2 11 46
6 2 11 46
7 15 6 4
3 2 30 46
4 2 30 44
3 2 14 46
3 4 33 47
2 14 38 5
7 8 24 4
3 3 41 51
3 2 23 47
3 2 20 48
1 2 30 47
3 2 26 47
7 9 36 11
3 2 15 49
4 2 21 48
3 2 38 51
3 2 28 49
4 2 28 50
7 4 25 4
3 2 21 50
3 2 25 50
5 2 26 49
5 2 25 51
7 6 16 3
2 10 27 6
1 2 24 8
7 15 26 11
4 3 24 13
6 2 26 6
6 2 24 8
1 2 27 6
7 11 20 10
6 2 17 10
4 2 18 9
8 2 17 10
2 18 26 10
4 2 20 10
5 2 24 13
3 2 22 12
1 2 24 12
7 14 24 12
8 2 19 7
7 3 27 5
7 18 34 19
7 6 6 2
7 3 21 6
3 2 26 5
2 7 26 6
4 2 25 7
8 2 24 9
7 2 26 5
4 2 26 5
7 3 23 7
3 2 25 6
2 6 4 1
7 2 12 3
7 2 20 3
2 12 19 10
8 2 18 12
2 17 25 13
3 2 21 18
2 2 15 2
3 2 17 2
5 2 18 3
3 2 22 4
4 2 22 5
2 3 18 3
6 2 21 4
7 10 17 11
2 4 17 5
3 2 15 5
7 3 8 3
7 2 13 3
6 2 13 3
7 2 16 6
3 2 15 5
7 7 28 12
2 2 18 4
2 5 9 3
4 2 8 5
3 2 8 4
7 2 33 11
7 5 24 12
2 4 16 6
7 2 2 1
7 2 26 11
2 2 26 7
7 2 25 7
7 2 11 6
3 2 11 6
7 3 14 7
5 2 14 6
8 4 14 6
7 4 15 10
2 11 25 13
7 4 3 3
4 2 8 1
4 2 5 1
5 2 2 2
6 2 2 2
4 2 8 3
5 2 6 3
8 2 2 1
1 2 2 4
2 8 14 9
6 2 13 11
8 3 11 11
3 2 19 12
7 4 19 12
7 4 16 13
3 3 15 11
3 2 16 14
4 2 16 15
2 9 24 15
5 3 23 18
2 2 5 4
7 3 4 5
7 2 10 8
8 2 10 8
2 2 21 10
2 26 31 40
3 2 28 39
7 5 22 15
1 2 21 16
3 2 21 15
7 4 9 10
5 2 15 13
1 2 15 13
2 8 32 21
4 2 31 24
2 17 40 38
4 2 34 41
2 2 45 24
5 2 45 24
7 4 4 7
6 2 6 6
1 2 3 9
8 2 5 10
5 2 6 11
8 2 13 12
3 2 6 12
5 2 7 12
4 2 7 12
6 3 5 11
7 2 10 5
7 2 8 5
3 2 11 6
1 2 9 6
6 2 9 7
7 2 6 6
2 4 7 6
2 8 8 11
8 2 9 9
5 2 9 9
7 2 19 15
7 25 33 38
2 2 4 6
2 2 29 16
7 5 4 10
7 2 11 13
7 6 23 21
2 8 22 18
2 2 41 25
2 7 11 13
2 2 24 16
7 3 12 16
2 12 12 14
8 2 12 14
8 2 10 14
3 2 18 19
1 2 10 15
7 2 20 16
7 2 4 9
2 2 3 8
2 2 41 28
7 2 29 20
7 4 27 21
2 4 19 16
2 2 33 22
2 7 34 28
7 7 20 23
7 3 11 18
5 2 17 19
2 2 39 30
2 3 36 28
7 5 36 24
2 2 35 24
2 2 4 10
3 2 4 10
1 2 5 9
7 2 5 9
7 2 15 19
7 8 23 24
7 3 21 21
3 2 26 22
2 3 27 22
7 3 27 22
1 2 26 23
7 8 37 28
7 3 3 14
6 3 2 13
5 2 7 15
6 2 8 15
3 4 2 14
5 2 7 15
1 3 2 16
4 2 1 14
7 4 3 14
8 2 8 16
4 2 14 17
3 2 9 16
1 2 14 18
7 2 18 18
7 6 7 20
6 2 13 19
2 9 13 19
3 2 11 17
1 2 17 20
1 2 12 21
2 5 31 29
8 2 28 29
2 13 20 30
4 2 22 29
5 2 23 28
3 2 21 27
7 11 15 25
3 2 14 23
5 2 25 22
6 2 14 23
4 2 20 22
1 2 22 24
7 3 9 20
7 9 34 30
3 2 31 31
6 2 30 31
2 3 34 33
1 2 33 32
2 5 19 24
7 2 31 24
3 2 31 25
7 2 26 24
7 2 13 22
2 7 22 28
2 2 41 50
7 2 21 24
2 7 26 31
7 17 24 30
5 2 24 31
8 2 23 34
3 2 20 28
8 2 20 29
2 2 7 16
7 3 15 24
2 6 15 23
6 2 17 24
8 2 20 24
6 2 20 24
2 3 14 20
3 2 13 21
2 3 9 18
2 2 38 44
7 6 19 27
6 3 16 27
5 2 16 28
8 2 16 27
2 5 4 18
8 2 7 18
3 2 5 18
7 2 6 19
2 5 11 22
7 2 10 21
7 2 11 22
1 2 11 22
6 2 12 22
3 2 11 22
2 3 28 32
5 2 28 33
8 2 28 32
2 2 33 34
2 3 17 24
1 2 18 24
3 2 18 25
7 2 16 24
2 9 11 26
5 2 8 25
3 2 9 24
1 2 8 24
7 11 28 38
4 2 25 35
7 5 25 31
2 5 25 34
7 3 10 26
2 2 11 22
2 2 8 21
6 2 7 21
2 2 27 35
8 2 27 36
7 2 22 30
2 3 26 37
7 2 4 24
8 2 7 24
4 2 8 23
7 2 34 35
2 2 34 49
7 12 27 42
3 2 27 43
2 10 30 46
8 2 28 47
7 4 27 35
7 3 18 31
2 4 13 27
4 2 12 29
2 6 4 25
4 2 4 23
5 2 7 22
7 2 6 22
7 5 18 33
2 8 18 32
3 2 17 31
8 2 16 31
7 5 20 34
4 2 17 33
5 2 19 34
2 9 27 47
3 2 28 49
7 15 17 42
3 2 23 40
5 2 23 41
6 2 27 39
8 2 27 40
1 2 23 40
2 2 27 38
7 3 14 31
2 8 5 28
6 2 3 28
8 2 3 27
1 2 5 28
7 3 2 26
7 3 4 28
7 10 24 45
7 3 17 36
6 2 22 36
3 2 23 37
3 2 24 38
3 2 25 38
2 2 23 38
7 5 18 36
2 5 18 36
2 2 15 32
7 3 21 38
7 2 22 37
7 2 10 32
3 2 10 33
2 3 12 32
2 3 28 50
2 2 28 49
2 3 22 40
7 4 26 43
2 3 20 40
7 4 29 49
2 2 3 28
2 2 18 37
4 2 18 37
2 2 7 30
7 2 11 35
1 2 20 34
4 2 20 35
1 2 15 36
1 2 17 37
1 2 11 36
3 2 12 36
7 4 9 36
7 2 21 40
2 2 5 30
6 2 8 30
4 2 8 31
1 2 4 30
6 2 3 30
7 3 15 39
3 2 19 40
7 3 18 40
6 2 17 41
2 4 20 43
7 5 3 35
4 3 11 33
5 2 10 35
7 4 16 42
1 3 14 42
2 3 10 35
7 2 9 36
2 5 7 35
3 3 6 34
3 2 10 33
2 4 22 47
2 2 25 47
7 4 18 45
2 2 20 43
7 7 5 41
8 2 4 42
4 2 6 41
5 2 7 43
8 2 9 43
3 2 10 40
6 2 11 39
3 2 3 41
2 2 3 32
7 2 5 33
7 2 3 33
2 4 11 38
2 3 14 38
7 7 13 47
3 2 22 49
2 9 17 46
7 5 16 50
7 3 3 37
2 2 1 33
4 2 1 32
5 2 4 32
3 2 5 31
1 2 5 32
7 2 3 31
2 6 11 41
3 2 8 39
7 2 8 39
4 2 9 39
5 2 8 39
7 2 6 40
5 2 6 41
6 2 6 39
7 2 16 47
1 2 16 48
7 3 13 48
5 2 14 48
6 2 19 49
7 2 5 42
3 2 13 43
6 2 17 44
1 2 14 44
3 2 8 43
2 7 5 42
7 2 7 44
8 2 15 44
7 3 8 46
2 3 5 39
8 2 4 39
2 5 11 45
1 2 9 44
4 2 9 43
6 2 9 43
3 2 10 43
7 2 8 44
2 6 7 43
4 2 5 43
7 2 7 44
7 2 8 45
4 2 8 46
1 2 7 46
7 2 1 44
4 2 1 43
1 2 4 44
2 2 2 40
6 2 1 40
5 2 1 39
1 2 1 40
8 2 1 41
2 2 15 49
4 2 14 47
2 3 8 45
5 2 6 45
6 2 12 45
8 2 6 45
5 2 10 46
6 3 10 47
2 2 12 47
2 4 5 44
4 2 5 44
6 2 5 45
3 2 5 44
3 2 5 46
3 2 11 47
7 2 7 45
2 2 1 44
2 2 7 48
7 2 10 47
8 2 10 48
3 2 9 47
