577499
3126
8 2 5 1
8 2 11 1
8 2 51 1
8 2 64 1
8 2 71 1
8 2 73 1
8 2 86 1
8 2 1 2
8 2 12 2
8 2 57 2
8 2 69 2
8 2 74 2
8 2 80 2
8 2 87 2
8 2 95 3
8 2 2 4
8 2 17 4
8 2 21 4
8 2 39 4
8 2 47 4
8 2 51 4
8 2 35 5
8 2 53 4
8 2 51 5
8 2 53 5
8 2 67 5
8 2 73 5
8 2 87 5
8 2 47 6
8 2 30 7
8 2 43 7
8 2 71 7
8 2 81 7
8 2 89 7
8 2 23 8
8 2 44 8
8 2 69 8
8 2 78 8
8 2 85 8
8 2 29 9
8 2 9 10
8 2 98 9
8 2 17 10
8 2 49 10
8 2 79 10
8 2 81 10
8 2 11 11
8 2 22 10
8 2 19 11
8 2 85 10
8 2 31 11
8 2 33 11
8 2 45 11
8 2 67 11
8 2 79 11
8 2 55 12
8 2 95 12
8 2 15 13
8 2 71 12
8 2 57 13
8 2 67 13
8 2 85 13
8 2 90 13
8 2 33 14
8 2 37 14
8 2 89 14
8 2 21 15
8 2 53 15
8 2 65 15
8 2 69 15
8 2 83 15
8 2 11 17
8 2 20 17
8 2 85 17
8 2 6 18
8 2 68 18
8 2 1 19
8 2 67 19
8 2 81 19
8 2 33 20
8 2 55 19
8 2 42 20
8 2 51 20
8 2 59 20
8 2 67 20
8 2 7 21
8 2 11 20
8 2 79 20
8 2 9 21
8 2 73 20
8 2 71 21
8 2 83 21
8 2 91 21
8 2 23 22
8 2 33 22
8 2 37 22
8 2 82 22
8 2 2 23
8 2 65 23
8 2 79 23
8 2 59 24
8 2 67 24
8 2 87 24
8 2 89 25
8 2 95 25
8 2 6 26
8 2 57 25
8 2 9 26
8 2 89 25
8 2 25 26
8 2 51 26
8 2 75 26
8 2 81 26
8 2 7 27
8 2 41 27
8 2 59 27
8 2 84 27
8 2 5 28
8 2 71 27
8 2 20 28
8 2 90 27
8 2 29 28
8 2 39 28
8 2 63 28
8 2 82 28
8 2 17 29
8 2 21 29
8 2 75 29
8 2 29 30
8 2 85 30
8 2 91 30
8 2 3 31
8 2 59 31
8 2 6 32
8 2 9 32
8 2 19 32
8 2 29 32
8 2 57 32
8 2 68 32
8 2 11 33
8 2 97 33
8 2 29 34
8 2 31 34
8 2 33 34
8 2 39 34
8 2 41 34
8 2 53 34
8 2 74 34
8 2 17 35
8 2 19 35
8 2 33 35
8 2 59 35
8 2 75 35
8 2 26 36
8 2 33 36
8 2 73 36
8 2 40 37
8 2 54 36
8 2 55 37
8 2 67 37
8 2 77 37
8 2 13 38
8 2 71 37
8 2 25 38
8 2 32 38
8 2 35 38
8 2 41 38
8 2 61 38
8 2 24 39
8 2 25 39
8 2 36 39
8 2 39 39
8 2 77 39
8 2 81 39
8 2 86 39
8 2 13 40
8 2 18 40
8 2 37 40
8 2 15 41
8 2 38 41
8 2 51 41
8 2 67 41
8 2 33 42
8 2 43 42
8 2 52 42
8 2 23 43
8 2 79 42
8 2 27 43
8 2 33 43
8 2 73 43
8 2 85 43
8 2 5 44
8 2 13 44
8 2 26 44
8 2 39 44
8 2 43 44
8 2 45 44
8 2 63 44
8 2 1 45
8 2 18 45
8 2 25 45
8 2 43 45
8 2 86 45
8 2 10 46
8 2 47 46
8 2 57 46
8 2 17 47
8 2 73 47
8 2 85 47
8 2 25 48
8 2 61 47
8 2 31 48
8 2 57 48
8 2 16 49
8 2 85 48
8 2 53 49
8 2 55 49
8 2 75 49
8 2 78 49
8 2 47 50
8 2 23 51
8 2 79 50
8 2 10 52
8 2 80 52
8 2 94 52
8 2 96 54
8 2 76 54
8 2 59 55
8 2 19 56
8 2 64 56
8 2 53 58
8 2 89 57
8 2 65 60
8 2 68 59
8 2 9 60
8 2 15 61
8 2 17 62
8 2 29 64
8 2 41 64
8 2 73 62
8 2 20 64
8 2 49 63
8 2 83 63
8 2 79 64
8 2 88 63
8 2 97 65
8 2 40 68
8 2 77 68
8 2 91 68
8 2 36 69
8 2 84 71
8 2 15 71
8 2 20 71
8 2 43 71
8 2 59 70
8 2 94 68
8 2 10 74
8 2 21 72
8 2 38 71
8 2 40 70
8 2 87 69
8 2 90 70
8 2 92 75
8 2 58 75
8 2 16 79
8 2 35 78
8 2 36 79
8 2 92 78
8 2 51 79
8 2 19 80
8 2 47 80
8 2 50 80
8 2 62 81
8 2 24 83
8 2 40 81
8 2 86 82
8 2 15 85
8 2 86 84
8 2 33 87
8 2 90 85
8 2 13 88
8 2 89 90
8 2 30 91
8 2 82 91
8 2 31 93
8 2 49 91
8 2 48 93
8 2 61 92
8 2 64 93
8 2 89 93
8 2 82 93
8 2 76 94
8 2 2 96
8 2 88 94
8 2 44 95
8 2 19 96
8 2 39 98
8 2 74 97
8 2 72 98
8 2 85 100
8 2 12 100
8 3 6 57
8 2 8 56
8 2 87 55
8 2 34 59
8 2 60 58
8 2 87 58
8 3 20 61
8 2 28 60
8 2 63 62
8 3 48 60
8 3 92 65
8 3 61 68
8 3 64 69
8 3 2 69
8 2 28 69
8 3 57 68
8 3 53 69
8 3 7 73
8 2 10 74
8 3 12 72
8 2 33 72
8 2 81 72
8 2 88 74
8 3 96 84
8 3 70 85
8 3 66 87
8 3 59 89
8 2 91 89
8 3 17 98
8 2 76 99
8 3 42 99
8 4 7 7
8 4 53 9
8 4 28 10
8 4 67 10
8 4 5 11
8 4 11 11
8 4 51 18
8 4 87 18
8 4 83 19
8 4 20 22
8 4 50 24
8 4 87 23
8 4 71 25
8 4 12 26
8 4 25 26
8 4 39 30
8 4 53 31
8 4 14 36
8 4 52 37
8 4 59 40
8 4 66 44
8 4 64 58
8 4 3 63
8 2 60 64
8 3 42 64
8 3 56 65
8 4 72 84
8 4 10 87
8 4 46 86
8 2 63 84
8 4 64 96
8 2 80 95
8 2 89 95
8 2 64 96
8 5 31 63
8 5 74 73
8 5 60 98
8 2 84 98
8 6 32 6
8 6 69 12
8 6 47 13
8 6 24 19
8 6 62 22
8 6 16 28
8 6 5 41
8 6 54 42
8 6 44 99
5 2 11 1
5 2 30 1
5 2 31 1
5 2 58 1
5 2 59 1
5 2 33 2
5 2 52 2
5 2 77 2
5 2 10 3
5 2 71 2
5 2 25 3
5 2 49 3
5 2 60 3
5 2 63 3
5 2 53 4
5 2 73 4
5 2 35 5
5 2 81 4
5 2 47 5
5 2 67 5
5 2 43 6
5 2 88 6
5 2 58 7
5 2 67 7
5 2 79 7
5 2 51 8
5 2 81 8
5 2 83 9
5 2 89 9
5 2 1 10
5 2 9 10
5 2 23 10
5 2 49 10
5 2 69 10
5 2 7 11
5 2 10 11
5 2 17 11
5 2 59 11
5 2 65 11
5 2 47 12
5 2 59 12
5 2 9 13
5 2 30 12
5 2 28 13
5 2 75 12
5 2 73 13
5 2 76 14
5 2 77 14
5 2 59 15
5 2 7 16
5 2 51 16
5 2 62 16
5 2 85 16
5 2 21 17
5 2 70 17
5 2 71 17
5 2 1 18
5 2 55 17
5 2 12 18
5 2 41 18
5 2 49 18
5 2 16 19
5 2 50 19
5 2 55 19
5 2 65 19
5 2 75 19
5 2 17 20
5 2 42 20
5 2 48 20
5 2 19 21
5 2 67 20
5 2 25 21
5 2 9 22
5 2 63 21
5 2 20 22
5 2 27 22
5 2 57 22
5 2 77 22
5 2 25 23
5 2 51 22
5 2 29 23
5 2 64 23
5 2 73 23
5 2 22 24
5 2 47 23
5 2 35 24
5 2 43 24
5 2 45 24
5 2 67 24
5 2 20 25
5 2 29 24
5 2 27 25
5 2 77 25
5 2 13 26
5 2 51 25
5 2 15 26
5 2 47 26
5 2 55 26
5 2 29 27
5 2 65 27
5 2 71 27
5 2 75 27
5 2 17 28
5 2 21 28
5 2 45 28
5 2 57 28
5 2 53 29
5 2 57 29
5 2 68 29
5 2 76 28
5 2 49 30
5 2 81 30
5 2 79 31
5 2 9 32
5 2 12 32
5 2 71 32
5 2 61 33
5 2 85 33
5 2 24 34
5 2 81 34
5 2 75 35
5 2 81 35
5 2 85 35
5 2 1 36
5 2 23 36
5 2 39 36
5 2 51 36
5 2 71 36
5 2 7 37
5 2 18 37
5 2 49 37
5 2 57 37
5 2 21 38
5 2 29 38
5 2 69 38
5 2 9 39
5 2 41 39
5 2 58 39
5 2 7 40
5 2 12 40
5 2 68 40
5 2 69 40
5 2 10 41
5 2 45 41
5 2 75 41
5 2 77 41
5 2 21 42
5 2 35 41
5 2 71 42
5 2 44 43
5 2 61 44
5 2 75 44
5 2 81 45
5 2 41 46
5 2 44 46
5 2 72 46
5 2 27 47
5 2 77 47
5 2 21 48
5 2 80 48
5 2 11 49
5 2 18 48
5 2 16 49
5 2 19 49
5 2 47 49
5 2 55 49
5 2 63 49
5 2 72 49
5 2 59 51
5 2 67 50
5 2 33 52
8 2 63 51
8 2 70 53
5 2 79 52
5 2 58 53
5 2 71 54
5 2 84 55
5 2 58 57
5 2 62 57
5 2 75 56
5 2 87 57
5 2 62 59
5 2 43 60
5 2 13 62
5 2 39 62
5 2 78 62
5 2 87 61
5 2 88 61
5 2 86 62
5 2 24 64
5 2 78 65
5 2 8 65
8 2 22 65
8 2 26 66
8 2 38 68
5 2 31 64
5 2 50 63
5 2 54 63
5 2 51 64
5 2 80 64
5 2 67 65
5 2 43 66
5 2 79 66
5 2 70 67
5 2 79 67
5 2 24 68
5 2 87 66
5 2 37 67
5 2 73 68
5 2 61 69
5 2 45 70
5 2 81 69
5 2 82 72
5 2 31 73
5 2 54 73
5 2 56 73
5 2 39 74
8 2 82 74
5 2 59 74
5 2 16 76
5 2 45 76
5 2 29 76
8 2 61 77
5 2 77 76
5 2 86 75
5 2 39 77
8 2 66 79
8 2 82 78
5 2 64 76
5 2 80 77
8 2 82 77
8 2 91 78
5 2 19 78
5 2 84 77
5 2 87 77
5 2 25 78
5 2 57 78
5 2 63 78
5 2 79 79
5 2 34 81
5 2 86 80
5 2 58 81
8 2 84 82
5 2 88 82
5 2 22 84
5 2 30 83
5 2 41 81
5 2 71 85
5 2 65 86
5 2 14 88
8 2 27 90
5 2 39 87
5 2 90 89
5 2 32 90
5 2 71 91
5 2 10 95
5 2 31 96
5 2 72 95
5 2 34 97
5 2 36 96
5 2 75 95
5 2 82 96
5 2 87 96
5 2 24 97
5 2 57 95
5 2 35 97
5 2 72 98
5 2 75 99
5 2 73 100
5 3 46 51
5 3 37 59
5 2 54 59
5 2 53 61
5 3 2 61
5 3 20 64
5 2 59 63
5 3 20 67
5 2 89 66
5 3 2 69
5 2 24 70
8 2 23 71
5 3 57 72
5 3 12 75
5 2 70 75
5 2 71 77
5 2 86 78
5 3 4 79
8 2 12 81
8 2 39 80
5 2 11 80
5 2 60 79
5 2 19 81
8 2 91 83
5 2 49 80
5 3 62 84
5 2 88 85
5 3 83 84
5 2 85 84
5 3 86 86
5 3 49 90
8 2 55 90
5 2 83 91
5 2 84 90
5 3 78 89
5 3 85 92
5 2 90 92
8 2 90 92
5 3 33 95
8 2 36 93
5 2 49 96
5 3 44 93
5 3 70 99
5 4 4 3
5 4 15 3
5 4 37 4
5 4 10 5
5 4 61 5
5 2 73 6
5 4 4 6
5 2 24 7
5 4 25 9
5 4 44 8
5 4 38 11
5 4 17 13
5 2 27 14
5 2 53 15
5 4 14 20
5 4 36 20
5 4 67 22
5 4 8 23
5 4 1 24
5 4 43 25
5 4 15 30
5 2 61 30
5 2 23 31
5 2 61 31
5 4 21 30
5 4 46 34
5 4 31 42
5 4 36 42
5 4 52 42
5 4 49 44
5 4 32 44
5 4 24 45
5 4 65 48
5 4 75 48
5 4 5 54
8 2 34 54
5 3 47 56
5 4 25 53
8 2 49 52
5 4 62 70
5 4 5 76
8 2 75 75
8 2 12 78
5 2 37 78
5 4 55 76
5 4 27 82
8 2 56 84
8 2 40 84
5 2 40 84
8 2 73 85
8 2 88 86
5 4 63 86
5 4 16 100
5 2 56 98
5 2 62 98
8 2 74 97
5 5 8 50
5 2 50 51
5 6 69 5
5 6 37 9
5 6 31 11
5 6 50 13
5 6 69 29
5 6 57 32
5 6 72 39
5 6 16 44
5 6 67 73
5 6 60 91
5 7 72 50
5 8 37 1
5 8 15 9
5 8 9 25
5 8 2 33
5 2 25 32
5 8 28 33
5 8 25 48
5 10 31 14
5 2 79 16
5 8 76 15
5 14 5 46
1 2 9 1
1 2 45 1
1 2 31 2
1 2 47 2
1 2 49 2
1 2 59 2
1 2 19 3
1 2 61 3
1 2 73 3
1 2 51 4
1 2 58 4
1 2 5 5
1 2 23 6
1 2 79 6
1 2 45 7
1 2 49 6
1 2 47 7
1 2 1 8
1 2 7 7
1 2 25 8
1 2 47 8
1 2 15 9
1 2 17 9
1 2 57 9
1 2 3 10
1 2 9 9
1 2 47 10
1 2 57 10
1 2 59 10
1 2 22 11
1 2 23 11
1 2 45 11
1 2 8 12
1 2 16 11
1 2 13 12
1 2 30 12
1 2 31 12
1 2 51 12
1 2 55 12
1 2 59 12
1 2 1 13
1 2 36 12
1 2 22 13
1 2 31 13
1 2 62 13
1 2 9 14
1 2 37 13
1 2 43 14
1 2 49 14
1 2 57 14
1 2 7 15
1 2 27 15
1 2 33 16
1 2 35 16
1 2 53 16
1 2 59 16
1 2 73 16
1 2 78 16
1 2 5 17
1 2 9 16
1 2 67 17
1 2 74 18
1 2 67 19
1 2 5 20
1 2 39 20
1 2 51 20
1 2 53 20
1 2 3 21
1 2 19 21
1 2 59 21
1 2 5 23
1 2 25 24
1 2 71 24
1 2 9 25
1 2 21 25
1 2 15 26
1 2 40 26
1 2 59 26
1 2 33 27
1 2 59 27
1 2 67 27
1 2 69 28
1 2 7 29
1 2 35 28
1 2 34 29
1 2 37 29
1 2 40 29
1 2 49 29
1 2 55 29
1 2 1 30
1 2 27 29
1 2 62 29
1 2 4 30
1 2 29 31
1 2 33 31
1 2 39 31
1 2 43 31
1 2 71 31
1 2 62 32
1 2 15 33
1 2 38 33
1 2 67 33
1 2 55 34
1 2 13 35
1 2 39 35
1 2 41 35
1 2 11 36
1 2 33 36
1 2 39 36
1 2 49 36
1 2 54 36
1 2 63 36
1 2 27 37
1 2 53 37
1 2 55 37
1 2 59 37
1 2 33 38
1 2 41 38
1 2 47 38
1 2 72 38
1 2 5 39
1 2 19 40
1 2 80 40
1 2 33 41
1 2 51 41
1 2 7 42
1 2 43 42
1 2 59 42
1 2 27 43
1 2 31 43
1 2 60 44
1 2 29 45
1 2 31 45
1 2 57 45
1 2 19 46
1 2 22 46
1 2 52 45
1 2 79 46
1 2 8 47
1 2 29 46
1 2 27 47
1 2 39 47
1 2 81 47
1 2 3 48
1 2 9 48
1 2 25 48
1 2 27 48
1 2 41 48
1 2 57 48
1 2 61 49
1 2 19 50
1 2 72 49
1 2 41 50
1 2 67 50
1 2 67 52
1 2 10 53
8 2 51 54
1 2 61 52
1 2 75 53
1 2 28 54
1 2 37 53
5 2 56 54
1 2 30 53
1 2 67 54
1 2 75 54
1 2 18 55
5 2 39 57
8 2 47 58
8 2 57 57
5 2 50 58
1 2 33 55
1 2 41 54
1 2 42 54
1 2 50 54
1 2 56 55
1 2 30 59
1 2 37 58
1 2 73 57
1 2 86 56
1 2 34 59
5 2 37 58
8 2 85 60
1 2 37 58
1 2 76 58
1 2 63 60
1 2 17 62
8 3 31 63
1 2 5 63
1 2 45 62
1 2 76 63
1 2 71 63
1 2 71 63
1 2 35 64
5 2 41 64
1 2 63 64
1 2 46 64
1 2 6 65
5 2 11 65
8 2 21 63
8 2 29 65
8 2 16 66
1 2 33 62
1 2 26 65
1 2 42 66
1 2 57 65
1 2 59 65
1 2 46 70
1 2 10 71
1 2 23 70
5 2 32 69
5 2 40 70
1 2 27 71
8 2 39 69
1 2 35 70
1 2 59 70
1 2 79 71
1 2 5 72
8 2 20 74
1 2 69 72
1 2 54 72
1 2 34 73
1 2 51 73
1 2 76 74
1 2 59 75
1 2 71 76
1 2 6 76
8 2 79 76
1 2 52 75
1 2 71 76
1 2 60 76
1 2 11 77
1 2 60 76
1 2 61 76
1 2 68 76
1 2 76 77
1 2 15 78
8 2 23 78
1 2 55 77
1 2 71 76
1 2 63 78
1 2 47 80
1 2 64 80
1 2 72 79
1 2 77 82
1 2 60 82
1 2 84 82
1 2 77 82
1 2 25 84
8 2 44 84
1 2 57 83
1 2 44 84
8 2 57 84
1 2 52 83
1 2 14 85
1 2 62 85
1 2 27 86
5 2 71 86
1 2 69 86
1 2 5 87
5 2 41 88
1 2 42 86
1 2 34 88
1 2 46 86
8 2 73 85
1 2 41 88
8 2 52 88
1 2 46 87
1 2 49 87
1 2 45 89
5 2 75 91
1 2 58 88
1 2 80 89
1 2 21 90
5 2 35 89
5 2 52 91
5 3 68 89
1 2 15 91
1 2 24 91
1 2 80 89
1 2 21 91
8 2 23 90
8 2 63 89
5 2 25 91
5 2 27 91
1 2 74 90
1 2 41 91
1 2 30 92
8 2 63 94
5 2 62 93
1 2 67 92
1 2 39 93
1 2 87 94
1 2 47 96
8 2 47 96
1 2 60 94
5 2 63 95
1 2 1 97
1 2 57 95
1 2 28 96
1 2 69 97
1 2 72 96
1 2 12 98
5 2 56 98
1 2 50 98
1 2 10 99
1 2 29 98
8 2 32 99
5 2 46 100
1 2 54 97
1 2 33 98
1 2 36 99
8 2 69 100
1 2 39 98
1 2 37 99
1 2 65 99
1 3 73 51
1 3 17 52
1 3 38 52
1 3 30 53
1 3 23 54
5 2 36 53
5 2 41 54
1 3 70 55
1 3 39 57
8 2 80 56
1 3 64 56
1 3 60 60
1 2 72 60
1 3 31 71
1 2 60 70
1 3 18 72
8 2 49 74
1 2 26 72
1 3 9 77
5 2 9 77
5 2 44 76
1 2 15 77
1 2 19 78
1 2 60 77
1 3 30 78
1 3 13 78
1 3 2 91
1 2 32 91
5 2 45 92
1 2 36 93
5 2 46 92
1 3 42 93
1 3 14 99
1 3 50 100
1 4 37 1
1 4 13 4
1 2 29 5
1 4 25 4
1 4 5 8
1 4 31 9
1 4 6 10
1 4 39 13
1 4 33 14
1 4 3 18
1 2 8 17
1 2 42 17
1 4 45 16
1 4 6 18
1 2 20 17
1 4 51 21
1 4 68 21
1 4 8 23
1 2 25 23
1 4 31 22
1 4 41 21
1 4 37 22
1 4 6 26
1 2 47 26
1 4 50 27
1 2 63 28
1 4 57 27
1 4 12 29
1 4 21 30
1 4 57 32
1 4 10 35
1 4 24 34
1 4 5 36
1 2 27 37
1 2 29 38
1 4 14 36
1 2 19 37
1 4 14 36
1 4 60 38
1 4 4 41
1 4 7 40
1 4 31 40
1 4 11 43
1 2 21 42
1 4 17 43
1 4 39 43
1 4 13 45
1 4 44 46
1 4 57 45
1 4 45 49
1 4 80 59
1 4 11 65
5 2 14 66
1 2 32 66
1 2 78 66
1 2 81 67
1 4 6 70
8 2 53 70
1 2 61 68
1 4 41 80
1 4 21 82
5 2 33 82
1 3 29 83
1 5 12 70
5 2 60 69
8 2 23 70
8 2 70 69
1 5 58 73
1 6 38 6
1 4 61 5
1 6 2 15
1 6 18 18
1 4 34 21
1 6 28 19
1 6 44 19
1 6 9 20
1 6 50 51
1 8 57 6
1 8 50 46
6 2 13 1
6 2 45 1
6 2 57 2
6 2 13 3
6 2 38 3
6 2 61 3
6 2 9 4
6 2 45 3
6 2 17 4
6 2 47 3
6 2 21 4
6 2 39 4
6 2 41 4
6 2 45 5
6 2 51 5
6 2 13 6
6 2 66 6
6 2 17 7
6 2 33 7
6 2 41 7
6 2 1 8
6 2 5 7
6 2 3 8
6 2 47 7
6 2 5 8
6 2 21 7
6 2 31 8
6 2 41 8
6 2 45 8
6 2 55 8
6 2 36 9
6 2 37 9
6 2 49 9
6 2 51 9
6 2 53 9
6 2 13 10
6 2 53 10
6 2 22 11
6 2 31 11
6 2 13 12
6 2 23 11
6 2 21 12
6 2 24 12
6 2 39 12
6 2 3 13
6 2 43 14
6 2 9 15
6 2 21 15
6 2 11 16
6 2 17 16
6 2 47 16
6 2 8 17
6 2 37 17
6 2 49 17
6 2 41 18
6 2 49 18
6 2 57 18
6 2 16 19
6 2 33 19
6 2 44 19
6 2 3 20
6 2 5 20
6 2 14 20
6 2 49 21
6 2 11 22
6 2 15 22
6 2 29 23
6 2 45 23
6 2 9 24
6 2 55 23
6 2 13 24
6 2 31 24
6 2 43 24
6 2 47 24
6 2 7 25
6 2 13 25
6 2 23 25
6 2 27 25
6 2 48 25
6 2 17 26
6 2 29 26
6 2 40 26
6 2 46 26
6 2 11 28
6 2 53 27
6 2 17 28
6 2 37 28
6 2 56 27
6 2 6 29
6 2 23 29
6 2 48 28
6 2 19 30
6 2 27 30
6 2 17 31
6 2 55 30
6 2 43 32
6 2 57 32
6 2 23 33
6 2 29 32
6 2 27 33
6 2 57 32
6 2 55 33
6 2 67 33
6 2 18 34
6 2 24 34
6 2 35 33
6 2 39 34
6 2 46 34
6 2 72 35
6 2 41 36
6 2 3 37
6 2 53 37
6 2 51 38
6 2 57 38
6 2 27 39
6 2 61 39
6 2 15 40
6 2 58 39
6 2 27 40
6 2 43 40
6 2 52 40
6 2 19 41
6 2 23 41
6 2 26 41
6 2 39 41
6 2 47 41
6 2 55 41
6 2 57 41
6 2 17 42
6 2 19 42
6 2 33 43
6 2 59 42
6 2 37 43
6 2 41 43
6 2 53 43
6 2 1 44
6 2 15 44
6 2 21 44
6 2 54 44
6 2 33 45
6 2 37 45
6 2 55 45
6 2 31 46
6 2 33 46
6 2 35 46
6 2 9 47
6 2 23 47
6 2 36 47
6 2 39 47
6 2 51 47
6 2 70 47
6 2 12 48
6 2 27 48
6 2 29 48
6 2 37 48
6 2 35 49
6 2 50 49
6 2 51 49
6 2 59 49
6 2 19 50
6 2 31 50
6 2 9 51
1 2 23 51
6 2 36 50
6 2 59 50
6 2 33 51
6 2 57 52
6 2 26 53
6 2 32 53
6 2 1 54
1 2 8 53
1 2 45 54
1 2 14 55
8 2 37 56
6 2 29 55
6 2 24 56
8 2 28 57
1 2 57 57
6 2 59 55
6 2 73 57
6 2 59 58
8 2 73 59
6 2 32 60
6 2 36 58
5 2 55 60
6 2 71 58
6 2 62 59
6 2 68 59
6 2 11 62
6 2 69 60
6 2 35 62
6 2 65 62
6 2 74 62
6 2 12 63
6 2 37 62
6 2 31 63
6 2 10 64
6 2 37 63
6 2 56 63
6 2 33 65
6 2 54 63
6 2 25 65
5 2 27 66
6 2 35 65
1 2 57 64
6 2 43 66
6 2 35 70
1 2 43 68
6 2 16 71
6 2 75 72
6 2 31 72
1 2 37 74
6 2 66 72
6 2 43 73
1 2 47 73
6 2 59 72
6 2 4 74
1 2 10 74
6 2 57 73
6 2 26 74
6 2 51 73
6 2 37 74
6 2 12 75
6 2 46 76
6 2 51 77
6 2 60 79
1 2 72 79
1 2 73 81
6 2 27 80
6 2 35 80
6 2 46 79
6 2 73 81
6 2 69 83
6 2 4 83
8 2 4 82
1 2 7 83
1 2 6 84
1 2 31 83
1 2 62 84
1 2 7 86
6 2 12 81
6 2 64 80
6 2 75 81
6 2 41 83
6 2 72 82
6 2 44 83
5 2 52 83
6 2 17 84
6 2 8 85
1 2 35 86
6 2 14 85
6 2 19 83
8 2 66 82
6 2 31 83
6 2 53 83
5 2 68 81
6 2 69 80
6 2 66 84
6 2 25 86
1 2 59 88
6 2 46 87
6 2 50 85
6 2 49 87
6 2 65 86
6 2 27 88
6 2 15 90
1 2 26 88
1 2 54 90
6 2 53 89
6 2 36 90
1 2 37 89
6 2 39 90
1 2 46 89
6 2 48 89
6 2 48 92
6 2 55 91
6 2 75 94
6 2 42 96
1 2 50 95
1 2 62 95
6 2 19 97
5 2 19 96
6 2 27 96
6 2 33 98
6 2 58 97
6 2 60 97
5 2 61 98
6 2 3 99
8 2 13 100
1 2 15 97
1 2 30 97
1 2 42 99
6 2 14 97
6 2 4 98
5 2 23 97
6 2 8 99
6 2 13 100
6 2 15 99
8 2 23 97
1 2 64 96
6 2 40 97
1 2 45 97
6 3 32 53
6 3 42 55
6 2 51 55
6 2 67 55
6 3 17 57
8 2 24 59
1 2 42 59
6 2 39 57
5 2 48 56
6 2 19 58
6 2 22 58
5 2 21 59
8 2 34 59
5 2 63 60
6 2 34 57
1 2 53 56
6 2 68 59
6 2 38 60
6 2 47 59
6 2 51 61
1 2 57 60
6 2 53 61
6 2 68 59
6 3 15 66
1 2 25 67
6 2 54 65
6 2 25 67
6 2 49 66
6 2 69 67
6 2 36 68
6 2 47 69
6 3 39 66
6 3 6 70
8 2 15 69
8 2 6 70
6 3 35 76
6 2 41 75
6 3 26 77
6 3 36 80
6 3 29 81
6 2 65 80
6 3 27 85
6 2 32 85
6 2 48 85
6 3 21 87
5 2 23 87
8 2 27 87
1 2 54 85
8 2 35 86
6 2 31 88
6 3 33 87
6 2 53 86
6 3 69 89
6 3 33 90
6 3 49 90
5 2 65 89
6 3 61 90
6 3 1 92
8 2 49 93
5 2 57 93
6 2 22 90
6 2 12 92
6 2 13 92
1 2 61 92
6 2 15 91
6 3 39 93
6 3 21 95
6 3 36 99
1 2 50 100
6 3 6 100
8 2 5 100
8 2 25 99
6 3 53 99
8 2 53 99
6 4 32 3
6 4 60 6
6 4 1 11
6 4 41 12
6 4 2 15
6 4 8 20
6 2 21 22
6 2 23 22
6 2 25 23
6 2 35 24
6 4 31 27
6 4 49 28
6 4 8 31
6 4 49 31
6 4 31 34
6 4 5 38
6 2 25 37
6 4 10 38
6 4 15 38
6 4 37 39
6 4 30 42
6 4 43 42
6 4 29 45
6 4 57 45
6 4 21 49
6 4 38 52
6 4 62 54
6 4 17 62
6 4 49 63
6 4 45 70
1 2 51 70
6 4 14 77
6 2 58 76
6 3 34 77
6 2 37 77
6 4 24 85
6 2 60 83
6 4 27 87
1 2 60 88
6 4 63 94
6 4 18 95
6 5 12 65
6 3 25 64
6 5 56 68
6 5 3 77
5 2 8 75
1 2 26 76
6 2 48 75
6 5 51 92
6 5 40 91
6 5 56 95
6 5 5 96
5 2 63 94
6 2 40 95
6 5 28 98
6 6 37 1
6 6 28 13
6 6 50 13
6 6 25 16
6 6 33 22
6 6 2 24
6 6 4 30
6 4 45 29
6 6 31 36
6 2 41 36
6 6 5 42
6 6 21 42
6 6 15 47
6 7 53 72
6 8 8 1
6 8 18 8
6 8 27 17
6 8 24 20
6 8 41 32
6 8 44 46
6 8 54 47
6 10 50 35
6 12 27 5
6 14 9 31
6 16 5 3
3 2 3 1
3 2 5 1
3 2 19 1
3 2 37 1
3 2 35 2
3 2 4 3
3 2 11 3
3 2 13 3
3 2 32 3
3 2 43 3
3 2 9 4
3 2 31 4
3 2 41 4
3 2 1 6
3 2 19 5
3 2 17 6
3 2 19 6
3 2 32 6
3 2 15 7
3 2 38 6
3 2 19 7
3 2 39 6
3 2 37 7
3 2 41 7
3 2 11 8
3 2 19 8
3 2 35 8
3 2 1 9
3 2 29 8
3 2 8 9
3 2 11 9
3 2 23 9
3 2 34 10
3 2 39 9
3 2 37 10
3 2 45 10
3 2 25 11
3 2 23 13
3 2 5 14
3 2 29 13
3 2 9 14
3 2 31 13
3 2 17 14
3 2 23 14
3 2 26 14
3 2 33 14
3 2 2 15
3 2 5 15
3 2 7 16
3 2 31 16
3 2 33 16
3 2 43 16
3 2 17 17
3 2 37 16
3 2 36 17
3 2 3 18
3 2 43 17
3 2 12 18
3 2 23 18
3 2 27 18
3 2 29 18
3 2 34 18
3 2 47 18
3 2 7 19
3 2 43 18
3 2 35 19
3 2 39 19
3 2 3 21
3 2 35 21
3 2 37 21
3 2 1 22
3 2 5 22
3 2 41 22
3 2 14 23
3 2 7 24
3 2 41 24
3 2 43 24
3 2 9 25
3 2 47 24
3 2 13 25
3 2 15 25
3 2 21 25
3 2 39 25
3 2 12 26
3 2 17 25
3 2 15 26
3 2 21 26
3 2 25 26
3 2 27 26
3 2 9 27
3 2 11 27
3 2 13 27
3 2 28 27
3 2 23 28
3 2 27 28
3 2 7 29
3 2 39 28
3 2 19 29
3 2 35 29
3 2 45 29
3 2 13 30
3 2 21 30
3 2 26 30
3 2 32 30
3 2 33 30
3 2 23 31
3 2 27 31
3 2 39 31
3 2 45 33
3 2 60 33
3 2 1 34
3 2 41 34
3 2 23 35
3 2 45 35
3 2 5 36
3 2 7 36
3 2 25 35
3 2 9 36
3 2 53 37
3 2 7 38
3 2 43 38
3 2 25 39
3 2 43 39
3 2 49 39
3 2 7 40
3 2 11 39
3 2 37 40
3 2 5 41
3 2 9 40
3 2 7 41
3 2 19 41
3 2 29 41
3 2 38 41
3 2 39 41
3 2 39 43
3 2 5 44
3 2 23 43
3 2 43 44
3 2 45 44
3 2 12 45
3 2 21 44
3 2 29 43
3 2 27 44
3 2 19 45
3 2 21 45
3 2 35 45
3 2 36 47
3 2 49 47
3 2 53 47
3 2 29 48
3 2 11 49
3 2 25 49
3 2 27 49
3 2 30 50
3 2 47 49
3 2 45 50
3 2 55 50
3 2 68 51
3 2 23 54
3 2 48 53
3 2 59 51
1 2 58 52
3 2 36 53
3 2 1 55
5 2 9 55
6 2 12 54
8 2 10 55
8 2 21 55
6 2 46 54
5 2 45 54
6 2 65 53
3 2 52 54
3 2 62 54
3 2 47 56
3 2 11 57
8 2 45 55
5 2 49 56
3 2 27 57
3 2 31 56
3 2 34 57
3 2 36 57
3 2 38 57
3 2 10 58
1 2 21 60
6 2 41 59
1 2 30 60
1 2 45 62
3 2 49 58
3 2 52 59
3 2 6 59
3 2 56 60
3 2 45 62
3 2 55 63
6 2 60 61
3 2 17 64
5 2 31 64
3 2 48 65
3 2 26 66
3 2 37 67
3 2 68 67
3 2 54 69
3 2 64 68
5 2 66 68
3 2 52 70
3 2 40 70
6 2 63 72
3 2 51 73
3 2 55 72
3 2 59 72
3 2 52 73
3 2 68 74
3 2 37 75
3 2 12 78
1 2 35 78
8 2 51 79
3 2 37 77
3 2 43 76
3 2 42 78
3 2 50 78
3 2 15 79
3 2 19 78
3 2 20 78
3 2 32 79
1 2 39 79
6 2 43 79
5 2 48 80
3 2 28 81
3 2 66 81
3 2 21 82
1 2 22 82
3 2 54 80
3 2 51 84
3 2 56 84
3 2 1 86
8 2 1 86
3 2 32 85
3 2 56 85
5 2 55 86
3 2 25 86
3 2 48 86
3 2 44 88
3 2 53 88
8 2 55 87
3 2 22 90
3 2 20 91
8 2 25 93
8 2 37 93
3 2 16 93
5 2 18 94
3 2 20 93
3 2 32 93
3 2 54 93
3 2 55 93
3 2 38 96
8 2 46 95
3 2 49 96
3 2 63 94
3 2 50 95
3 2 53 94
3 2 30 97
3 2 45 97
3 2 21 98
3 2 49 97
3 2 27 98
3 2 39 100
3 2 48 99
3 3 2 50
3 2 35 49
3 2 59 51
3 3 49 50
3 3 42 53
3 3 1 59
1 2 6 59
5 2 6 62
6 2 42 61
3 2 41 60
3 2 9 61
3 2 24 60
8 2 23 61
6 2 32 60
3 2 12 61
3 2 48 61
3 2 53 61
3 2 5 62
6 3 5 62
8 2 12 60
1 2 50 62
5 2 21 63
3 2 34 59
3 2 11 62
5 2 51 62
3 2 22 62
3 2 15 63
3 2 17 64
1 2 31 63
1 2 37 63
3 2 42 62
3 2 50 62
3 3 36 59
3 3 17 61
3 3 33 61
3 3 19 64
3 2 24 65
3 3 5 66
6 2 39 65
3 2 40 67
3 3 9 69
3 2 17 67
3 2 30 70
6 2 37 71
3 3 31 69
5 2 37 67
6 2 58 67
8 2 58 67
1 3 31 69
3 3 2 69
6 2 34 68
1 2 23 70
1 2 40 70
3 2 24 71
3 3 6 76
6 2 15 74
3 3 26 79
8 2 44 79
3 3 49 80
3 3 12 83
6 2 15 82
5 2 36 80
1 2 11 82
6 2 21 82
3 3 58 83
3 3 40 84
3 2 46 83
3 3 38 87
3 3 49 86
3 3 59 88
3 3 7 89
6 2 7 89
3 2 57 89
3 2 35 89
3 2 16 90
3 2 38 91
3 3 20 90
3 2 28 90
3 3 12 92
3 3 58 94
3 3 61 100
3 4 5 8
3 4 30 7
3 4 22 11
3 4 41 12
3 4 19 20
3 2 29 21
3 4 25 20
3 4 43 28
3 4 1 32
3 4 9 31
3 4 14 36
3 2 23 36
3 2 27 37
3 4 15 36
3 4 38 38
3 2 41 38
3 4 46 37
3 4 36 42
3 4 1 46
3 2 3 46
3 2 19 46
3 4 18 48
3 4 40 48
3 4 31 50
3 4 27 77
8 2 28 76
3 2 33 75
3 2 46 75
3 4 41 80
3 4 21 87
3 4 13 90
3 2 37 88
3 4 11 96
3 4 41 97
3 4 44 98
3 5 22 65
3 5 28 65
3 2 43 63
3 5 28 77
1 2 31 77
3 5 47 78
5 2 46 78
3 5 21 79
5 2 20 80
3 2 26 82
3 5 18 80
1 2 16 80
8 2 17 79
3 2 35 80
3 2 37 81
3 5 27 88
3 2 40 90
3 6 15 3
3 4 21 3
3 4 25 4
3 6 5 5
3 2 11 6
3 4 10 5
3 6 19 7
3 6 2 12
3 2 8 12
3 4 5 11
3 6 37 13
3 6 15 15
3 6 22 16
3 6 19 23
3 2 35 22
3 2 19 23
3 2 22 24
3 6 6 32
3 6 31 32
3 6 22 33
3 6 27 39
3 6 21 42
3 6 25 47
3 6 22 49
3 6 54 56
3 6 33 72
3 2 34 70
3 6 44 94
3 7 5 84
5 3 4 85
6 2 5 84
8 2 15 85
3 2 12 85
3 2 23 86
3 5 12 87
6 2 24 86
1 2 18 86
5 2 14 88
3 8 18 18
3 8 12 32
3 8 2 41
3 2 11 41
3 6 9 42
3 8 24 68
6 2 22 69
3 8 27 93
6 2 58 94
3 12 9 47
3 14 21 22
7 2 19 1
7 2 37 1
7 2 46 2
7 2 47 2
7 2 1 3
7 2 36 4
7 2 5 5
7 2 27 5
7 2 39 6
7 2 5 7
7 2 7 7
7 2 17 9
7 2 29 9
7 2 33 9
7 2 36 9
7 2 41 10
7 2 11 12
7 2 21 12
7 2 19 13
7 2 13 14
7 2 22 13
7 2 15 14
7 2 17 14
7 2 20 14
7 2 23 14
7 2 31 14
7 2 23 16
7 2 41 15
7 2 43 17
7 2 49 17
7 2 21 18
7 2 36 17
7 2 38 19
7 2 1 20
7 2 25 20
7 2 13 21
7 2 27 21
7 2 3 22
7 2 42 23
7 2 17 24
7 2 21 23
7 2 7 25
7 2 19 24
7 2 9 28
7 2 33 27
7 2 31 28
7 2 13 29
7 2 25 29
7 2 29 29
7 2 11 30
7 2 26 30
7 2 14 31
7 2 42 31
7 2 1 33
7 2 17 33
7 2 26 33
7 2 45 33
7 2 9 34
7 2 18 34
7 2 19 34
7 2 39 35
7 2 17 36
7 2 15 37
7 2 26 36
7 2 19 37
7 2 21 37
7 2 29 37
7 2 5 38
7 2 3 39
7 2 15 39
7 2 19 39
7 2 39 39
7 2 1 40
7 2 33 40
7 2 11 41
7 2 15 41
7 2 19 41
7 2 21 42
7 2 23 43
7 2 39 43
7 2 1 44
7 2 15 44
7 2 23 44
7 2 35 44
7 2 19 45
7 2 26 44
7 2 24 45
7 2 27 45
7 2 33 45
7 2 35 45
7 2 37 45
7 2 11 46
7 2 16 46
7 2 25 46
7 2 5 47
7 2 8 47
7 2 14 47
7 2 11 50
7 2 27 49
7 2 40 48
7 2 43 53
7 2 51 52
7 2 56 54
7 2 3 55
1 2 53 55
3 2 28 54
3 2 39 54
7 2 8 55
6 2 8 56
8 2 16 57
5 2 10 57
7 2 18 55
7 2 49 56
7 2 52 56
7 2 19 58
7 2 38 57
7 2 31 58
7 2 36 58
7 2 44 60
7 2 49 60
7 2 2 61
5 2 30 60
7 2 10 60
7 2 41 59
7 2 31 60
7 2 42 61
7 2 20 63
7 2 27 60
3 2 26 60
7 2 35 62
7 2 30 64
7 2 43 66
7 2 36 67
7 2 6 68
6 2 37 67
8 2 6 70
3 2 12 70
7 2 36 68
3 2 41 68
1 2 40 68
7 2 50 71
7 2 24 72
7 2 28 70
7 2 29 72
8 2 29 72
7 2 38 71
7 2 43 72
7 2 37 74
7 2 2 78
7 2 40 75
7 2 36 78
5 2 35 78
7 2 6 79
6 2 22 79
1 2 6 79
6 2 10 80
7 2 38 76
7 2 21 79
7 2 37 78
7 2 46 81
7 2 8 83
3 2 18 83
7 2 15 83
3 2 52 83
7 2 29 83
7 2 41 83
7 2 49 82
7 2 23 84
7 2 32 83
1 2 32 82
8 2 35 83
7 2 33 82
7 2 34 82
3 2 42 81
7 2 27 84
7 2 40 84
7 2 6 85
3 3 6 84
7 2 26 85
7 2 16 85
3 2 27 87
7 2 34 85
6 2 33 86
7 2 13 86
7 2 20 89
1 2 20 89
3 2 30 89
7 2 22 89
7 2 28 87
3 2 28 87
7 2 26 88
7 2 38 87
7 2 32 88
1 2 40 87
5 2 39 88
7 2 36 89
7 2 12 90
5 2 11 91
7 2 17 89
7 2 39 90
7 2 35 91
7 2 35 91
7 2 28 92
1 2 38 93
7 2 39 92
7 2 47 92
7 2 1 95
5 2 8 96
8 2 41 94
3 2 38 95
5 2 38 95
6 2 16 95
7 2 31 93
7 2 32 93
7 2 38 95
1 2 46 95
7 2 31 98
7 2 40 97
7 2 25 99
3 2 36 99
7 2 39 99
7 3 19 50
7 2 33 52
6 2 46 51
7 2 34 52
7 3 8 56
7 2 10 55
7 2 20 55
5 2 44 55
7 2 28 55
7 2 36 55
7 2 38 55
3 2 37 56
7 2 37 56
7 3 32 58
7 3 25 61
7 3 21 63
7 2 29 60
7 3 35 59
7 3 32 60
7 3 11 62
3 2 25 62
6 2 36 62
7 2 39 62
7 3 37 63
7 2 39 62
7 3 2 64
6 2 2 64
3 2 4 64
7 2 20 66
7 2 21 66
7 2 22 65
7 2 29 65
7 3 32 69
7 2 38 68
7 3 32 71
7 3 16 76
3 2 24 75
3 2 53 75
7 2 22 74
3 2 29 73
7 2 28 76
7 3 43 74
7 3 25 78
7 3 46 78
7 3 24 80
7 3 38 80
7 3 12 81
7 3 13 81
5 2 31 81
6 2 35 80
1 2 35 80
5 2 34 81
7 2 30 81
8 2 29 82
7 3 32 80
7 3 2 88
8 2 30 88
7 2 28 87
7 3 32 86
7 3 30 88
7 3 16 90
7 3 42 93
7 3 28 95
7 2 34 95
7 2 39 95
7 3 43 96
7 3 8 99
1 2 32 99
5 2 41 100
3 2 15 99
7 2 23 97
7 2 45 97
7 2 33 100
7 4 3 1
7 2 17 1
7 4 15 4
7 2 17 4
7 4 1 6
7 4 30 7
7 4 1 11
7 2 5 11
7 4 17 11
7 4 43 15
7 4 39 16
7 4 6 18
7 2 33 19
7 4 39 24
7 4 25 27
7 2 34 26
7 4 35 24
7 4 28 27
7 4 19 32
7 4 31 31
7 4 11 33
7 4 22 35
7 4 39 35
7 4 51 35
7 4 32 38
7 4 26 41
7 4 17 43
7 4 25 47
7 4 10 49
7 4 18 48
7 4 44 52
8 2 45 51
7 2 50 54
7 4 2 53
5 2 1 52
1 2 1 54
5 2 4 53
6 2 33 51
6 2 47 51
7 2 3 53
1 2 11 54
7 4 44 52
7 4 3 58
7 3 15 60
5 2 27 60
7 4 14 63
8 2 17 64
3 2 28 65
7 4 9 66
7 2 26 66
7 4 45 67
7 2 49 66
7 4 6 70
8 2 13 70
7 2 40 68
7 2 8 69
7 2 37 70
7 2 39 71
6 2 41 72
7 4 19 80
1 2 23 78
3 2 21 79
7 4 30 86
7 4 18 86
3 2 17 87
6 3 23 86
5 2 24 86
7 2 21 85
7 4 19 93
6 2 29 92
7 4 24 91
7 2 34 92
7 4 14 96
3 2 31 97
6 2 30 98
7 2 22 95
7 5 24 50
3 2 43 51
7 4 33 49
7 5 27 50
7 5 5 62
7 2 30 62
7 4 20 63
7 5 25 73
7 5 25 75
7 5 37 74
5 2 42 73
5 2 43 74
7 5 18 83
6 2 22 82
7 5 43 93
7 6 13 2
7 4 32 3
7 6 2 8
7 2 17 8
7 2 15 9
7 4 3 9
7 2 15 9
7 6 17 17
7 2 23 16
7 2 29 18
7 6 27 17
7 6 17 22
7 4 29 21
7 6 35 37
7 6 27 43
7 6 14 50
7 6 2 85
7 6 5 92
5 2 18 92
3 2 3 91
1 2 16 92
5 2 37 93
7 2 18 92
3 2 30 92
7 2 11 92
7 7 18 98
3 2 25 99
7 8 24 10
7 8 34 14
7 8 18 19
7 8 35 27
7 8 15 30
7 8 28 35
7 8 12 37
7 9 21 58
7 2 41 57
7 10 13 7
7 2 13 7
7 10 12 11
7 10 11 18
7 10 28 23
7 10 25 31
7 10 21 38
7 10 48 40
7 10 2 50
1 2 38 52
7 12 2 13
7 6 5 13
7 8 6 16
7 12 5 41
7 14 9 4
7 14 16 6
7 14 9 23
7 16 19 2
7 16 5 35
7 28 2 28
7 2 5 27
7 6 20 26
7 22 8 26
4 2 24 1
4 2 25 2
4 2 29 2
4 2 1 5
4 2 4 6
4 2 2 7
4 2 29 8
4 2 11 10
4 2 28 13
4 2 9 15
4 2 13 15
4 2 25 15
4 2 11 16
4 2 1 21
4 2 29 21
4 2 23 23
4 2 35 24
4 2 21 28
4 2 26 28
4 2 27 30
4 2 11 33
4 2 29 33
4 2 17 35
4 2 35 35
4 2 1 36
4 2 4 38
4 2 21 38
4 2 5 39
4 2 24 39
4 2 3 40
4 2 29 40
4 2 31 40
4 2 19 41
4 2 2 42
4 2 25 43
4 2 23 44
4 2 26 44
4 2 27 44
4 2 7 45
4 2 10 46
4 2 33 48
4 2 1 49
4 2 50 51
4 2 21 53
4 2 13 56
4 2 35 56
4 2 46 57
4 2 36 58
4 2 42 58
4 2 8 59
7 2 8 58
3 2 12 59
6 2 15 58
7 2 29 57
4 2 31 61
4 2 5 62
5 2 4 63
7 2 13 62
4 2 6 62
6 2 5 62
6 2 24 62
3 2 23 62
4 2 10 60
4 2 29 59
4 2 25 61
4 2 11 62
4 2 10 63
4 2 8 64
3 2 7 64
5 2 10 63
7 2 7 64
4 2 9 64
4 2 12 64
4 2 2 65
5 2 5 66
8 2 22 66
4 2 9 66
4 2 11 66
1 3 12 67
3 3 12 67
4 2 31 70
4 2 16 71
7 2 15 71
6 2 25 70
7 2 28 71
4 2 28 70
4 2 30 72
8 2 29 72
5 2 29 72
4 2 31 72
4 2 36 72
4 2 2 73
5 2 13 72
6 2 12 72
7 2 9 72
3 2 17 73
6 2 17 73
4 2 24 71
4 2 21 72
4 2 17 76
4 2 25 75
4 2 18 78
4 2 35 80
4 2 23 81
4 2 38 82
1 2 36 82
4 2 36 82
4 2 5 87
5 2 4 86
4 2 13 87
8 2 17 87
7 2 31 88
4 2 28 87
4 2 2 88
7 2 23 89
4 2 16 88
4 2 40 89
4 2 7 89
4 2 18 89
4 2 26 91
4 2 13 92
7 2 29 92
8 2 34 93
4 2 17 92
4 2 24 92
4 2 1 93
8 2 5 92
6 2 8 93
3 2 7 94
8 2 12 93
6 2 17 95
4 2 8 91
4 2 5 95
8 2 15 96
4 2 29 95
4 2 8 99
3 2 21 99
6 2 33 100
4 3 35 52
4 2 37 51
4 2 46 54
4 3 11 55
7 2 23 54
3 2 11 55
1 2 12 57
4 2 43 53
4 2 22 55
4 2 28 56
4 2 31 56
4 3 25 53
4 3 15 55
4 2 28 54
4 2 27 57
4 3 30 53
6 2 33 52
4 2 34 54
4 3 3 60
1 2 8 58
8 2 8 58
4 3 31 60
4 3 39 69
4 3 4 69
4 2 18 70
4 2 29 70
4 3 20 69
7 2 19 69
4 3 14 72
4 3 11 73
1 2 19 73
6 2 22 74
4 3 38 74
4 3 40 75
4 3 15 76
3 2 14 77
4 2 16 77
3 2 18 76
4 2 22 76
7 2 41 75
6 2 40 74
4 2 19 80
8 2 18 79
4 2 32 78
4 2 26 79
4 3 24 77
7 2 24 75
4 3 9 79
7 2 10 79
6 2 12 79
4 2 9 79
4 2 23 81
4 3 18 78
4 3 21 79
4 3 22 87
4 3 4 90
4 2 15 90
5 2 18 89
4 3 32 90
4 3 4 98
1 2 10 98
7 2 4 98
4 2 41 97
4 2 27 98
4 2 16 99
4 4 2 1
4 4 21 6
4 4 22 10
4 4 24 12
4 4 25 12
4 4 2 15
4 2 3 16
4 2 20 17
4 2 21 17
4 4 36 17
4 4 29 29
4 4 33 33
4 4 27 38
4 4 25 55
8 2 24 56
4 4 6 62
8 2 9 61
8 2 15 61
4 2 19 61
4 4 20 60
4 4 12 70
4 2 20 69
4 2 24 68
4 2 35 67
4 2 36 67
4 4 9 82
5 3 10 82
4 3 26 80
4 3 12 81
4 3 30 83
4 4 4 82
7 2 7 81
8 2 21 80
6 2 7 83
4 3 27 84
4 4 24 83
4 4 25 85
4 4 13 97
7 2 12 98
4 2 19 97
4 3 16 98
4 5 11 58
4 2 15 60
4 3 17 57
4 4 14 58
3 2 17 57
1 2 21 57
4 2 17 57
4 5 31 74
4 5 2 85
1 2 3 83
7 2 4 85
3 2 1 86
4 3 3 85
6 2 3 86
4 2 9 86
4 2 13 88
4 5 8 83
4 4 10 84
7 2 20 83
4 4 18 81
4 5 18 83
4 5 27 88
4 5 11 89
8 3 11 89
6 2 14 91
4 2 22 89
4 2 20 91
4 4 24 88
4 5 3 94
4 2 13 91
4 2 29 93
4 5 17 93
4 2 25 94
4 2 28 94
6 2 29 95
4 4 31 96
4 5 22 99
4 6 24 8
4 6 15 42
4 6 8 55
7 2 6 52
3 2 17 51
6 3 7 53
5 2 28 51
7 2 18 54
8 2 21 53
4 2 25 51
4 6 40 67
4 6 21 74
4 2 30 73
1 2 33 74
4 6 15 79
4 7 34 96
5 2 32 96
4 7 8 95
1 2 8 95
3 2 28 95
7 2 8 96
1 2 18 95
7 2 20 94
4 2 23 93
4 2 11 96
4 5 21 95
4 8 24 25
4 8 9 53
8 2 6 51
1 2 19 51
5 2 7 53
3 2 21 53
1 2 26 53
4 2 10 52
4 3 6 52
7 2 11 52
6 2 10 52
4 8 6 54
3 2 6 55
4 8 6 70
7 2 12 68
6 2 26 68
5 2 8 70
3 3 8 70
7 2 15 69
8 2 24 68
7 2 7 70
5 2 17 71
7 2 18 72
4 2 20 69
4 2 22 74
7 2 30 75
4 7 28 68
3 2 34 67
4 8 11 83
7 2 16 82
1 2 15 82
5 2 10 83
8 3 13 83
4 9 14 67
4 2 17 66
4 9 13 94
8 2 15 93
4 9 9 99
8 2 15 99
6 2 18 100
4 10 16 9
4 10 28 24
4 10 12 65
4 10 27 76
4 11 12 49
5 2 11 51
4 12 28 35
4 12 17 38
4 12 22 65
6 2 20 64
4 2 27 66
4 12 8 72
1 2 6 71
7 3 4 74
4 2 10 74
4 2 11 74
7 2 10 75
4 16 28 19
4 20 26 4
4 26 15 32
4 28 5 46
4 2 5 44
4 2 11 44
4 6 17 43
4 51 16 49
4 82 13 29
4 6 9 23
4 10 15 20
4 102 5 28
4 178 5 13
2 2 22 51
2 2 6 54
4 2 10 55
2 2 4 56
5 2 3 57
7 2 5 57
2 2 5 57
5 2 5 57
3 3 5 57
1 2 12 57
2 2 27 60
2 2 22 71
2 2 6 73
1 2 20 72
6 2 6 73
8 2 6 73
1 2 16 74
2 2 7 75
4 2 26 76
2 2 25 78
7 2 24 78
2 2 29 78
2 2 24 80
2 2 18 83
6 2 18 83
4 2 18 83
2 2 17 84
2 2 3 85
3 2 3 85
2 2 14 86
2 2 8 88
2 2 1 90
5 2 1 89
7 2 9 90
2 2 17 93
2 2 5 95
8 2 8 94
3 2 11 95
7 3 14 93
2 2 8 93
4 2 9 93
2 2 1 97
1 2 13 97
2 2 31 97
6 2 30 97
2 2 4 98
8 2 4 98
5 2 5 100
4 2 5 100
2 3 4 53
3 3 3 53
1 2 3 53
2 3 2 58
6 2 3 56
2 3 3 69
5 2 3 67
6 2 14 67
4 2 19 67
1 2 19 65
1 2 4 71
6 2 3 71
3 3 7 72
2 2 30 67
2 2 18 72
2 3 9 74
3 2 16 76
1 2 15 76
2 3 5 100
2 4 22 60
6 2 21 59
2 4 2 61
2 4 12 65
7 2 13 67
2 3 14 63
8 2 14 64
2 4 26 68
2 4 1 75
5 2 4 74
6 2 3 75
7 2 3 75
4 2 2 76
8 3 1 76
3 2 4 76
1 2 4 76
7 2 5 76
6 3 3 77
2 4 20 74
2 4 7 75
8 2 7 75
1 2 7 75
2 4 1 83
2 2 2 83
1 2 1 84
8 2 1 84
7 2 8 85
2 4 2 85
5 2 2 85
2 2 5 84
3 2 5 82
6 2 5 84
2 4 17 97
7 2 16 96
4 2 14 97
2 5 5 62
2 2 23 59
2 5 7 63
3 2 5 62
2 2 12 64
2 2 16 65
2 5 22 78
2 5 2 85
2 5 3 94
2 2 11 93
2 5 18 100
2 6 15 63
2 6 5 86
8 2 6 87
2 5 8 87
5 2 6 87
2 2 7 87
4 2 6 87
1 2 8 88
8 2 8 88
3 2 10 87
2 2 6 87
7 2 5 87
4 2 5 87
2 2 4 87
2 6 14 100
2 9 12 66
1 2 11 66
6 2 13 67
3 2 11 65
4 2 11 65
3 2 12 65
2 5 14 67
1 2 14 66
3 2 16 68
4 2 21 68
5 2 21 68
2 6 18 68
2 10 21 96
2 12 9 99
5 2 8 99
4 3 7 100
2 2 6 100
2 16 5 62
7 2 5 60
1 2 4 61
8 2 7 64
4 2 14 67
5 2 15 68
8 2 15 68
2 5 21 59
1 2 17 59
3 2 17 59
2 29 8 68
5 2 4 70
1 2 3 71
8 2 3 71
3 3 10 68
8 2 9 67
1 2 10 68
2 34 14 55
5 2 14 54
6 2 14 56
8 2 14 57
2 2 16 57
2 43 9 56
7 2 13 53
8 2 11 54
5 2 2 58
3 2 4 60
7 2 8 59
3 2 7 60
4 2 3 58
4 2 4 61
6 2 5 57
6 3 6 57
2 85 8 88
1 2 7 88
6 2 7 88
2 99 5 79
2 700 24 39
7 2 6 18
4 2 4 28
5 2 6 38
5 2 9 44
3 2 3 1
3 2 9 25
3 2 7 40
3 2 9 47
8 2 2 1
1 2 2 1
6 2 2 2
8 2 6 22
8 2 7 25
8 2 3 28
2 2 3 26
3 2 2 26
8 2 6 27
8 2 6 39
