58587
2137
5 2 86 47
6 16 90 46
7 2 60 39
3 4 54 41
3 2 58 42
2 20 62 40
5 2 22 13
7 2 26 12
7 2 20 16
2 8 4 17
5 2 22 17
4 26 26 12
2 14 28 35
5 2 98 28
2 14 100 30
5 2 82 46
1 14 84 45
2 6 76 33
1 2 76 34
7 4 52 34
4 18 76 33
4 2 66 33
2 4 62 29
6 16 70 29
8 2 58 5
4 10 52 5
4 4 58 4
8 2 56 4
3 2 52 2
7 28 58 5
6 4 48 3
4 2 50 2
5 18 50 1
6 8 50 5
3 6 52 3
8 16 50 4
5 4 38 48
4 2 40 49
4 4 18 46
5 2 40 46
3 20 42 47
1 2 36 16
6 14 38 17
3 4 26 11
7 14 50 9
4 8 22 39
7 14 84 39
4 2 20 28
8 14 20 27
4 4 76 24
4 14 86 22
7 8 20 23
4 4 50 26
7 16 50 27
4 4 10 2
5 2 10 3
4 2 10 4
6 18 10 1
2 16 58 3
8 2 64 5
4 2 56 7
1 16 64 5
8 6 34 6
2 4 20 6
5 16 58 5
8 2 6 28
8 2 8 27
4 2 8 28
1 2 8 29
1 2 2 30
2 2 8 30
6 2 8 31
6 4 10 31
7 28 10 31
4 4 52 32
2 16 52 33
2 4 70 30
4 14 80 29
1 2 90 20
8 12 92 18
8 2 68 19
1 12 70 19
3 6 68 32
1 2 64 33
2 18 70 34
2 2 58 8
3 12 58 7
6 2 56 32
5 2 58 31
4 4 54 30
4 2 52 32
7 18 56 31
3 2 56 33
5 14 56 32
8 10 56 33
8 4 50 34
1 2 56 36
7 2 46 33
6 28 58 36
1 2 58 38
5 2 56 36
4 2 62 37
7 20 62 37
8 2 46 10
3 2 50 10
2 14 50 10
5 18 46 8
1 2 42 35
1 2 44 35
3 4 44 36
4 10 44 37
8 2 36 34
7 20 44 35
6 4 54 42
1 4 34 43
8 16 56 42
2 12 70 39
2 4 40 3
4 12 58 4
7 2 34 18
2 4 12 17
3 14 32 18
2 2 26 87
3 3 15 82
3 2 36 81
1 2 39 88
5 2 35 81
6 2 32 88
6 20 39 86
8 2 14 38
2 12 18 38
6 4 4 11
5 12 16 8
4 2 4 34
7 12 6 34
5 3 4 68
6 3 11 70
5 2 19 68
3 6 31 68
1 2 6 65
4 21 27 68
7 2 41 66
6 2 54 66
6 14 63 66
8 7 66 56
8 6 71 58
6 3 44 59
3 4 46 54
1 3 62 55
1 2 63 53
8 3 24 61
1 3 36 59
1 2 67 63
2 22 68 57
7 3 40 50
1 11 58 50
4 6 8 48
6 2 42 48
4 3 34 52
4 14 42 48
6 2 54 48
1 2 50 48
6 2 56 49
6 4 20 46
8 2 50 46
5 4 38 44
4 27 56 49
4 4 56 46
6 4 56 45
7 2 58 45
4 4 58 46
2 20 58 45
6 2 32 44
2 6 4 47
2 14 34 44
5 5 8 50
2 4 12 50
4 2 12 50
7 18 12 50
5 10 8 43
7 4 82 15
8 2 84 15
1 2 80 12
4 4 58 15
7 2 72 15
5 20 80 12
5 10 56 15
2 4 62 18
6 4 62 20
4 14 70 14
1 2 66 18
3 20 66 16
8 2 64 15
2 14 70 17
1 2 72 28
8 10 74 25
4 2 70 11
1 2 66 12
8 12 70 10
3 8 72 12
2 12 72 11
7 4 68 25
6 4 68 26
4 12 68 25
5 2 68 27
1 10 68 26
8 4 58 23
4 4 54 21
3 12 58 23
5 4 50 20
1 12 54 20
5 2 50 23
4 4 40 27
6 14 50 22
4 2 58 40
5 2 54 39
2 12 58 40
8 2 64 39
6 4 46 39
5 12 60 38
1 2 56 1
7 10 58 3
3 2 50 25
7 4 38 26
7 6 22 27
7 2 52 27
5 16 52 27
6 2 48 49
8 4 50 49
3 4 50 48
1 2 32 51
1 5 46 54
5 18 50 50
2 4 46 15
6 2 42 13
4 12 44 13
1 6 42 12
7 2 38 12
8 14 42 13
6 10 58 13
2 2 44 9
8 4 42 9
1 2 42 10
4 14 44 8
3 2 40 8
7 2 42 9
7 2 36 6
6 6 32 4
6 20 42 9
5 4 16 3
5 12 38 5
5 4 44 42
5 6 56 42
6 4 44 41
4 16 52 41
7 4 54 40
4 2 52 38
6 12 54 40
7 2 62 42
8 4 62 44
4 12 64 42
8 6 50 36
2 6 28 40
5 6 38 42
8 4 26 43
8 4 28 44
3 22 50 38
7 4 28 43
6 12 28 39
7 4 52 45
2 10 52 44
5 2 46 37
1 10 48 38
1 2 46 45
7 10 46 45
2 2 40 46
7 2 38 43
1 6 42 43
8 2 42 43
2 4 40 42
6 22 42 42
1 6 18 46
5 4 6 46
1 18 34 45
1 2 14 46
6 4 8 47
3 14 14 45
2 4 18 45
5 12 18 44
7 2 44 40
1 10 44 40
2 2 42 21
4 10 44 21
7 2 54 20
8 16 54 20
4 2 50 22
5 10 50 19
4 2 44 19
6 2 48 19
1 6 40 19
2 14 42 19
6 2 50 19
1 4 42 22
8 2 50 22
3 14 50 18
8 6 46 23
4 12 46 23
6 2 52 18
5 2 44 18
4 12 50 18
5 2 50 23
5 4 48 22
1 2 46 21
8 2 46 19
5 4 42 19
7 22 52 23
6 2 46 23
6 2 48 24
3 6 46 25
2 22 48 21
2 6 12 23
7 4 44 25
1 4 44 26
8 2 42 23
3 2 38 23
6 24 44 25
8 2 38 24
8 2 42 26
7 8 44 26
8 2 44 25
3 18 44 24
7 2 44 25
8 16 44 23
1 2 34 23
5 6 12 25
5 14 36 24
7 2 32 14
5 10 36 14
1 6 36 14
3 14 34 13
1 2 40 16
8 2 42 15
5 2 38 19
7 16 42 15
1 4 30 15
7 2 32 14
4 2 26 16
7 4 28 16
2 18 32 14
1 2 40 14
2 4 44 11
5 4 42 11
4 14 44 11
1 2 36 12
3 2 48 10
1 6 50 9
8 16 50 10
6 12 40 11
5 2 42 11
4 2 40 9
7 12 44 11
4 2 40 9
2 12 42 10
3 10 42 7
5 2 26 25
2 10 26 24
1 4 26 25
3 10 30 26
6 2 30 29
4 6 34 28
4 2 34 29
2 2 30 27
8 2 32 27
1 20 34 29
7 2 26 31
6 8 28 32
4 18 28 29
5 4 28 29
5 6 4 32
2 16 30 27
6 2 30 33
8 6 34 31
8 2 36 32
3 16 36 32
7 2 24 26
8 10 26 26
6 2 40 28
5 10 40 28
2 4 20 43
4 10 22 43
5 4 18 26
8 4 16 28
5 4 16 30
4 14 18 27
7 2 16 5
2 4 22 5
4 2 20 6
3 14 20 5
3 4 18 2
3 2 24 3
1 2 20 3
7 14 24 2
5 4 16 37
6 10 16 38
8 2 24 36
5 2 26 36
3 2 18 36
8 2 26 38
1 20 26 38
3 10 30 36
1 2 36 38
4 14 36 38
7 6 14 15
3 2 20 14
7 12 20 14
5 2 14 26
3 2 16 28
2 12 16 26
2 2 12 31
5 2 12 32
6 12 12 30
6 2 14 34
7 2 8 34
4 14 12 32
4 2 14 35
7 8 16 37
4 4 14 37
6 2 16 37
7 2 18 39
5 2 16 40
5 2 12 34
8 32 18 37
5 6 10 34
1 14 8 34
7 4 14 42
2 2 16 40
3 14 16 40
8 2 28 39
6 2 30 37
7 4 34 37
3 14 32 37
4 4 8 9
5 2 34 10
4 2 34 12
5 2 34 13
1 18 36 9
8 4 8 10
1 12 10 10
1 2 26 11
8 10 26 11
1 2 12 9
3 2 8 9
7 16 12 10
2 2 12 12
8 10 12 11
5 4 28 12
4 10 28 12
6 2 6 15
7 6 4 13
4 2 4 17
8 2 4 18
4 2 6 19
3 2 6 18
6 2 4 20
1 26 6 14
4 4 18 20
8 10 20 20
4 4 20 23
3 2 22 23
4 4 6 23
5 14 20 21
1 6 32 20
8 10 32 20
7 2 14 19
2 4 12 18
1 12 14 19
4 4 16 18
7 10 16 19
7 2 8 25
6 10 8 24
3 6 6 33
8 10 4 31
5 2 22 32
1 10 22 32
2 2 22 32
6 10 22 30
4 2 22 31
7 12 22 30
1 8 14 40
4 6 14 39
8 2 12 38
5 2 8 40
2 20 12 37
8 8 8 41
3 4 56 94
3 2 79 97
4 9 82 94
4 2 50 8
6 8 50 6
1 4 44 16
1 2 46 16
7 10 46 16
5 2 40 49
1 2 38 48
3 2 38 47
8 12 40 49
5 4 38 48
7 12 36 47
4 2 32 62
7 5 36 59
2 3 18 60
3 4 32 64
8 12 36 63
5 2 30 1
7 8 30 1
2 2 28 43
5 8 30 44
8 2 30 41
6 4 32 41
3 10 32 41
3 2 26 43
7 8 30 43
2 2 26 44
6 2 24 42
8 14 26 42
6 4 26 49
3 8 32 48
4 2 22 30
4 2 20 28
3 10 22 30
8 6 18 30
6 8 28 28
7 2 18 45
8 8 18 43
2 2 16 43
1 10 18 43
7 2 16 26
1 2 12 26
6 10 14 26
2 2 16 24
3 6 18 23
1 2 20 24
4 2 20 23
2 4 4 22
4 2 20 22
7 24 20 22
8 2 28 30
3 2 24 30
2 10 26 28
5 4 16 32
7 2 14 33
4 10 16 32
8 4 14 13
1 8 16 14
5 6 14 20
8 2 14 22
6 12 16 22
5 2 14 49
8 2 16 48
5 2 12 48
4 4 14 52
2 13 14 48
8 2 10 32
1 2 8 33
3 10 10 31
4 2 10 45
2 8 10 45
1 4 8 29
2 4 6 30
5 10 6 28
6 4 4 29
5 10 12 28
3 4 8 36
2 8 16 35
1 2 8 42
6 8 8 42
2 2 12 43
4 8 12 43
3 2 8 41
3 2 10 41
6 2 10 43
7 12 10 41
4 2 6 45
3 4 8 44
8 10 8 44
1 2 4 23
5 8 4 23
3 2 4 27
1 2 2 25
4 12 4 25
3 2 4 29
7 8 6 29
5 4 4 41
3 8 4 42
8 2 85 86
5 4 85 88
3 2 71 87
5 2 85 87
2 11 85 87
8 2 63 92
6 7 73 94
7 3 62 57
6 2 70 54
2 3 24 53
4 10 81 57
2 3 58 89
5 7 91 91
8 2 59 92
2 7 61 89
3 2 80 87
8 2 79 90
7 3 82 88
3 3 81 90
3 6 36 92
5 2 77 88
8 4 64 86
4 16 82 92
8 3 55 64
8 3 52 68
6 4 45 61
4 13 67 61
8 3 24 67
5 8 67 67
7 4 63 68
3 2 79 71
8 11 79 71
6 2 75 71
5 3 13 75
5 9 82 71
2 2 46 73
6 8 48 74
6 2 66 76
4 8 74 74
3 4 51 76
3 2 73 77
3 3 54 78
5 10 72 76
2 3 73 73
7 2 73 75
1 9 73 74
5 2 60 73
1 2 69 76
1 2 75 75
4 9 75 75
5 5 55 93
8 3 62 92
8 8 64 92
3 3 54 80
1 2 52 77
8 8 55 80
4 2 53 61
4 2 75 57
2 3 76 57
8 2 78 58
3 2 67 57
5 4 62 55
7 2 76 55
3 3 59 64
6 16 77 55
1 2 73 61
4 2 78 58
3 2 72 58
2 2 75 55
8 2 64 63
1 13 79 62
7 3 46 82
1 2 49 83
7 8 52 79
5 2 35 81
4 8 46 80
2 2 40 83
7 12 60 80
8 7 44 83
3 4 9 83
2 2 55 82
7 2 62 80
3 3 62 83
8 2 60 76
1 5 31 81
2 2 62 81
4 15 62 77
3 2 37 65
7 2 51 65
2 2 15 67
1 2 43 62
3 3 42 68
7 2 28 71
2 2 50 72
4 17 52 65
5 2 49 70
8 2 46 75
7 8 49 70
7 3 30 97
8 7 46 97
4 2 85 98
3 3 51 97
5 3 86 95
5 2 83 97
3 12 87 98
3 4 49 96
3 2 31 93
5 9 73 93
3 2 65 92
3 2 18 92
6 2 62 90
5 12 64 91
6 2 17 91
8 3 18 97
7 2 22 98
4 2 22 97
6 13 22 90
5 4 18 99
7 2 26 95
4 10 25 95
2 2 45 88
6 8 46 89
5 2 35 94
8 3 31 97
7 2 29 92
1 5 36 92
4 10 36 94
2 2 29 73
4 7 39 73
2 2 54 80
3 7 58 76
7 2 40 72
4 2 34 75
1 2 43 76
3 11 43 76
3 3 36 70
7 2 40 71
3 2 17 67
8 11 40 70
3 4 25 79
1 3 22 75
3 3 33 78
2 10 32 78
6 3 16 62
6 7 21 63
7 2 14 67
2 2 25 68
5 2 21 67
1 2 16 68
4 3 12 72
8 14 22 66
4 3 9 71
8 9 11 73
2 2 10 49
7 7 12 49
6 9 10 49
2 12 41 50
7 2 39 50
1 4 18 51
1 10 39 52
2 7 22 47
2 3 50 54
8 2 55 54
7 4 66 51
3 2 61 52
1 10 73 53
7 2 66 51
8 2 64 51
2 9 68 51
3 2 18 49
7 4 18 47
7 4 3 52
7 2 7 54
4 15 20 49
5 6 18 48
6 8 18 46
7 2 20 54
1 7 21 53
4 3 8 97
6 2 45 97
2 8 47 96
1 2 1 95
6 8 8 94
6 6 46 1
2 2 44 1
1 2 42 1
8 10 44 2
1 6 39 68
6 6 24 18
4 6 24 18
3 6 18 86
7 6 16 1
1 4 26 4
5 2 26 1
2 2 22 1
4 14 24 1
6 2 12 3
4 8 14 2
2 6 14 9
7 2 24 9
6 8 24 7
2 6 6 35
7 6 24 35
4 6 6 35
3 6 4 45
7 6 4 84
8 4 54 83
5 2 54 86
8 8 61 82
2 3 51 86
6 2 50 86
3 8 52 83
1 2 40 85
7 3 35 91
1 8 43 85
5 3 34 89
2 7 75 91
4 2 71 63
8 6 77 62
2 3 68 56
1 2 65 58
6 2 64 57
4 2 57 54
2 2 42 59
7 3 7 60
7 14 67 55
5 2 40 61
7 3 17 58
5 10 53 58
5 6 36 59
8 2 12 54
5 3 20 51
8 2 19 55
4 10 20 51
4 5 14 50
4 2 62 50
3 8 61 50
4 2 53 64
7 6 54 64
6 2 45 78
2 2 53 77
5 7 53 77
8 2 55 76
6 2 52 79
2 7 55 76
6 3 52 75
6 3 41 76
6 3 32 76
5 8 51 74
1 3 53 75
7 6 60 73
2 4 44 1
4 6 44 1
7 4 43 59
1 2 41 63
1 3 54 63
4 2 47 65
8 3 38 67
2 11 53 61
3 3 7 65
5 7 54 65
2 2 59 68
1 3 28 64
5 7 62 64
5 2 40 56
6 3 40 54
4 3 17 58
1 8 41 55
4 3 12 56
2 2 37 52
4 8 40 53
5 2 62 55
3 6 62 54
3 2 53 60
8 2 53 61
6 7 53 58
7 2 38 1
8 6 38 1
7 2 36 7
1 6 38 7
4 2 40 6
7 2 38 7
3 8 40 6
3 2 32 3
1 6 32 2
3 2 32 16
2 6 32 16
3 2 30 4
6 6 30 3
3 3 27 88
8 6 51 87
3 2 26 3
1 6 26 1
4 8 26 2
7 2 28 1
5 6 28 1
2 6 26 2
7 2 22 74
7 4 32 74
1 8 32 72
4 2 20 70
1 2 14 70
2 10 21 74
6 2 54 69
8 4 56 71
1 2 49 74
1 11 56 73
3 4 46 67
1 2 56 72
4 9 61 71
8 2 59 72
3 2 58 70
1 3 60 69
3 2 54 73
6 11 60 70
7 2 48 74
4 6 48 72
1 4 22 90
1 3 59 86
6 7 59 88
4 2 18 4
6 6 18 2
2 2 18 9
5 6 20 9
3 2 20 8
7 6 20 7
4 4 32 8
2 6 34 6
7 4 28 6
3 6 28 6
5 2 30 8
8 6 30 7
1 2 26 6
5 4 4 6
4 8 26 6
6 6 24 7
6 6 4 6
3 2 24 7
5 6 24 7
3 2 18 13
7 6 18 13
1 2 17 59
3 6 18 59
1 2 16 6
2 6 16 5
2 2 16 12
6 6 16 12
8 2 16 13
3 6 16 13
7 3 16 80
2 6 37 79
6 4 53 83
8 2 53 78
1 9 54 81
4 2 26 84
7 2 60 82
2 2 26 81
3 9 69 87
2 3 23 84
5 7 52 85
3 2 18 79
5 6 40 77
7 4 43 80
1 4 43 78
3 2 57 83
6 8 57 78
6 2 51 80
3 6 52 80
3 2 26 79
3 2 26 75
5 2 28 81
4 9 33 80
3 2 6 80
3 2 20 78
7 2 10 84
5 10 25 79
2 2 14 4
1 2 14 5
8 8 14 4
4 2 14 3
1 2 14 4
5 2 10 3
1 4 10 4
3 12 12 3
5 4 4 3
2 8 6 2
8 2 14 8
8 6 18 7
7 4 14 9
4 2 10 9
4 4 10 5
6 12 12 10
7 4 14 46
1 4 2 46
1 2 8 49
3 11 10 46
5 6 8 47
8 7 6 47
6 4 14 52
7 2 34 57
7 2 26 51
4 10 34 51
7 2 12 13
3 2 12 12
5 10 12 11
8 6 10 14
3 4 6 14
2 8 8 14
5 2 12 18
8 4 16 18
2 2 12 16
3 10 14 18
2 2 14 16
6 6 14 16
3 2 16 16
5 2 14 16
1 10 16 16
8 2 12 28
3 6 14 28
1 2 12 31
7 6 12 30
1 2 10 7
3 6 12 7
6 2 10 13
1 6 10 11
4 6 10 13
8 2 9 86
2 2 6 88
3 2 5 83
6 10 17 86
1 3 24 85
7 2 25 90
7 4 7 91
7 2 16 85
8 11 24 86
6 2 43 91
4 7 43 91
1 2 58 91
3 2 52 90
1 3 49 91
2 2 40 87
1 3 56 85
7 13 57 91
5 2 37 87
3 6 38 88
8 2 21 87
4 6 21 86
2 2 8 21
8 6 8 20
7 2 10 21
5 2 10 19
4 14 12 21
1 6 8 19
8 2 8 29
2 2 2 29
3 2 2 31
3 2 4 31
1 12 6 29
6 2 6 28
6 2 4 29
2 12 8 28
7 4 8 35
8 6 14 35
5 6 8 35
7 2 10 35
1 6 10 35
2 4 6 10
5 6 6 9
5 2 6 16
4 6 6 15
7 2 4 16
6 8 4 15
6 2 6 19
2 6 6 19
1 4 6 22
2 6 6 22
5 2 6 41
2 6 6 40
5 4 6 71
2 2 11 75
4 2 2 69
1 9 11 72
3 2 29 74
8 2 19 75
2 2 29 72
8 11 29 73
6 2 26 75
7 9 27 75
2 4 3 71
4 8 35 75
1 3 7 78
6 6 13 76
8 3 30 76
5 2 34 72
1 8 34 73
5 3 39 73
7 2 36 71
2 8 38 72
7 7 37 74
2 2 47 80
2 3 46 86
7 7 48 80
5 2 56 87
6 7 58 85
7 4 33 91
2 2 55 92
8 7 56 88
8 4 11 83
4 7 47 84
3 2 51 88
5 6 52 88
4 3 51 89
5 3 35 93
6 2 28 93
1 3 57 96
3 11 55 89
2 2 6 76
2 6 7 74
1 2 12 78
1 6 16 78
3 2 4 1
1 2 6 1
8 8 6 1
7 2 4 21
8 2 2 22
7 2 2 23
3 10 4 20
1 2 4 32
4 2 4 34
6 8 6 32
6 2 4 42
4 6 4 41
2 2 4 44
4 6 6 44
4 2 4 54
4 4 7 49
8 8 7 53
5 2 36 51
1 2 24 50
3 7 46 54
4 2 54 48
5 3 51 51
1 2 45 52
6 8 56 47
7 3 54 48
8 6 57 47
8 2 2 11
3 6 4 11
7 2 2 11
4 8 4 10
8 2 2 40
6 6 4 40
7 8 2 39
8 5 54 52
1 5 47 54
1 2 54 59
8 2 61 57
2 2 59 54
2 2 49 55
6 11 62 57
1 2 39 54
2 2 46 57
5 2 46 58
6 8 46 57
8 4 4 58
3 7 48 59
8 2 18 59
2 3 17 60
7 3 3 58
3 2 18 57
5 9 18 58
6 2 30 56
5 3 4 55
7 8 30 55
5 2 37 53
7 6 51 54
5 2 28 60
2 6 30 60
3 5 44 84
1 5 18 43
5 5 18 45
3 2 3 49
2 6 25 48
5 3 39 66
4 3 10 66
5 2 38 64
5 9 49 64
1 2 14 67
6 3 4 68
7 2 14 69
8 8 15 65
8 2 39 85
5 5 39 84
8 2 42 88
1 3 3 85
2 6 42 88
8 2 40 83
5 3 30 82
6 7 40 84
3 2 38 65
6 5 40 66
6 5 46 66
5 2 37 85
1 3 40 89
7 6 41 85
5 2 33 83
1 5 36 85
1 4 33 92
4 2 28 91
6 6 32 90
5 3 22 90
4 2 15 92
6 2 33 90
8 8 43 92
8 2 13 94
1 6 15 92
1 2 21 90
2 7 29 90
4 2 40 85
3 2 33 90
1 7 39 84
5 3 10 89
7 2 26 90
4 9 27 92
8 6 28 89
8 2 23 93
2 6 24 93
2 2 27 46
6 5 28 46
4 2 24 71
8 5 35 69
7 2 24 92
6 2 21 89
7 2 17 90
1 7 23 92
6 2 22 92
5 7 23 92
4 3 37 93
1 5 40 89
1 2 21 56
2 2 19 52
8 2 17 50
8 2 15 45
7 2 20 46
8 2 9 46
4 2 20 46
6 14 20 45
3 6 21 56
8 2 37 49
1 6 37 47
6 5 22 56
6 2 48 56
3 6 49 55
7 2 48 56
5 5 48 56
5 2 42 56
3 2 51 59
7 2 35 60
1 7 51 60
6 2 45 56
6 2 28 52
3 6 44 52
8 2 44 58
2 5 44 57
4 2 36 50
5 2 37 48
6 6 37 49
7 5 49 48
3 2 30 55
2 2 3 55
7 7 42 54
4 2 29 55
8 2 30 53
4 6 40 54
8 2 28 49
4 5 31 47
3 3 30 50
1 3 46 49
5 4 19 45
2 7 46 51
5 3 41 53
2 5 42 51
5 4 36 45
6 2 20 46
3 6 36 45
1 4 21 61
6 5 23 60
7 2 31 57
3 3 32 57
2 2 24 57
8 7 30 58
7 2 18 57
8 5 17 55
2 4 17 84
2 4 10 86
7 2 18 83
7 8 32 85
3 7 17 83
3 2 22 84
3 2 21 87
7 7 23 85
4 4 15 68
3 3 21 68
5 6 23 67
6 3 3 71
6 2 22 68
6 3 12 66
1 2 20 67
2 9 22 69
6 2 27 67
1 2 27 67
4 3 28 68
2 9 28 68
8 3 23 68
5 2 15 72
2 2 14 73
3 9 25 69
1 2 6 70
4 2 19 70
5 3 7 68
1 8 21 68
6 3 18 67
5 2 18 68
7 6 20 68
2 2 11 48
5 2 6 50
7 2 10 49
1 7 10 47
5 3 11 66
7 5 18 63
6 3 13 67
8 5 25 68
8 2 10 78
6 5 30 75
3 4 24 79
5 2 30 75
7 7 30 77
5 2 29 77
4 5 30 77
4 3 8 77
6 5 7 77
8 5 49 76
2 2 5 51
5 2 9 50
3 6 9 50
8 2 12 49
5 6 22 47
2 2 10 48
7 5 20 49
8 2 29 51
8 5 34 48
6 2 14 52
2 5 29 51
6 2 10 48
3 5 10 48
3 3 5 53
3 2 30 52
7 6 30 53
5 3 26 48
4 5 32 52
5 2 11 47
2 2 5 45
6 6 33 47
5 2 12 43
3 5 12 43
1 2 5 52
2 2 5 54
3 3 1 53
7 8 4 51
7 2 14 52
6 2 1 48
4 6 23 49
4 3 5 87
4 5 8 85
4 2 14 86
8 2 22 87
2 2 13 81
4 8 22 84
5 3 3 47
7 5 9 47
3 5 28 48
3 2 13 46
2 5 14 44
4 2 2 59
4 2 10 63
3 3 11 63
1 3 9 64
7 8 10 60
1 2 6 62
4 2 37 62
8 6 38 62
2 5 9 61
5 2 5 60
8 5 24 61
1 2 24 60
6 5 25 59
6 4 58 93
2 4 36 87
2 4 29 72
7 4 22 7
8 4 22 35
5 4 22 88
1 4 35 89
5 4 20 31
7 4 14 1
6 2 14 1
3 6 14 1
4 4 12 8
6 4 12 43
7 4 10 43
1 4 9 92
7 4 20 94
6 4 8 1
8 4 10 1
8 4 8 7
6 2 8 7
2 6 8 6
4 2 8 6
7 6 8 6
7 4 8 17
5 4 8 34
4 4 8 34
6 4 6 8
7 4 6 14
5 4 4 3
8 2 2 4
7 6 2 2
5 4 4 16
5 2 12 15
2 6 12 15
2 2 4 15
7 2 2 17
8 8 4 15
4 4 2 15
3 8 2 13
4 2 8 13
5 2 2 14
5 8 8 13
7 2 10 13
7 2 8 14
4 8 10 13
1 2 2 12
6 6 2 12
4 4 4 17
1 4 4 16
1 4 8 17
7 4 4 18
6 2 2 19
3 6 4 18
5 4 4 17
6 2 2 16
8 12 4 15
5 4 4 21
7 4 2 12
8 4 2 11
2 4 2 20
1 4 4 21
3 2 4 21
7 6 4 21
2 4 2 27
3 3 2 30
1 6 2 28
5 2 4 31
8 5 12 30
8 4 2 27
2 3 36 46
6 2 38 46
7 2 38 48
8 6 38 46
7 2 36 46
6 2 30 46
4 5 35 45
1 2 36 67
3 4 46 65
5 2 34 74
1 2 21 72
3 5 34 72
3 2 13 77
7 5 34 75
6 2 31 44
7 2 19 41
1 5 34 44
8 2 26 71
2 2 34 72
6 7 35 72
8 2 34 72
2 2 30 72
3 2 21 72
7 6 32 72
5 2 30 72
8 3 20 74
1 2 14 71
7 6 28 72
8 3 29 73
2 4 30 75
1 2 29 75
7 2 21 76
4 2 27 74
5 8 28 74
8 3 29 76
6 5 29 76
1 2 25 50
1 3 29 51
5 2 28 48
1 3 10 49
2 7 27 48
2 2 30 49
5 2 16 46
3 2 24 45
3 6 34 49
2 2 4 47
1 2 11 46
3 8 13 46
3 6 31 45
8 2 15 43
2 5 30 42
3 2 25 46
1 4 26 47
5 2 21 56
4 3 17 54
6 2 20 56
6 2 17 56
3 9 19 52
7 2 23 54
7 2 24 53
4 2 18 53
3 6 24 54
2 4 19 54
2 2 20 23
5 4 20 23
6 4 18 23
3 2 18 72
6 4 21 70
4 3 16 41
8 4 28 40
3 3 16 54
8 2 16 56
3 3 12 52
6 6 15 53
5 2 15 72
5 4 21 70
2 3 19 73
6 4 19 73
7 2 11 49
4 4 11 46
1 2 8 2
1 2 4 2
6 2 2 3
4 2 4 3
5 10 6 2
3 2 8 16
8 4 8 16
6 2 7 67
3 3 6 66
4 5 6 68
2 3 12 66
6 3 7 70
7 6 13 67
5 4 13 65
2 2 12 66
1 6 12 66
3 2 5 67
7 5 5 67
7 3 38 62
1 2 33 65
6 5 39 64
7 2 19 63
8 4 26 62
1 2 28 60
4 4 28 61
7 2 6 61
6 5 27 61
3 2 18 60
8 3 12 57
4 2 13 57
6 6 18 60
8 3 17 59
3 5 17 57
8 5 31 59
5 4 30 57
5 2 27 56
3 4 28 57
6 2 21 57
6 2 28 58
1 6 28 57
1 2 20 57
4 4 27 58
4 2 12 65
7 2 3 66
2 3 13 66
3 7 13 63
7 4 15 64
7 2 28 64
2 4 28 63
4 4 29 65
6 2 6 20
2 4 6 19
6 2 6 34
8 2 5 35
7 5 7 33
1 2 14 33
7 4 15 33
3 2 8 31
2 4 14 32
4 2 6 62
2 2 1 61
1 5 7 62
5 4 18 59
1 2 22 56
6 4 23 56
4 2 19 59
3 4 19 58
1 2 4 7
5 2 2 8
3 6 4 7
3 2 4 14
5 4 4 13
8 2 4 53
1 4 12 54
3 2 3 40
3 4 22 40
4 2 22 41
6 4 25 43
3 2 16 40
5 2 24 40
6 2 23 36
7 6 24 41
1 2 9 41
5 4 8 39
8 2 17 39
6 3 2 39
2 2 15 38
2 3 14 43
5 7 16 40
5 2 24 39
4 4 25 40
6 3 11 44
3 3 5 45
1 6 11 45
1 4 33 46
7 2 12 44
2 4 17 42
1 2 3 60
2 4 13 59
4 2 2 1
2 4 2 1
3 2 2 4
1 4 2 3
4 2 2 7
4 2 2 8
5 6 2 6
7 2 2 9
3 2 2 8
4 6 2 7
4 2 2 13
6 4 2 12
4 2 2 17
1 2 6 17
3 5 6 16
2 4 4 16
6 6 4 16
1 4 2 15
8 2 3 15
5 2 2 16
4 5 4 14
1 2 4 14
3 4 4 14
2 2 2 13
5 5 2 13
2 2 2 53
6 3 2 55
5 5 10 55
1 5 6 53
8 4 15 56
8 2 5 52
5 4 6 52
3 2 1 48
4 3 5 50
6 5 10 46
5 2 3 47
1 3 12 48
4 7 11 44
5 3 32 47
6 4 32 46
5 2 1 47
3 4 11 48
7 2 1 57
3 4 13 58
1 3 16 59
7 3 16 56
4 6 16 57
6 2 11 58
7 4 15 59
5 4 12 59
1 2 15 56
2 4 18 57
3 3 43 62
7 3 38 62
8 3 32 48
7 2 30 48
5 4 29 46
1 3 26 30
4 3 26 43
5 3 18 36
8 3 23 35
8 3 18 57
7 3 16 31
4 3 20 32
8 3 15 32
4 3 11 58
2 3 10 63
4 3 29 61
1 3 9 47
2 3 27 45
7 3 8 24
6 3 9 25
4 2 23 24
2 2 20 24
3 5 22 23
2 2 2 26
1 4 18 23
6 3 26 22
5 2 21 24
3 4 26 22
6 3 18 22
1 3 6 21
2 3 20 20
8 3 20 20
8 2 7 23
6 6 21 22
4 2 12 18
5 5 19 17
3 2 12 18
6 4 12 19
1 2 13 18
7 4 13 18
7 3 5 21
8 2 15 20
4 4 15 20
5 3 5 42
7 2 6 42
7 5 21 41
7 3 4 13
1 3 3 25
3 3 11 23
2 3 6 26
4 2 23 30
3 4 22 27
8 3 9 24
8 3 2 32
8 2 39 33
7 4 38 33
5 3 18 33
4 2 10 36
8 5 17 33
2 2 17 36
3 4 20 36
6 3 2 39
8 3 1 48
8 3 20 47
2 2 15 49
5 4 22 49
4 2 25 46
5 3 24 46
3 2 24 34
2 3 31 33
4 2 18 16
1 3 22 15
7 2 17 43
4 2 6 45
2 4 17 44
8 3 5 45
8 2 7 47
3 2 15 49
2 5 18 47
4 2 1 45
7 5 7 47
1 3 18 48
6 4 18 49
6 2 7 44
5 4 7 45
2 2 8 41
7 2 8 45
8 5 9 42
1 4 14 45
4 3 14 45
6 2 14 14
7 3 14 15
8 2 14 52
6 2 5 53
1 4 14 50
1 2 10 55
3 4 15 53
3 2 5 54
2 4 14 54
8 2 14 60
1 3 14 61
4 2 14 61
2 3 38 62
3 2 27 62
2 3 27 62
5 2 37 62
8 3 37 62
1 2 20 60
8 3 21 61
6 2 19 60
2 3 20 61
3 2 17 60
7 2 15 58
4 4 16 58
8 2 11 21
5 2 7 21
2 2 10 22
1 2 3 22
4 6 9 21
2 2 9 20
3 2 7 21
2 2 4 18
1 6 8 22
2 2 7 17
8 4 7 16
2 2 8 17
5 4 9 14
2 3 8 24
8 3 6 21
2 2 11 59
6 3 11 60
3 2 16 60
7 4 17 60
6 2 10 38
4 2 7 41
5 4 12 39
3 2 9 46
7 3 12 46
6 2 9 53
3 3 9 53
4 2 7 44
5 3 8 43
4 2 6 58
7 2 6 61
2 4 6 58
8 2 6 61
4 2 4 62
6 7 6 61
3 3 6 60
3 3 3 62
8 3 3 63
5 2 7 61
8 2 1 58
1 4 8 59
5 2 6 57
2 3 10 55
8 2 7 58
2 2 1 59
3 4 8 56
8 2 5 51
1 3 5 52
4 2 4 61
8 3 4 62
2 2 3 46
6 3 12 45
1 2 15 47
4 3 16 48
6 2 2 13
7 3 10 12
8 4 10 13
6 2 1 23
4 3 8 23
8 3 9 23
4 4 10 23
7 3 8 22
5 2 7 24
2 2 7 22
1 4 7 23
5 2 10 25
7 4 10 24
2 2 11 22
5 3 11 22
6 2 9 26
8 3 14 26
5 2 12 30
7 3 14 28
5 2 9 30
8 3 10 28
4 2 12 28
5 3 19 27
7 3 19 28
5 2 1 51
4 3 9 50
5 2 41 62
2 2 35 33
3 2 32 32
1 2 31 34
3 2 28 48
5 2 26 48
5 2 25 19
4 2 24 32
2 2 27 33
7 2 21 33
7 4 26 34
2 2 25 32
7 2 23 33
6 2 24 33
1 2 29 32
5 2 29 32
2 2 21 32
4 2 15 32
4 3 18 32
1 2 20 32
8 3 20 32
3 2 14 32
1 3 14 32
7 2 21 40
5 2 20 44
8 2 19 27
4 2 19 33
4 2 18 28
1 2 18 44
8 2 18 47
4 2 17 13
2 2 17 40
6 2 17 52
1 2 17 56
1 2 16 41
2 2 16 42
5 3 15 40
1 2 16 52
1 2 15 49
4 2 14 4
7 2 14 33
5 2 18 34
8 2 14 44
2 2 12 45
3 3 12 44
2 2 14 47
1 2 13 27
3 2 13 27
6 2 13 32
6 2 17 33
4 2 15 33
1 2 17 34
7 2 15 33
8 2 17 33
2 2 13 40
8 2 12 4
8 2 12 29
6 2 4 29
6 3 11 29
6 2 7 30
7 3 7 30
2 2 16 28
5 2 16 29
7 2 12 36
4 2 12 47
7 2 12 50
7 2 11 48
7 3 15 48
4 2 13 49
6 3 13 48
3 2 15 47
3 2 11 22
6 2 11 54
5 2 11 55
8 2 11 61
5 2 10 4
7 2 10 22
8 2 10 23
3 2 10 24
2 2 10 25
2 2 10 27
5 2 10 26
3 2 9 26
4 3 8 26
1 2 8 27
8 3 7 26
1 2 10 36
7 2 10 39
8 2 14 40
8 2 12 40
2 2 10 48
5 2 10 49
6 2 9 47
1 4 9 48
3 2 3 46
5 3 9 46
7 2 10 46
5 2 10 48
5 2 7 47
8 3 10 48
8 2 10 52
6 2 10 56
4 2 10 55
8 2 10 59
2 2 10 61
3 2 10 62
7 2 9 28
1 2 9 44
3 2 9 52
8 2 7 53
5 3 8 53
2 3 6 52
3 2 8 4
5 2 8 12
1 2 8 15
2 2 14 14
2 2 8 48
3 2 5 47
3 2 7 48
8 4 7 46
2 2 6 47
4 4 6 48
8 2 8 51
7 2 8 54
5 2 8 58
6 2 7 19
7 2 12 18
5 2 9 18
2 2 7 25
1 2 7 29
4 2 13 28
1 2 13 28
6 2 13 29
5 2 12 29
6 2 7 41
8 2 7 42
8 2 8 41
4 3 9 41
1 4 9 42
3 2 9 40
2 2 7 59
2 2 8 58
8 2 6 4
5 2 6 6
1 2 6 12
5 2 6 23
8 2 6 25
8 2 6 32
2 2 6 37
5 2 5 16
7 2 7 17
1 2 5 15
3 2 7 14
7 3 7 14
8 2 10 13
7 2 10 14
5 2 5 27
3 2 5 38
8 2 5 45
4 2 14 44
7 2 10 44
1 2 5 46
6 2 5 46
4 2 5 61
4 2 4 1
2 2 4 4
3 2 4 6
2 2 4 8
8 2 4 9
6 2 4 10
4 2 4 11
3 2 4 12
5 2 4 21
8 2 4 54
8 2 8 55
7 2 8 56
1 2 8 56
6 3 8 56
7 2 5 55
3 2 5 56
2 3 5 56
1 4 5 56
4 2 5 54
3 2 5 57
6 2 4 54
8 2 4 56
6 2 3 21
2 2 4 20
6 2 3 32
3 2 10 33
5 2 5 31
5 2 8 32
8 3 8 32
2 2 3 32
4 3 5 31
5 2 12 33
3 2 6 33
7 2 7 34
4 3 12 34
1 2 5 33
2 2 11 34
1 2 3 33
2 2 3 41
6 2 5 42
2 3 5 43
7 3 4 43
4 2 2 38
6 3 3 39
8 3 5 38
5 4 5 38
7 2 6 36
4 2 6 37
4 2 3 40
4 2 3 46
1 2 3 60
6 2 13 61
1 3 13 62
8 2 11 61
5 2 11 61
6 2 8 61
7 2 3 60
7 2 2 1
8 2 2 1
6 2 2 1
4 2 2 1
1 2 2 1
7 2 2 1
6 2 2 1
1 2 2 1
7 2 2 1
3 2 2 1
5 2 2 1
8 2 2 1
1 2 2 4
3 2 3 4
5 2 6 3
5 2 2 9
6 2 2 21
6 2 6 21
4 2 7 22
1 3 7 22
3 2 3 20
2 2 3 21
7 3 2 21
4 2 3 21
7 2 10 22
1 2 10 23
2 2 6 22
8 2 6 23
6 2 2 47
5 2 4 46
1 2 1 9
3 2 3 10
4 2 1 42
