29381
2195
2 14 28 35
2 14 62 39
8 12 20 27
4 12 28 12
7 12 50 9
4 12 74 33
7 10 4 28
5 10 8 43
7 10 8 34
5 10 16 8
2 10 20 38
8 10 26 19
3 10 36 18
3 10 42 47
7 10 46 24
4 10 52 5
7 14 56 6
2 10 58 28
1 10 82 45
6 10 84 46
7 10 86 40
2 8 4 17
6 12 42 16
1 8 4 15
4 10 76 14
1 8 6 34
4 8 6 33
6 8 8 3
3 8 16 47
4 10 50 47
6 8 20 30
7 8 20 23
4 8 22 39
7 8 28 27
6 8 30 32
2 8 30 24
3 10 56 23
1 8 32 29
4 10 40 27
7 8 34 1
6 8 38 7
5 10 40 8
8 8 56 40
2 14 76 41
6 8 62 31
2 8 64 39
6 8 70 47
4 8 68 48
5 8 66 47
5 8 70 29
6 8 70 28
1 8 70 6
7 8 78 15
5 8 76 15
2 10 82 15
3 8 76 13
5 8 82 5
4 8 84 25
2 7 17 51
7 8 14 50
2 8 48 50
6 7 22 64
4 7 25 67
6 7 37 85
1 7 50 50
8 7 61 68
8 7 66 56
2 11 68 57
2 7 79 53
7 6 4 85
2 6 4 47
4 8 16 46
6 8 16 46
5 6 4 32
2 8 64 33
7 6 4 13
2 8 26 14
5 8 26 15
6 6 6 42
3 8 54 40
4 8 70 43
3 6 6 33
2 10 42 31
6 6 6 25
5 8 8 25
3 8 30 23
7 8 58 25
4 8 56 25
5 6 6 3
7 8 38 2
5 10 40 2
6 8 36 2
8 6 8 41
4 8 44 39
7 8 50 38
1 6 4 40
3 8 4 42
6 8 48 39
4 6 8 33
6 10 50 34
7 6 8 27
1 8 10 29
4 8 12 28
4 8 20 28
4 8 28 30
7 8 32 26
8 8 54 25
8 6 10 35
8 12 46 34
7 8 30 35
7 6 8 36
6 6 10 37
7 6 10 15
7 10 18 15
6 8 80 13
4 6 10 2
6 10 10 1
2 8 76 4
1 6 14 45
2 8 28 45
3 8 62 47
8 6 14 43
8 8 48 42
1 6 14 36
2 6 16 45
5 8 16 44
5 6 18 47
2 6 18 48
5 6 18 30
3 6 20 5
2 8 20 5
4 6 20 4
6 6 22 95
4 7 81 95
3 6 22 33
7 6 22 10
8 6 20 10
2 8 32 9
1 6 26 33
7 8 38 32
5 8 38 33
2 8 52 33
5 10 54 32
8 6 24 34
8 6 26 9
3 8 66 6
5 6 28 48
8 6 28 26
6 8 38 23
1 6 28 4
4 6 26 3
6 8 30 3
8 10 30 6
3 6 26 3
7 8 58 1
2 6 24 2
4 8 48 2
3 6 30 49
7 6 30 18
1 10 66 19
4 8 38 19
4 8 54 17
3 8 62 20
2 6 30 9
3 6 32 24
3 6 34 68
6 6 34 46
3 6 34 30
5 6 34 25
1 6 34 9
4 8 40 8
8 6 34 8
4 6 36 32
4 6 36 33
6 8 36 32
5 6 36 29
7 6 34 29
1 6 36 19
2 8 38 19
1 8 52 21
4 6 34 17
8 6 38 13
2 10 62 13
8 6 40 31
7 6 44 17
5 6 44 14
4 6 42 15
5 6 44 5
1 6 46 48
7 6 46 30
1 6 46 7
1 6 48 45
7 6 48 37
8 6 48 10
2 6 50 45
3 6 50 38
4 6 50 33
4 6 50 29
2 8 50 28
6 6 50 22
2 6 50 8
4 6 52 42
8 6 52 22
7 6 54 35
6 6 54 1
1 6 56 27
6 6 58 9
4 8 60 11
8 8 66 12
3 6 58 11
5 6 62 39
1 6 60 38
8 6 62 19
2 6 64 30
7 6 70 43
5 6 72 22
6 6 73 94
6 5 3 76
6 6 48 74
5 5 8 50
6 6 26 49
7 6 60 48
5 6 58 48
6 5 9 96
3 5 17 87
6 6 35 86
8 7 61 86
4 5 21 96
2 6 40 96
1 5 23 80
5 6 89 86
3 5 24 80
3 6 54 79
7 5 24 50
8 7 54 48
4 6 24 49
4 6 34 50
4 5 28 55
4 5 29 69
6 7 64 68
7 6 62 67
5 5 30 81
8 6 53 81
7 5 30 62
8 6 35 63
4 5 36 95
7 5 36 50
5 7 46 50
7 5 41 52
8 5 42 86
1 5 42 57
7 5 50 74
7 5 57 87
2 5 63 91
8 5 66 58
4 5 77 87
4 5 80 57
2 5 86 87
3 4 2 46
1 4 2 47
4 6 4 48
4 6 20 47
8 6 28 45
2 6 28 46
1 8 46 45
4 6 38 48
7 5 4 49
4 5 4 49
6 5 8 50
5 7 28 50
2 4 2 48
8 8 34 46
2 6 36 48
2 4 2 38
8 6 16 38
2 6 18 40
3 6 18 40
5 6 34 42
5 6 48 42
6 8 48 41
3 6 48 41
6 6 50 40
1 6 52 42
7 6 56 43
8 6 62 44
7 4 2 39
8 6 28 38
1 6 32 40
2 4 2 40
4 4 2 26
2 8 14 26
7 6 14 29
5 6 14 26
6 6 16 29
3 6 38 25
6 6 42 31
5 4 2 24
2 8 6 24
4 6 44 24
6 6 42 24
5 6 42 23
8 6 46 25
7 6 54 23
4 6 62 22
7 8 66 22
6 4 2 15
3 6 18 15
6 4 2 5
1 6 46 5
2 4 3 75
5 5 76 77
7 4 3 53
4 5 17 52
1 5 74 56
8 4 4 64
5 5 21 64
5 4 4 46
1 6 18 47
6 6 26 45
3 6 42 43
3 4 2 46
2 6 40 44
7 6 40 45
8 4 2 45
7 4 4 42
3 6 4 42
5 6 4 41
1 6 34 41
7 4 4 43
6 6 30 42
4 6 38 41
6 4 4 37
2 4 4 35
6 10 44 34
2 6 30 34
3 6 30 35
7 10 32 35
6 4 4 24
3 6 42 23
7 6 42 24
8 8 42 24
4 6 40 25
8 6 62 23
3 6 60 21
1 6 74 21
1 4 4 25
8 6 4 26
5 8 26 23
6 4 4 11
5 8 48 11
8 8 60 11
3 6 18 11
7 8 44 11
6 6 34 11
1 8 56 12
5 6 36 10
1 6 38 11
1 6 44 13
6 6 48 12
2 6 52 11
2 4 6 44
4 6 12 42
4 4 6 45
3 6 6 44
2 6 10 43
2 8 22 44
4 6 22 46
8 4 4 44
1 6 6 42
4 6 6 44
6 6 16 44
2 8 24 42
7 6 16 45
6 6 16 40
4 6 18 38
2 10 20 40
8 4 4 43
6 4 4 44
2 6 2 43
5 4 4 44
2 6 18 44
7 4 2 44
3 4 2 45
6 6 14 46
5 6 14 45
1 4 2 45
1 4 4 43
5 8 14 42
7 6 14 43
1 4 6 40
5 4 6 39
5 4 6 37
4 6 24 36
5 6 36 35
7 6 64 37
4 4 4 36
7 6 6 37
1 6 30 36
1 4 6 36
8 6 8 35
3 6 48 37
3 4 6 36
3 4 6 27
7 6 4 27
4 4 4 27
4 6 16 26
6 4 4 28
5 6 34 27
3 10 44 28
8 4 4 28
3 6 12 27
4 4 6 25
7 4 4 25
1 6 10 25
2 6 12 27
8 6 10 28
1 8 28 26
1 6 12 29
3 4 4 24
5 6 8 22
1 6 12 23
4 10 20 21
8 6 12 20
4 8 44 21
6 6 12 21
8 6 14 25
6 6 30 20
5 8 36 20
2 4 6 25
6 6 8 25
3 4 6 21
7 4 6 9
1 8 8 8
1 6 12 10
4 6 18 8
4 6 46 6
6 6 46 8
4 4 6 4
7 8 32 4
7 6 20 2
8 6 34 4
1 6 42 3
4 6 50 3
8 6 54 7
3 4 6 3
3 8 20 3
6 6 16 4
8 6 16 4
5 6 32 1
4 8 30 1
8 8 42 2
1 10 42 1
2 6 38 1
2 4 6 2
5 6 34 1
2 6 34 2
8 4 4 2
5 6 12 1
7 4 7 92
6 5 47 90
3 4 8 83
7 6 52 82
3 4 8 46
7 4 8 47
7 4 8 41
3 6 18 42
6 4 8 40
3 4 8 25
4 6 8 24
1 6 12 26
2 6 10 26
4 6 10 28
7 6 10 27
7 6 14 26
8 6 20 29
6 4 8 26
2 4 8 20
7 6 12 21
5 6 12 20
1 6 22 22
4 6 22 21
6 8 38 20
3 4 8 14
2 6 20 15
4 6 18 15
1 6 26 16
1 6 34 14
4 8 48 12
3 6 60 16
8 4 8 10
8 6 42 11
5 8 44 11
1 4 8 4
7 8 12 2
3 6 12 5
2 6 22 5
6 6 58 6
5 4 8 3
5 4 10 76
3 6 49 75
1 5 10 76
4 6 25 75
7 6 45 78
4 5 33 77
4 4 10 49
2 6 10 48
1 6 18 50
6 6 26 48
7 5 10 50
4 5 12 52
4 5 19 52
1 5 28 52
1 5 30 52
2 5 48 55
6 4 10 49
3 6 10 47
4 6 22 48
2 6 36 50
6 5 26 50
4 4 10 46
3 4 10 43
8 4 10 42
8 6 12 41
6 6 12 42
6 4 8 42
7 4 10 30
3 6 14 28
2 8 14 29
6 6 16 28
3 6 40 31
6 4 10 31
5 6 8 31
7 6 34 31
2 4 10 30
2 4 10 23
2 4 10 16
7 6 60 16
7 4 10 9
8 4 10 7
6 4 8 7
5 4 10 4
8 4 10 4
6 4 10 5
4 6 10 3
8 4 12 48
7 4 12 47
4 4 12 43
2 4 12 44
3 4 12 36
3 6 40 37
6 6 40 39
6 6 40 36
5 4 12 34
5 4 12 23
1 4 12 20
2 4 12 17
8 8 36 18
4 6 18 16
3 6 22 16
7 6 20 16
1 6 24 19
2 6 32 15
3 4 12 8
4 4 14 32
3 6 32 32
4 8 34 30
2 6 32 33
6 4 14 16
2 6 16 15
5 6 16 15
3 6 30 17
3 4 12 16
1 8 12 15
5 12 28 15
8 6 24 15
4 6 34 13
8 4 12 15
7 4 14 14
8 6 14 12
5 4 14 8
7 4 14 7
2 6 40 6
3 6 38 6
3 4 14 4
7 4 14 1
6 4 14 1
3 4 12 1
1 4 15 78
3 5 26 77
6 4 16 45
7 4 16 40
5 6 16 40
5 4 16 33
1 6 24 34
6 4 16 33
8 4 16 34
7 4 14 33
3 4 14 33
1 4 16 31
3 4 14 30
4 4 14 30
7 6 12 30
2 6 16 28
8 4 14 31
4 4 14 31
1 4 14 31
4 4 12 31
7 4 10 31
1 4 16 28
8 6 16 27
7 4 16 18
2 4 16 17
6 8 22 16
7 6 36 19
3 4 16 18
4 6 38 17
1 6 38 18
5 4 16 13
1 4 16 12
8 4 18 97
8 6 60 97
8 6 69 97
3 6 88 98
5 4 18 100
3 4 18 78
3 4 18 50
1 4 18 49
3 6 18 48
2 6 18 50
2 4 18 16
1 4 18 16
4 4 18 13
3 6 18 13
7 12 18 11
2 4 14 14
6 4 16 12
6 4 18 8
4 6 18 6
5 6 42 8
6 4 18 3
3 4 20 36
4 4 18 35
4 8 30 36
7 4 20 22
2 4 20 20
8 4 20 20
3 4 21 89
6 5 68 90
2 4 22 23
1 4 22 16
7 4 20 16
4 4 22 9
3 4 22 7
3 4 22 3
8 4 22 1
3 4 24 39
1 4 24 38
2 4 24 38
8 4 24 37
7 4 24 14
3 4 24 6
1 4 25 96
5 4 26 22
4 4 27 72
3 5 44 72
8 5 43 72
6 8 61 72
5 5 49 74
5 5 58 72
8 5 58 69
5 5 79 73
6 4 27 62
3 5 64 65
4 4 28 38
2 4 28 19
3 6 38 18
5 4 26 19
3 4 28 20
4 4 28 17
5 4 28 17
2 4 28 10
6 4 30 77
5 5 77 77
8 4 30 20
5 4 30 19
8 4 30 19
2 4 30 18
6 6 28 18
8 6 30 18
4 8 28 17
7 4 28 19
8 4 30 1
1 4 31 83
7 5 61 81
3 6 82 81
8 5 66 83
7 4 32 79
8 4 32 10
1 4 32 10
8 4 32 8
3 4 32 7
7 6 44 7
4 4 32 8
2 4 33 66
3 5 35 66
8 4 34 68
8 4 34 39
5 4 32 39
2 4 34 21
7 4 35 58
7 5 74 59
6 4 35 51
3 4 36 93
3 4 38 12
5 4 39 58
6 5 80 56
5 4 40 53
1 5 74 55
6 4 40 6
6 4 41 62
8 4 42 100
7 4 42 83
4 5 42 83
3 5 86 85
1 4 42 53
6 5 47 55
7 4 42 32
6 4 43 90
6 4 44 62
2 4 46 96
1 4 47 74
4 5 61 78
4 4 47 67
4 5 54 66
6 5 72 63
2 4 48 73
6 4 49 97
3 4 52 85
8 5 75 82
8 4 56 91
1 4 57 99
7 4 58 52
5 4 59 92
6 4 59 65
5 4 60 79
4 4 61 82
7 4 61 70
3 4 62 80
7 4 63 88
6 4 68 79
8 4 70 72
5 4 71 93
3 4 72 79
6 4 72 54
6 4 77 72
4 4 78 71
3 4 79 54
6 4 81 81
8 4 82 92
1 4 87 60
3 3 1 59
8 4 7 58
7 4 51 61
4 4 80 59
8 3 2 69
8 4 22 70
2 5 25 72
4 5 72 74
3 4 35 71
7 5 39 71
5 4 45 70
2 4 49 72
5 4 56 70
1 4 71 76
6 4 71 73
8 4 83 69
5 4 83 69
7 4 82 69
5 3 2 69
1 4 7 68
7 4 16 70
4 5 46 67
2 4 15 68
8 4 22 66
1 4 62 71
3 4 65 68
3 3 2 50
8 4 69 51
1 3 3 91
2 4 10 92
2 5 81 90
4 4 8 91
7 4 32 91
5 4 56 91
4 4 66 87
3 4 71 88
7 4 77 91
8 4 76 92
6 3 2 92
8 5 38 91
3 4 53 93
3 4 75 93
5 3 3 75
4 4 12 73
8 7 12 72
1 5 29 77
1 4 13 69
8 4 14 71
4 4 26 76
4 5 64 76
6 4 29 68
6 4 38 77
7 4 41 67
1 4 50 76
7 4 48 75
7 4 52 66
4 5 61 64
5 6 67 66
8 5 81 65
2 4 69 78
3 3 3 69
6 4 7 70
5 4 14 68
8 4 61 68
2 3 3 68
7 5 59 69
5 4 37 66
1 4 55 70
7 3 3 64
8 4 15 61
1 5 68 63
8 4 19 65
2 4 21 65
3 4 23 60
6 4 31 65
8 4 47 65
5 3 3 61
8 4 19 61
3 4 25 59
7 3 4 90
4 4 4 88
6 6 46 90
2 5 33 85
1 6 38 89
8 4 10 88
6 4 17 87
3 4 30 86
1 4 32 91
7 4 51 93
5 4 51 86
2 4 52 94
8 5 52 96
1 4 51 93
7 4 58 86
5 4 70 89
2 4 68 88
4 6 66 87
7 3 4 57
7 4 67 55
5 3 4 54
1 4 17 51
5 5 18 52
4 3 5 93
5 6 70 92
3 5 59 93
4 4 44 91
5 4 75 89
5 3 5 79
2 8 5 78
1 4 18 76
2 5 25 77
5 4 20 80
3 5 42 77
8 4 28 79
7 4 60 80
6 3 5 74
3 3 5 58
4 4 7 56
2 5 31 56
7 4 7 55
4 4 32 56
6 4 40 60
3 5 46 57
1 3 6 91
6 7 9 91
3 3 6 58
8 4 6 56
1 4 30 58
8 4 33 55
7 4 44 58
7 4 58 59
2 4 65 53
2 3 6 50
8 5 6 49
3 4 6 50
5 4 6 48
5 4 8 48
1 3 7 83
4 5 8 83
6 4 55 84
2 3 7 79
1 3 7 79
2 4 19 77
8 3 7 78
4 3 7 78
4 5 41 79
5 4 23 77
5 4 37 78
2 4 46 76
1 4 52 79
7 4 60 78
8 4 71 82
2 3 7 78
6 4 24 79
1 4 24 79
6 4 27 81
2 4 36 81
4 3 8 98
1 6 16 98
1 4 11 99
3 5 43 98
4 5 52 98
8 4 38 98
5 5 48 96
3 4 58 97
6 3 8 99
7 5 19 98
5 4 19 97
5 5 30 95
4 4 22 99
8 4 59 96
6 4 68 99
1 3 9 91
3 5 22 89
2 4 45 90
3 3 9 82
4 3 9 72
5 3 9 64
1 4 11 65
5 4 45 65
7 3 9 65
3 3 9 56
5 6 39 56
4 4 36 55
3 4 51 58
6 4 50 61
5 4 49 59
2 3 9 54
1 4 9 53
1 4 16 54
4 4 40 56
5 4 50 56
4 3 8 55
8 5 39 55
2 3 10 100
6 4 14 97
5 3 10 95
3 4 14 95
4 5 47 94
8 4 35 95
3 4 51 95
2 4 63 95
3 3 10 89
5 4 37 90
3 5 37 90
2 3 10 67
4 5 48 67
7 3 10 68
2 4 53 66
8 3 11 99
5 4 62 98
8 5 62 99
4 3 10 98
6 4 29 98
6 3 11 98
6 4 22 95
6 4 30 96
8 3 12 79
1 3 12 70
3 3 12 61
7 4 27 58
2 5 56 60
4 4 30 58
7 4 34 61
3 4 46 61
4 4 55 61
8 3 13 69
8 4 59 69
2 3 13 54
4 4 28 53
7 3 14 81
6 4 12 81
3 3 15 93
3 4 32 93
8 4 41 91
3 3 15 79
2 3 15 60
7 3 15 59
4 4 17 60
2 5 34 57
1 4 23 58
5 4 30 60
1 5 46 59
5 4 39 59
8 4 51 57
6 3 15 58
7 3 16 99
1 4 25 98
7 3 16 85
6 4 16 84
7 4 27 83
1 6 33 85
1 5 58 86
5 4 44 83
6 3 16 76
3 5 32 75
3 5 44 75
2 3 16 69
4 6 56 68
6 4 32 67
1 5 54 67
7 3 17 55
7 5 55 53
1 4 25 55
1 3 18 98
8 4 18 98
1 3 18 72
1 4 26 70
8 3 19 78
5 4 36 79
7 5 46 81
8 4 48 86
1 4 49 80
8 3 20 61
7 4 53 62
8 3 20 55
2 3 21 81
4 4 49 80
5 3 21 82
7 3 21 75
3 5 22 75
7 4 23 74
1 4 41 76
8 4 40 77
8 3 21 70
2 3 22 95
7 4 55 92
4 3 24 84
6 3 24 73
2 3 24 71
6 4 51 71
2 3 24 61
7 4 25 61
6 4 55 62
5 3 25 90
7 4 29 88
2 4 29 90
4 4 38 90
3 3 25 75
4 4 38 74
8 4 45 76
1 4 46 75
3 4 57 72
8 5 58 73
5 3 25 64
3 4 33 64
2 4 35 67
5 5 48 67
4 3 24 61
2 3 25 54
3 4 47 53
3 4 53 55
5 3 26 75
5 3 27 90
3 3 27 64
4 3 28 74
8 3 28 63
1 3 28 64
4 4 30 62
2 3 29 57
7 3 30 95
4 3 29 95
3 3 31 89
7 3 33 91
5 4 33 91
1 3 34 96
6 3 34 91
1 3 34 65
7 3 35 88
1 3 35 74
1 4 41 71
5 5 42 73
4 3 35 53
1 3 36 91
8 4 44 93
2 3 36 90
7 4 39 92
2 3 36 80
3 3 35 80
8 5 36 79
4 3 36 81
4 3 36 74
2 3 37 97
1 3 37 88
6 3 37 82
2 3 38 92
8 3 38 90
5 3 39 93
6 3 39 89
3 3 38 89
4 3 40 83
6 4 44 80
1 3 41 52
4 4 45 53
3 3 41 53
6 3 42 80
8 3 42 67
8 3 44 64
6 3 44 60
6 3 44 55
7 3 45 99
5 3 45 95
6 3 45 76
7 3 45 54
3 3 48 87
2 3 49 70
3 3 48 71
1 3 48 70
5 3 47 70
8 3 50 52
3 3 50 51
3 3 51 93
2 3 51 71
3 3 53 96
7 3 53 93
2 3 63 88
1 2 1 96
4 3 20 97
7 3 26 96
1 3 42 97
7 2 1 94
8 2 1 95
2 3 6 95
4 3 19 95
3 4 25 94
5 3 21 95
5 3 27 96
4 5 47 93
3 4 27 96
1 3 26 95
1 4 33 93
6 3 32 93
6 3 40 97
5 4 40 96
2 2 1 96
7 3 6 97
7 3 10 99
7 4 15 98
1 3 20 95
2 5 20 96
1 3 29 93
4 3 29 93
8 3 29 93
7 3 33 95
1 5 34 96
2 4 32 96
6 3 40 93
3 3 44 99
4 2 1 93
5 3 15 92
8 3 19 92
4 3 23 93
6 3 23 93
7 3 23 91
1 3 23 91
3 3 23 90
1 3 33 92
3 2 1 85
7 3 8 85
1 4 36 84
8 4 66 85
6 3 7 83
2 4 56 84
3 3 14 85
4 3 13 85
8 3 24 86
4 3 29 87
5 3 29 88
8 3 33 83
7 3 35 81
7 3 40 90
8 2 1 86
8 3 10 87
4 3 16 89
8 3 18 88
4 3 21 90
5 3 20 91
6 3 29 87
5 3 29 87
2 2 1 83
5 3 27 82
1 3 34 82
2 3 34 83
5 2 1 84
4 3 31 83
8 3 36 82
1 3 47 82
4 2 1 82
3 3 31 82
6 2 1 54
2 4 8 54
2 3 4 55
8 5 13 53
5 3 4 56
6 3 4 56
3 4 23 57
5 4 41 56
8 3 8 52
6 4 24 52
6 4 43 52
3 3 13 53
5 3 22 53
1 3 24 54
8 3 25 57
5 3 26 51
8 3 29 58
5 3 29 54
2 3 30 57
1 4 31 56
7 3 29 58
4 3 29 59
3 4 46 59
5 5 57 60
1 4 58 63
5 3 31 57
8 3 31 54
2 3 32 57
6 3 32 51
2 3 35 57
1 3 42 60
5 3 43 52
2 2 2 90
2 3 5 89
3 3 5 88
7 3 6 89
6 4 38 86
1 3 9 90
2 4 8 90
1 3 43 86
3 3 56 84
3 2 2 90
5 3 22 90
6 3 40 89
7 2 2 77
5 4 11 76
6 3 16 79
4 3 15 78
2 3 21 78
2 3 24 77
6 3 31 76
1 3 33 76
8 3 40 76
4 2 2 76
4 2 2 73
5 3 8 74
6 3 10 75
4 3 10 72
7 3 18 71
4 3 23 70
5 3 30 76
4 3 41 68
7 4 41 68
3 3 39 69
1 3 46 73
4 2 2 65
6 3 2 63
3 4 2 64
1 3 2 65
4 4 16 66
1 3 4 63
6 4 11 63
4 4 33 62
7 3 3 61
2 3 9 63
1 3 17 67
3 3 17 64
2 3 27 66
7 3 30 61
6 3 31 66
4 3 31 66
2 3 33 65
3 3 33 65
6 3 36 62
3 3 39 66
4 4 41 64
6 4 42 65
4 3 39 67
2 3 39 66
7 3 44 61
6 4 46 60
2 2 2 63
2 3 33 64
2 2 2 61
5 3 35 60
3 3 42 61
3 2 2 55
1 2 2 54
5 2 2 52
4 3 31 51
7 3 31 52
2 2 2 51
7 3 2 50
8 2 1 51
2 4 22 52
7 3 16 52
3 3 23 51
8 5 23 51
1 3 25 51
5 2 1 51
2 3 29 51
4 3 29 53
1 2 2 50
6 2 2 50
3 4 4 49
7 4 4 48
8 6 4 47
1 4 4 48
1 2 2 50
4 3 4 49
5 2 2 49
1 4 4 48
6 2 2 49
5 3 4 48
7 2 2 48
4 3 2 48
7 3 3 48
5 3 3 50
6 3 7 50
8 3 8 47
4 3 7 48
6 2 2 47
7 4 4 46
6 4 6 47
3 3 2 47
2 5 2 46
1 4 4 45
4 6 4 44
8 6 4 43
5 2 2 46
7 3 8 45
6 2 2 45
8 4 4 44
4 4 4 43
1 4 4 43
2 4 4 43
6 4 2 42
7 2 2 45
5 3 6 44
5 2 2 44
6 4 4 44
3 2 2 44
7 4 2 43
5 3 4 42
3 3 10 43
3 2 2 42
8 3 2 41
4 4 8 40
2 4 8 39
2 4 26 38
2 4 30 38
7 3 6 41
3 4 6 41
3 3 8 41
1 2 1 42
5 3 9 42
5 4 18 41
8 3 10 41
7 4 10 41
4 2 2 43
1 3 12 43
3 3 12 45
2 3 12 43
7 2 2 41
4 3 4 41
8 3 3 42
5 3 4 41
6 2 2 41
2 3 2 41
3 3 3 42
6 2 2 41
4 4 8 40
1 5 8 40
5 2 2 40
8 2 2 40
3 4 8 39
8 4 18 38
5 4 18 37
7 4 18 37
8 4 20 36
1 3 2 39
7 5 6 39
8 6 6 38
6 4 10 37
7 4 10 38
2 4 10 37
8 4 10 36
1 4 20 36
6 3 8 39
3 4 8 39
5 3 6 39
6 3 9 41
7 3 9 41
3 3 14 41
1 3 14 42
4 2 2 40
4 4 4 39
2 2 2 39
7 2 2 39
8 3 2 39
4 2 2 38
4 4 10 37
1 4 10 38
3 2 2 38
6 3 2 38
4 4 4 37
5 2 2 38
1 3 2 37
5 4 6 36
1 4 6 36
7 4 4 36
2 5 4 37
1 4 18 35
8 3 2 37
7 3 2 37
1 3 4 36
5 4 4 36
3 3 4 37
6 3 4 38
3 3 3 39
6 3 4 36
2 4 4 35
2 3 12 38
8 2 2 40
3 3 23 41
6 3 23 41
5 3 23 41
6 3 28 43
1 2 1 40
8 4 22 40
2 3 12 40
7 4 16 41
4 3 21 42
1 3 44 44
8 2 2 41
4 3 3 42
2 3 3 43
6 4 10 39
6 3 8 42
4 4 11 44
4 3 11 38
5 3 11 39
7 3 35 41
2 3 34 41
5 2 1 41
7 2 1 40
7 3 2 40
8 3 7 39
1 2 2 42
2 3 17 43
3 2 2 36
4 4 4 35
7 4 4 34
4 4 6 34
3 4 6 35
2 4 4 35
8 4 6 34
5 4 6 34
6 4 6 34
8 4 4 33
2 4 20 32
3 4 20 32
6 4 20 32
5 2 2 36
1 3 2 35
7 3 2 35
4 2 2 35
3 3 2 34
1 2 2 34
7 2 2 33
6 4 12 32
8 4 18 32
2 2 2 33
3 2 2 33
1 2 2 33
4 2 2 33
7 2 2 33
4 2 2 33
1 2 2 33
7 2 2 33
8 2 2 32
8 4 4 31
3 4 4 31
6 3 2 32
3 4 8 32
2 2 2 32
5 4 2 31
1 4 2 30
8 2 2 32
1 3 4 32
5 4 4 32
6 3 4 32
1 2 2 32
2 4 2 31
7 4 2 30
6 5 2 30
2 5 4 30
5 4 4 29
8 2 2 30
6 2 2 30
8 2 2 30
2 4 2 29
5 2 2 30
8 2 2 30
3 3 2 29
4 2 2 30
7 2 2 30
1 2 2 29
5 4 6 28
2 4 14 27
4 2 2 29
1 2 2 29
5 2 2 28
5 4 12 27
6 3 2 28
3 4 2 27
5 4 2 26
2 3 2 28
6 2 2 28
7 2 2 28
2 2 2 28
4 3 2 27
8 5 4 26
1 4 2 26
5 3 2 26
6 4 2 25
5 2 2 25
2 4 4 24
7 2 2 25
4 2 2 24
6 2 2 24
6 4 14 23
3 6 14 23
4 4 12 23
8 4 18 22
4 4 24 21
7 4 24 21
1 4 24 20
8 6 24 20
4 4 22 19
7 6 22 19
2 4 24 21
5 2 2 24
8 4 10 23
2 4 10 24
3 4 8 23
7 4 10 23
7 2 2 24
1 4 6 23
6 4 10 22
2 4 10 23
5 4 22 21
4 4 22 20
2 2 2 24
8 5 2 23
4 2 2 23
6 2 2 23
3 3 2 22
5 4 16 21
3 4 16 22
8 3 8 22
7 5 10 21
5 4 8 22
7 2 2 22
4 5 2 21
1 4 2 21
1 3 10 22
3 3 10 24
7 3 10 21
1 4 10 21
8 2 2 21
1 3 2 21
2 2 2 21
8 2 2 21
7 3 2 20
6 4 2 20
5 4 16 19
1 2 2 20
4 4 6 19
1 6 6 18
3 4 6 18
4 4 6 19
1 4 6 18
5 4 6 18
2 4 6 19
6 3 6 20
2 3 6 20
6 3 6 20
6 2 2 20
5 2 2 20
8 2 2 19
8 3 14 18
5 2 2 18
8 2 2 18
3 3 8 18
6 2 2 18
7 3 2 18
4 3 3 19
5 2 2 18
4 4 3 18
1 3 2 17
4 4 6 16
8 3 2 17
6 2 2 17
8 2 2 17
4 3 2 17
5 3 4 18
6 2 2 17
7 4 6 16
1 4 8 16
4 2 2 17
6 2 2 17
7 4 4 17
2 3 2 17
4 2 2 17
7 2 2 16
3 4 4 15
5 4 4 16
3 2 2 16
1 3 2 15
4 3 4 15
7 3 4 15
8 3 19 16
6 2 2 15
8 2 2 15
7 4 14 14
3 3 2 14
4 5 10 13
1 5 11 16
2 4 6 13
5 4 6 13
7 4 6 13
2 2 2 14
1 5 2 13
4 4 4 12
8 4 4 12
5 4 16 11
4 4 16 11
1 6 24 10
8 4 16 10
1 4 16 11
3 4 22 10
2 2 2 14
6 3 2 13
4 5 4 12
3 6 4 13
5 4 12 11
8 4 12 11
4 4 10 10
6 6 10 10
7 5 12 11
4 5 12 11
2 4 10 10
3 4 8 10
5 4 8 11
7 4 6 11
2 4 6 12
1 5 4 12
5 4 6 12
3 4 6 13
5 2 2 13
6 4 2 12
4 2 1 13
5 4 16 14
8 3 2 14
7 2 2 14
8 3 3 13
1 2 2 12
2 2 2 12
4 2 2 12
8 4 2 11
4 2 2 12
3 2 2 11
5 3 2 10
4 4 4 9
2 4 4 10
3 4 4 9
1 4 2 8
7 4 4 8
5 4 16 7
3 6 16 6
7 4 20 6
8 2 2 10
5 2 2 9
2 4 4 8
6 4 4 8
2 4 18 8
3 2 2 9
7 2 2 9
7 4 16 8
6 3 2 9
4 4 4 8
7 4 4 9
2 4 6 7
1 4 16 6
6 4 18 6
5 6 18 6
5 4 24 6
4 4 24 6
1 3 2 9
6 4 6 8
3 4 8 7
7 4 10 6
6 2 2 9
5 2 2 9
2 4 6 8
8 2 2 8
3 2 2 8
4 5 2 7
5 4 2 6
5 4 6 5
8 4 10 4
6 4 12 3
2 2 1 8
1 4 3 8
6 5 2 6
8 2 2 7
2 4 4 6
3 5 6 6
8 4 6 7
4 5 4 6
1 4 4 5
7 4 4 5
8 4 6 4
2 4 6 4
5 4 10 3
5 4 12 3
7 2 2 7
3 3 2 6
2 3 2 6
5 2 2 7
1 3 2 6
6 3 2 5
5 2 2 5
8 2 2 4
4 5 6 3
1 3 2 4
7 4 4 3
3 3 2 4
6 4 2 3
2 3 4 3
3 3 4 3
6 3 4 3
7 3 5 4
1 3 5 5
7 3 6 5
2 3 6 6
4 3 40 6
8 2 2 4
1 2 2 3
7 2 2 2
4 5 2 1
1 4 6 1
8 6 6 1
7 2 2 2
4 4 6 1
1 5 6 2
4 4 4 2
2 4 6 1
7 2 2 2
5 2 2 2
4 2 2 2
3 3 2 1
7 2 2 1
3 2 2 1
7 2 2 1
5 2 2 1
7 2 2 1
5 2 2 1
6 3 2 1
7 2 2 1
8 3 2 1
4 3 2 1
2 2 2 1
8 3 10 1
4 2 2 1
3 2 2 1
4 3 6 1
2 2 2 1
7 3 2 1
5 2 2 1
1 3 2 1
6 3 23 1
2 3 31 3
8 2 1 2
1 3 15 3
6 2 1 3
6 2 3 40
3 4 12 39
8 3 14 41
8 3 22 37
7 2 3 30
2 4 14 29
7 3 15 31
1 3 20 28
2 5 32 26
7 3 45 27
3 2 3 26
2 3 23 26
4 3 35 26
8 2 3 24
6 3 23 25
7 3 23 25
6 3 32 26
8 3 32 27
8 2 3 19
3 3 14 18
8 3 25 19
2 4 27 18
7 3 26 17
5 2 3 19
6 3 2 19
5 3 25 19
3 2 1 19
4 3 24 20
8 2 1 18
2 3 24 16
5 3 25 15
8 3 41 13
5 3 41 15
1 2 2 20
2 3 17 20
6 2 2 21
7 3 27 20
5 3 39 23
1 2 2 18
6 3 24 17
6 2 1 18
3 3 3 17
1 3 15 19
4 3 34 17
7 3 39 16
7 2 1 18
7 3 13 17
4 3 14 18
7 3 17 18
2 3 27 16
2 3 38 15
7 2 3 21
8 3 10 21
5 2 3 9
3 3 7 10
4 3 9 11
3 4 21 11
5 3 19 12
7 4 28 11
8 3 28 10
2 4 27 11
4 3 30 9
6 2 4 40
7 3 18 40
1 3 25 39
7 3 29 40
2 3 29 41
4 3 30 40
5 3 35 41
2 2 4 22
4 3 30 23
5 2 4 22
4 3 10 22
7 3 14 23
6 3 19 20
1 3 19 22
1 3 23 22
5 2 4 20
3 3 12 19
5 3 13 20
1 2 4 12
7 3 10 11
3 3 10 13
1 3 19 11
4 2 4 13
1 3 4 13
8 3 6 15
7 4 7 15
2 3 19 11
8 3 19 13
1 4 20 15
3 3 20 12
4 2 4 15
2 3 21 13
1 3 37 12
3 2 4 13
6 3 9 13
3 4 26 14
3 3 11 14
1 3 17 13
4 3 22 11
8 2 4 12
4 3 4 11
7 3 3 11
2 2 4 11
6 3 13 10
2 3 20 10
6 3 34 9
5 3 33 9
5 2 4 12
1 3 4 12
7 3 23 13
8 2 4 11
4 3 4 12
1 3 16 10
3 2 4 11
5 2 3 11
2 3 10 10
3 2 4 8
6 3 18 8
6 2 5 34
3 3 16 35
7 3 21 36
7 3 23 33
7 2 5 32
5 2 5 30
5 4 37 30
3 3 46 28
8 2 5 31
1 3 14 30
6 2 5 27
1 3 4 27
3 3 5 26
3 3 20 26
4 3 25 27
8 2 3 27
2 3 6 26
1 2 2 27
6 3 5 25
7 4 27 25
5 3 6 26
3 3 16 28
4 3 18 29
3 3 27 26
4 3 26 27
3 3 33 28
3 2 3 27
7 3 28 25
6 4 28 25
2 3 32 24
4 2 4 28
1 3 15 26
2 2 4 27
7 3 23 26
8 2 4 26
4 2 5 29
1 2 5 30
1 3 15 30
2 3 17 30
1 2 5 17
3 2 5 18
2 3 5 17
3 2 6 36
3 3 25 36
7 2 6 35
4 3 13 34
4 3 19 36
7 4 28 37
5 3 18 36
5 3 24 33
5 3 27 37
2 3 26 38
5 2 6 30
7 3 18 28
2 2 6 30
6 2 6 6
7 3 11 5
4 2 6 6
3 2 6 6
8 4 32 6
3 3 11 6
8 3 14 5
7 2 6 4
1 3 25 4
4 3 27 6
2 3 31 5
4 3 31 6
1 2 6 5
5 3 8 4
3 3 23 3
2 3 25 3
3 2 6 5
5 3 18 4
5 2 6 6
7 3 19 7
1 3 19 8
8 2 6 5
1 3 15 3
3 3 18 1
4 2 6 6
2 4 6 5
4 2 7 37
6 2 7 37
4 2 7 30
8 3 20 29
1 3 23 28
7 2 7 24
5 2 7 24
1 2 7 18
8 2 7 19
7 2 7 8
8 3 7 7
8 4 16 6
7 3 16 4
5 4 16 5
3 3 15 4
7 3 22 8
4 2 7 4
8 3 12 3
6 3 18 1
2 3 18 1
8 2 8 15
1 2 8 7
1 3 16 6
3 3 17 4
7 3 30 2
5 3 30 4
7 2 9 38
6 3 12 36
5 2 9 29
1 2 9 26
2 2 9 22
8 2 9 22
1 3 10 21
6 2 8 22
2 2 9 17
4 3 21 15
7 2 8 17
7 3 18 16
8 3 19 14
8 2 8 17
8 3 13 17
5 2 9 17
8 2 9 18
4 2 9 16
6 3 10 15
2 3 10 15
6 3 16 13
3 2 9 9
1 3 10 10
5 3 12 8
3 3 21 8
1 3 22 10
5 3 24 7
5 2 9 10
3 3 11 9
3 3 22 8
1 3 23 8
7 3 22 7
1 2 9 7
5 3 8 6
8 2 8 7
4 2 8 7
3 3 14 7
6 2 7 7
8 3 18 7
5 2 6 7
4 2 9 4
8 3 15 3
7 3 17 5
6 2 8 4
6 3 21 3
3 3 20 4
7 2 7 4
2 2 10 34
4 2 10 15
3 2 10 15
1 2 10 16
4 2 11 40
6 3 22 39
5 2 11 38
2 3 12 39
3 3 21 39
5 2 10 39
7 2 11 39
1 2 11 40
5 2 11 40
8 3 18 41
5 3 18 40
1 3 26 41
7 2 11 8
6 3 11 7
2 2 11 9
2 2 11 5
1 2 12 40
5 2 12 39
4 3 13 39
7 2 12 27
6 2 12 28
7 2 12 22
4 4 19 21
5 3 24 22
6 3 24 23
6 2 11 21
1 3 11 21
8 2 11 21
7 2 12 20
8 2 12 12
4 2 12 9
2 2 13 39
8 2 13 23
3 2 13 23
1 3 22 23
2 2 13 2
6 3 13 1
3 3 13 1
8 2 12 2
1 2 12 3
4 2 12 3
6 3 13 3
7 2 12 1
7 2 14 35
2 2 14 27
4 2 14 8
2 2 15 41
2 3 25 42
4 2 14 40
6 2 14 40
5 2 13 39
8 3 13 38
7 3 14 37
7 2 13 40
2 2 13 38
3 2 13 38
7 2 15 31
4 3 15 31
6 3 21 32
1 3 20 32
2 2 15 27
3 2 15 28
8 2 15 26
5 2 15 23
8 3 22 23
2 2 14 22
1 2 14 22
4 2 15 22
5 2 15 19
3 2 15 13
3 2 16 41
5 3 17 41
6 2 16 41
6 2 16 27
5 4 17 25
6 3 20 23
8 2 16 26
4 2 16 13
5 2 17 31
6 2 17 28
4 3 25 28
1 2 17 25
2 2 17 20
3 2 17 12
4 2 17 13
6 2 17 13
3 2 16 13
1 2 17 2
3 2 17 2
2 2 17 3
7 2 17 2
4 2 18 35
5 2 19 25
4 2 19 25
2 2 20 33
5 2 20 25
3 2 20 24
5 2 20 23
6 2 21 28
7 2 23 16
3 2 23 17
5 2 23 16
3 2 24 37
2 2 23 36
8 3 23 35
6 2 23 36
2 2 22 35
5 2 22 35
3 2 24 24
1 2 26 36
2 2 36 42
