612005
2764
1 2 5 5
1 2 5 39
1 2 5 17
1 2 5 87
1 3 1 91
1 2 3 48
1 2 6 68
1 2 6 65
1 2 3 21
1 2 6 63
1 2 7 15
1 4 5 8
1 2 7 36
1 2 7 42
1 2 7 23
1 2 8 76
1 2 9 9
1 2 9 12
1 2 5 72
1 2 1 96
1 2 5 10
1 2 7 47
1 2 9 19
1 2 9 48
1 2 10 68
1 2 10 79
1 2 10 99
1 2 11 1
1 2 11 16
1 4 7 17
1 2 7 29
1 2 5 30
1 4 9 29
1 3 11 53
1 2 11 78
1 3 12 76
1 2 3 40
1 3 12 91
1 2 7 26
1 2 12 79
1 2 9 14
1 4 13 20
1 2 13 35
1 4 5 19
1 2 13 20
1 2 15 25
1 2 5 37
1 2 15 55
1 2 15 36
1 2 16 78
1 2 17 9
1 2 13 10
1 2 17 26
1 4 17 36
1 2 17 12
1 2 17 71
1 5 18 91
1 2 19 9
1 2 19 19
1 3 12 98
1 2 16 99
1 2 19 43
1 2 19 46
1 4 20 52
1 2 17 45
1 2 21 19
1 2 21 36
1 2 21 44
1 2 21 62
1 5 21 82
1 2 22 73
1 4 23 36
1 2 23 42
1 2 23 46
1 2 23 50
1 3 24 54
1 4 25 17
1 3 16 69
1 2 25 46
1 2 27 6
1 2 27 11
1 2 27 21
1 2 27 37
1 2 27 86
1 2 29 13
1 2 29 26
1 2 29 29
1 2 29 37
1 2 19 33
1 4 9 34
1 2 30 96
1 2 31 3
1 2 31 8
1 2 30 88
1 6 31 19
1 6 31 30
1 2 13 7
1 2 31 47
1 2 32 53
1 2 32 70
1 4 33 15
1 2 33 24
1 2 33 46
1 3 33 53
1 3 33 55
1 3 33 83
1 2 35 2
1 6 35 4
1 2 35 11
1 2 35 16
1 2 9 18
1 2 35 36
1 2 35 98
1 2 36 59
1 2 37 12
1 2 35 31
1 2 31 65
1 2 11 65
1 2 37 88
1 3 37 91
1 4 38 76
1 3 20 76
1 2 39 31
1 4 39 11
1 2 9 10
1 2 39 45
1 2 39 48
1 2 40 77
1 2 39 43
1 2 41 27
1 4 29 43
1 2 39 43
1 2 41 45
1 2 41 48
1 5 41 58
1 3 41 73
1 2 42 58
1 2 42 86
1 2 42 93
1 2 39 38
1 2 25 40
1 2 43 35
1 2 43 38
1 2 43 47
1 2 44 54
1 2 44 70
1 4 45 9
1 6 7 40
1 6 41 40
1 4 45 16
1 2 45 31
1 2 37 23
1 2 45 90
1 2 46 52
1 2 46 87
1 2 46 98
1 4 11 23
1 4 47 14
1 2 47 16
1 2 47 50
1 2 47 60
1 2 48 65
1 2 48 88
1 2 49 28
1 3 49 64
1 2 49 68
1 2 50 69
1 2 50 87
1 2 51 1
1 2 51 16
1 10 51 20
1 2 52 84
1 2 53 1
1 6 43 21
1 2 53 19
1 2 53 38
1 2 53 88
1 2 55 7
1 2 55 13
1 4 55 19
1 4 55 21
1 6 47 7
1 2 53 7
1 6 55 50
1 2 57 1
1 2 57 14
1 4 15 4
1 2 57 48
1 2 57 79
1 2 59 6
1 2 59 8
1 2 59 13
1 2 59 16
1 2 59 20
1 4 59 26
1 2 59 36
1 4 45 35
1 2 43 33
1 2 59 54
1 2 60 72
1 2 60 82
1 3 60 100
1 2 61 2
1 2 61 13
1 2 61 27
1 6 59 43
1 4 61 49
1 2 63 19
1 2 61 82
1 2 31 25
1 2 63 4
1 2 63 10
1 2 63 14
1 2 63 21
1 2 63 36
1 2 63 45
1 2 63 52
1 2 63 99
1 4 37 34
1 2 65 75
1 2 67 12
1 2 67 27
1 2 63 2
1 2 67 41
1 2 61 37
1 2 59 38
1 3 67 76
1 2 69 37
1 2 71 9
1 2 69 4
1 2 71 76
1 3 72 59
1 4 73 11
1 2 73 17
1 2 73 20
1 4 73 27
1 2 73 31
1 2 73 34
1 2 67 29
1 2 71 60
1 3 74 69
1 2 74 92
1 2 75 14
1 2 75 16
1 6 75 21
1 6 75 36
1 4 73 56
1 6 75 78
1 2 77 2
1 2 77 12
1 2 77 26
1 2 77 33
1 2 77 38
1 2 77 50
1 5 77 55
1 2 77 70
1 2 77 73
1 8 65 6
1 2 79 3
1 2 79 10
1 2 79 13
1 2 79 27
1 4 79 48
1 2 81 16
1 3 82 72
1 2 82 96
1 2 83 6
1 2 83 10
1 2 83 18
1 4 83 28
1 2 83 32
1 2 83 38
1 2 83 50
1 2 85 26
1 2 85 28
1 2 85 42
1 2 85 52
1 2 85 77
1 3 86 79
1 4 87 31
1 2 87 40
1 2 87 80
1 2 87 96
1 4 88 60
1 4 88 63
1 2 89 44
1 2 91 5
1 2 91 46
1 4 91 65
1 2 93 3
1 2 93 5
1 2 93 47
1 2 93 49
1 2 93 94
1 2 94 94
1 2 95 24
2 8 1 17
2 2 1 35
2 4 1 38
1 6 73 45
1 8 67 45
1 2 53 31
1 2 78 86
2 2 1 90
1 2 89 89
2 4 3 2
2 4 1 75
1 2 34 74
1 2 48 73
1 2 68 72
2 4 3 22
2 2 1 83
1 2 8 82
1 2 52 83
1 2 6 84
1 2 7 85
2 4 3 39
2 2 3 45
2 2 1 43
2 2 3 79
1 2 63 78
1 2 47 78
1 2 53 79
2 3 4 80
2 2 5 7
2 2 5 20
1 3 75 65
2 2 5 57
1 2 60 56
1 2 83 57
1 2 14 58
2 2 5 35
2 4 5 89
2 2 7 4
2 7 5 80
1 2 41 79
1 2 83 81
2 4 7 17
2 2 7 21
2 2 7 23
1 4 57 46
2 2 7 35
2 2 7 39
2 2 7 45
2 2 7 48
2 2 8 60
1 2 38 61
1 2 80 62
1 2 65 62
2 2 8 78
1 2 85 79
1 2 42 79
2 2 3 49
2 6 1 47
2 2 9 17
2 2 9 41
2 4 9 44
2 2 9 51
2 2 9 91
2 2 9 100
2 2 10 67
1 2 10 66
2 2 10 96
1 2 68 95
1 2 59 95
1 2 55 95
2 2 3 10
2 2 11 16
1 2 45 12
2 10 11 37
1 2 41 13
2 2 9 12
2 3 11 63
1 2 52 62
2 2 11 68
2 3 11 97
1 2 39 99
1 2 74 98
2 2 12 92
1 2 79 92
1 2 48 92
1 2 30 92
2 2 13 6
2 2 13 8
2 2 13 14
2 4 7 13
2 2 13 33
2 2 13 19
2 4 13 45
2 7 13 50
2 2 14 90
2 2 15 4
2 2 11 54
2 2 15 7
2 2 15 32
2 2 15 40
2 2 7 30
1 2 37 29
2 2 3 29
1 2 37 29
2 2 17 18
2 2 15 63
2 3 16 60
1 2 51 29
2 4 19 5
2 2 19 16
2 2 17 40
2 2 19 26
2 2 19 29
2 4 17 6
2 4 19 36
2 6 13 35
2 8 19 45
2 4 19 48
2 2 19 40
2 3 19 54
2 2 17 43
2 4 21 16
2 2 17 24
2 2 19 87
1 2 68 86
2 2 23 6
2 14 21 40
2 2 23 12
2 4 23 20
2 6 23 24
2 2 19 23
2 2 22 76
1 2 52 75
2 2 23 43
2 2 23 50
2 3 23 65
2 2 23 70
2 3 23 82
2 3 23 86
1 2 60 88
1 2 89 89
2 2 24 85
2 2 25 2
2 2 21 33
2 4 23 34
2 2 25 50
2 2 25 73
2 2 26 72
1 2 92 71
1 2 32 71
1 2 81 70
2 2 27 1
2 4 27 9
2 2 27 20
2 2 27 44
2 2 27 46
2 2 27 79
2 2 28 73
2 2 28 77
2 2 29 19
2 2 29 25
2 10 29 40
2 3 29 54
1 2 35 53
2 2 21 26
2 6 31 19
2 4 25 27
2 2 31 24
2 2 31 44
2 2 31 21
2 2 31 46
2 2 32 56
1 2 64 55
2 2 31 69
2 2 30 71
2 2 33 35
2 2 33 38
2 4 33 67
2 2 34 89
1 2 41 90
2 2 34 96
2 2 34 99
2 2 35 9
2 2 35 21
2 2 35 28
2 2 35 47
2 2 35 55
2 2 33 17
2 2 37 16
2 2 37 28
2 2 37 19
2 6 37 43
2 2 37 90
2 2 38 100
2 2 39 8
2 2 37 30
2 2 9 30
2 2 39 45
2 2 19 31
2 6 39 31
2 2 39 53
2 2 39 84
2 6 41 29
2 2 39 15
2 8 41 15
2 6 9 24
2 2 41 24
2 4 41 45
2 3 41 73
2 2 42 54
2 2 42 73
2 2 42 78
2 2 42 88
1 2 69 87
2 2 42 96
2 2 43 10
2 2 33 10
2 6 43 10
2 4 43 33
2 6 43 45
2 8 43 52
1 2 83 51
2 3 43 55
1 3 43 54
2 3 43 59
1 2 90 58
2 2 39 49
2 2 11 48
2 2 13 48
2 2 41 48
1 2 53 60
2 2 44 86
2 2 43 91
2 2 45 24
2 2 45 28
2 4 45 30
2 4 45 33
2 4 44 65
2 2 45 42
2 2 45 45
2 6 45 91
1 2 79 91
1 2 60 92
2 2 47 1
2 6 25 14
2 2 47 29
2 2 47 32
2 2 39 15
2 3 47 54
2 2 47 97
2 2 48 89
2 2 49 3
2 2 47 16
2 2 49 12
2 2 49 14
2 2 49 44
2 2 49 47
2 2 50 74
1 2 49 74
2 3 43 81
2 2 51 17
2 2 51 28
2 2 51 8
2 6 51 45
2 2 51 52
2 2 45 10
2 2 51 99
2 2 49 6
2 2 52 90
2 2 53 3
2 4 53 6
2 2 53 10
2 2 53 23
2 2 53 26
2 2 53 30
2 2 53 47
2 2 54 55
2 2 55 1
2 6 55 8
2 2 55 10
2 2 23 10
2 2 55 41
2 2 56 57
2 2 56 96
2 2 41 40
2 2 57 15
1 2 89 97
2 8 57 33
2 2 57 42
2 2 57 50
2 4 55 27
2 2 57 27
2 2 9 10
2 4 58 54
1 2 61 53
2 2 59 9
2 2 59 11
2 2 57 76
1 2 75 75
2 4 59 21
2 2 59 81
2 3 60 92
2 2 61 10
2 2 61 21
2 2 61 29
2 2 61 33
2 18 61 35
2 2 41 38
2 2 39 37
2 2 61 44
2 4 61 48
2 2 43 40
2 2 59 2
2 4 63 13
2 2 63 3
2 6 63 30
2 4 63 33
2 4 63 23
2 2 64 65
2 2 63 62
1 2 65 64
2 2 65 9
2 12 65 16
2 2 64 83
2 2 65 30
2 2 65 33
2 3 65 53
2 2 67 7
2 2 67 13
2 2 67 30
2 6 67 39
2 6 67 42
2 3 68 51
2 2 68 58
2 12 69 3
2 2 69 22
2 2 69 28
2 2 69 34
2 2 69 46
2 2 69 50
2 2 69 64
2 2 61 63
2 2 71 23
2 4 71 34
2 4 71 50
2 2 73 1
2 2 51 39
2 8 73 30
2 2 73 36
2 2 73 57
2 5 61 58
2 5 74 88
2 4 75 5
2 2 73 78
2 2 75 47
2 2 75 14
2 2 75 88
2 2 75 69
2 4 55 38
2 2 47 39
2 2 75 39
2 2 77 41
2 4 77 27
2 4 79 15
2 2 80 58
2 2 81 92
2 2 83 32
2 2 73 28
2 2 83 71
2 2 77 8
2 3 86 96
2 2 84 96
2 2 66 95
2 4 87 11
2 2 88 63
3 2 1 9
2 2 93 93
2 2 88 66
2 2 83 67
3 2 1 34
3 4 1 41
2 2 77 59
3 3 1 50
1 2 28 51
2 2 33 52
2 2 79 52
2 3 27 51
2 2 51 52
2 2 71 12
3 2 1 85
2 2 37 86
3 2 2 55
1 2 37 54
3 2 3 1
2 2 75 1
3 2 3 21
3 2 1 22
2 2 77 2
3 7 4 84
2 2 29 81
1 2 13 84
3 2 5 18
2 2 73 25
3 2 5 59
2 2 85 59
3 2 1 31
2 2 19 31
3 3 5 66
3 4 5 88
2 2 56 88
2 2 74 88
2 2 59 15
3 2 6 69
2 3 80 68
3 2 5 14
3 2 1 12
3 2 7 9
3 6 1 46
3 6 3 47
3 2 7 11
3 6 7 32
3 2 11 7
3 2 11 27
3 2 7 36
3 4 7 38
3 2 7 6
2 2 77 90
1 2 7 58
3 3 7 58
2 2 47 60
3 4 11 33
1 2 18 60
2 2 61 59
2 2 53 58
3 6 9 44
3 3 10 83
2 2 67 82
2 2 84 83
3 3 1 59
1 2 66 82
3 2 11 11
2 2 11 83
2 2 52 84
1 2 66 84
3 4 11 23
3 2 11 29
3 2 7 41
3 10 11 42
3 2 11 47
3 2 11 69
2 2 43 69
2 3 48 68
3 2 11 49
3 2 12 79
3 2 12 90
2 2 27 89
2 2 67 88
2 2 67 70
1 2 51 98
2 2 59 99
2 2 76 98
3 2 7 43
3 2 13 84
3 5 13 87
2 2 62 86
2 2 45 87
3 2 5 42
3 2 13 42
3 2 13 92
1 2 44 93
2 2 61 91
3 3 14 96
1 2 74 95
3 6 29 39
3 14 15 3
3 6 9 5
3 2 15 8
3 2 15 15
2 3 48 96
3 2 15 41
3 2 15 48
3 4 19 11
1 2 42 86
3 2 15 23
3 2 3 22
3 2 16 80
3 2 16 93
3 2 16 67
2 2 64 66
3 2 17 9
3 3 15 89
1 2 26 89
3 5 21 59
2 2 39 58
3 2 21 45
3 14 17 17
3 2 11 16
3 12 17 45
3 2 17 63
3 2 17 85
2 2 30 85
3 6 18 80
2 2 21 79
2 2 45 78
3 2 17 23
3 2 13 18
3 2 17 18
1 6 1 15
3 2 9 12
3 3 19 89
3 3 20 79
3 2 21 23
3 2 20 76
3 2 7 14
3 2 15 14
3 2 21 39
3 2 21 92
3 2 3 15
2 2 52 93
3 6 22 68
2 2 37 67
3 4 15 61
2 2 24 60
2 2 58 61
2 2 19 59
3 2 23 8
3 8 23 15
3 2 23 6
3 2 19 35
3 2 23 46
3 2 23 86
3 2 24 56
2 2 60 55
3 2 24 64
2 2 51 63
2 2 59 65
2 2 24 93
2 2 28 94
1 2 33 92
3 6 23 24
3 2 25 18
3 2 25 33
3 4 19 33
3 4 25 47
3 2 25 50
3 2 25 54
3 3 25 61
2 2 31 61
2 2 71 60
3 2 25 86
3 2 26 73
2 2 47 72
2 2 59 73
3 2 26 77
2 2 60 76
3 2 27 7
3 2 25 41
3 6 17 2
3 2 21 36
3 4 25 36
3 3 28 89
3 5 28 93
3 2 28 98
1 2 34 99
2 2 41 99
3 2 28 64
1 2 41 63
3 4 29 25
3 2 29 7
3 2 29 39
3 2 29 36
3 3 29 94
2 2 67 93
3 2 30 71
2 2 37 70
3 2 31 3
2 2 53 69
3 3 30 84
3 2 31 7
3 2 31 14
3 2 31 16
3 2 31 18
3 4 31 41
3 2 31 52
1 2 58 51
3 3 31 88
3 2 33 3
3 4 33 13
3 2 33 16
3 2 33 25
3 6 33 31
3 2 33 37
3 2 33 43
3 3 33 66
3 2 34 62
3 2 35 1
3 2 35 3
3 4 35 23
3 2 35 26
3 2 35 28
3 4 35 44
3 6 35 48
3 4 35 79
3 2 36 67
3 2 37 9
3 2 37 16
3 2 37 21
3 2 37 23
3 2 37 32
3 2 37 36
3 4 37 49
3 6 37 75
2 2 75 77
3 2 38 56
2 3 68 55
3 2 38 64
3 3 38 75
2 2 86 74
2 2 66 74
3 2 39 2
3 2 39 10
3 4 39 17
3 2 39 28
3 4 39 32
3 2 39 41
3 2 40 60
3 4 40 64
3 4 29 49
3 3 40 78
2 2 40 77
3 2 41 7
3 5 40 71
3 2 41 16
3 2 41 19
3 8 41 21
3 6 41 25
3 2 41 30
3 2 41 39
3 2 41 42
3 2 41 47
3 3 41 69
3 3 41 85
2 2 65 84
3 4 43 35
3 2 15 35
3 2 13 36
3 2 43 29
3 6 43 38
3 2 43 43
3 2 42 56
3 2 44 97
3 3 43 77
3 2 45 14
3 2 45 30
3 2 45 41
3 2 45 44
3 2 45 50
3 4 45 94
3 3 46 77
3 6 47 6
3 6 43 6
3 3 46 81
3 2 47 21
3 2 47 25
3 4 47 11
3 2 47 33
3 2 47 98
3 2 48 61
2 2 59 61
3 2 48 85
3 2 48 87
3 2 48 96
3 2 49 6
3 2 49 11
3 2 49 28
3 2 49 38
3 2 49 41
3 4 49 57
3 2 51 8
3 4 51 13
3 4 51 17
3 4 51 20
3 2 51 26
3 2 51 22
3 4 51 48
3 2 51 81
2 2 51 80
3 2 53 4
3 2 53 7
3 4 53 9
3 2 53 18
3 2 53 24
3 2 53 26
3 2 53 30
3 2 53 32
3 2 53 38
3 6 45 3
3 4 53 65
3 2 53 62
3 2 54 51
3 4 55 42
3 4 55 3
3 2 55 19
3 2 55 24
3 2 55 28
3 2 55 30
3 10 57 13
3 2 55 47
3 2 55 50
3 4 57 20
3 2 57 22
3 3 57 53
3 3 57 77
3 3 57 50
3 2 47 49
3 5 57 88
3 2 57 93
3 2 58 86
3 2 59 8
3 2 59 28
3 4 59 31
3 2 59 78
3 2 60 79
3 2 61 24
3 2 61 29
3 3 61 83
3 2 61 32
3 2 61 37
3 2 61 44
3 2 61 55
3 2 62 68
3 2 62 97
3 2 63 22
3 2 63 37
3 2 57 69
3 2 63 44
3 4 65 3
3 2 65 58
3 2 63 42
3 3 65 97
3 2 67 34
3 2 67 37
3 2 67 55
3 2 71 49
3 2 67 61
3 2 67 84
3 2 67 91
3 3 67 99
3 2 68 57
3 2 69 1
3 2 69 51
3 2 69 54
3 3 70 71
3 3 71 86
3 4 71 93
3 4 65 92
3 2 73 25
3 3 73 67
3 3 72 51
3 2 74 97
3 3 74 100
3 2 76 67
3 2 77 87
4 2 2 73
3 2 30 74
3 2 45 75
1 2 28 72
3 2 55 71
3 2 35 72
3 2 82 74
2 2 47 73
3 2 57 75
3 2 74 70
3 3 76 71
3 2 79 98
4 2 1 1
4 2 1 7
3 2 73 81
4 2 1 17
4 2 1 21
4 3 3 73
3 2 66 73
4 2 1 34
3 4 53 80
4 2 1 38
4 2 1 82
3 2 21 81
3 3 75 82
3 2 28 82
4 2 2 65
3 2 29 64
1 2 50 63
4 4 3 2
4 4 3 19
3 2 3 19
4 2 3 19
4 2 3 23
4 4 3 26
3 2 11 27
4 2 3 45
4 2 3 36
4 4 3 90
4 2 4 82
3 2 35 89
3 2 40 88
2 2 30 81
2 2 40 81
3 2 54 80
4 3 4 93
4 2 5 22
2 2 5 93
3 2 21 93
1 2 72 81
3 2 17 27
3 2 52 94
3 2 21 87
3 2 28 93
4 2 3 59
4 2 4 99
3 2 17 94
4 2 5 9
3 2 5 81
4 2 5 24
4 2 5 17
4 6 5 33
4 10 5 39
4 3 8 58
3 2 12 57
3 2 32 56
3 2 61 59
3 2 68 55
4 2 5 45
4 2 5 49
4 6 1 48
4 2 5 87
4 4 6 56
2 2 7 54
3 2 61 53
4 3 6 83
3 2 31 86
4 3 6 98
1 2 26 97
2 2 25 97
1 2 53 97
3 2 56 96
2 2 51 97
4 2 9 2
4 2 7 4
4 4 7 16
4 10 7 33
4 2 9 21
4 2 5 5
4 2 8 85
3 2 25 6
4 2 8 69
1 2 30 68
3 2 29 68
4 2 7 54
1 2 18 55
3 2 48 56
1 2 22 65
3 2 32 54
2 2 65 57
1 2 50 53
3 2 26 53
4 2 9 34
3 2 21 31
3 2 27 30
3 2 27 32
4 2 9 17
4 2 9 5
4 4 9 27
3 2 23 29
4 2 9 49
4 2 9 57
4 2 11 6
4 2 11 16
4 2 11 18
4 2 9 23
4 2 13 4
4 2 9 44
4 2 11 39
4 2 11 49
4 2 13 28
4 2 11 29
4 3 11 72
2 2 76 71
4 4 11 52
4 2 13 2
1 2 62 71
4 8 7 46
4 5 6 71
2 2 66 71
4 4 8 91
3 2 57 90
4 4 13 16
4 4 13 19
4 2 11 46
3 2 41 10
4 2 13 40
4 2 13 54
4 5 13 49
2 2 12 54
2 2 41 54
3 3 47 53
3 2 55 53
4 2 13 43
4 5 14 52
4 2 14 89
3 2 31 89
2 2 27 88
2 2 46 89
4 2 15 3
4 4 15 19
4 2 3 10
4 2 15 10
4 4 15 27
4 2 13 29
4 2 15 25
4 2 15 37
4 4 13 23
4 8 15 43
4 4 15 47
4 3 15 69
3 2 58 69
3 2 64 68
4 6 18 52
3 2 70 51
2 2 12 68
3 2 31 68
1 2 39 69
3 2 25 69
3 2 46 70
4 3 15 69
4 3 16 51
4 2 17 4
4 4 17 8
2 2 15 67
4 4 15 40
4 2 17 23
4 2 17 25
4 4 17 32
4 2 17 40
4 6 9 13
4 2 17 42
4 2 5 12
4 8 18 66
4 3 17 59
1 2 54 60
3 2 41 59
4 2 18 92
4 5 18 72
2 2 54 69
3 2 30 91
4 5 18 95
2 2 27 94
4 4 19 1
1 2 17 95
1 2 20 67
3 2 35 66
4 4 19 7
4 2 19 18
4 4 13 6
4 2 19 4
4 2 19 20
4 2 19 41
4 2 19 30
4 2 19 45
4 2 19 49
4 4 19 51
4 3 19 85
2 2 19 84
1 2 18 84
4 2 20 64
4 2 19 43
4 4 21 15
4 2 11 14
4 4 15 12
4 6 21 21
4 18 21 29
4 4 15 29
4 2 21 19
4 4 21 31
4 2 21 66
4 2 25 40
4 10 23 5
4 4 23 10
4 10 21 47
4 12 23 20
4 2 23 31
4 2 23 25
4 2 23 47
4 3 23 99
3 2 51 99
3 2 38 99
4 2 24 55
4 2 24 76
2 2 52 77
4 2 24 89
3 2 63 78
2 2 58 78
4 2 25 21
4 2 27 8
4 12 25 15
4 2 25 32
4 2 25 48
4 2 27 28
4 2 28 77
4 4 26 53
4 2 25 93
3 2 63 92
4 2 29 19
4 5 25 75
4 2 27 41
4 2 25 95
4 2 29 39
4 2 21 17
4 2 27 15
4 2 27 17
4 2 27 32
4 4 21 33
4 2 27 33
4 2 30 91
4 8 17 13
4 2 27 50
4 2 27 62
3 2 81 62
3 2 44 62
3 2 59 61
4 2 11 12
4 2 1 12
4 12 29 12
4 2 29 24
4 2 28 84
4 8 29 33
4 2 31 44
4 4 29 46
4 6 29 48
4 2 29 54
4 2 30 77
4 2 29 27
4 2 31 3
4 4 33 6
4 10 31 7
4 2 33 28
4 10 31 16
4 2 31 27
4 2 33 2
4 6 31 48
4 2 32 86
4 3 28 57
4 4 33 49
4 2 34 53
4 2 31 69
4 6 32 74
4 2 35 6
4 2 32 76
4 2 32 83
4 2 33 4
4 2 33 12
4 2 33 18
4 4 33 24
4 2 35 43
4 2 33 27
4 6 33 32
4 2 33 41
4 2 33 58
4 6 34 81
4 2 35 2
4 2 35 10
4 2 23 74
4 2 31 38
4 4 35 57
2 2 73 56
1 2 73 56
4 2 35 81
4 2 35 84
4 7 36 67
3 2 59 65
4 2 39 9
4 10 37 2
4 2 37 5
4 8 37 13
4 2 37 21
4 6 37 24
4 2 37 26
4 3 39 66
2 2 39 67
3 2 50 65
4 2 41 23
4 2 41 25
4 4 39 46
4 6 41 17
1 2 58 65
4 8 37 30
4 3 41 74
4 6 37 43
4 4 41 8
4 3 42 98
1 2 44 96
4 2 43 17
4 3 37 94
4 6 30 94
2 2 61 97
4 2 44 55
4 10 39 50
4 2 39 57
4 3 40 56
4 2 38 67
4 4 41 14
4 2 15 35
4 2 17 36
4 4 27 37
4 2 45 31
4 2 41 61
4 2 43 12
4 2 43 24
2 2 47 62
4 2 43 79
4 3 44 62
3 2 54 63
4 2 45 4
4 4 45 8
4 4 45 11
4 2 45 18
4 2 47 55
4 2 47 73
3 2 50 74
1 2 59 74
4 2 45 23
4 2 45 25
4 2 48 53
4 2 49 25
4 2 45 34
4 2 45 48
4 3 45 67
4 2 45 69
4 2 45 94
2 2 70 95
3 2 51 95
4 2 46 85
4 2 46 89
4 8 47 4
4 2 47 22
4 6 51 25
4 14 47 34
4 12 39 35
4 2 25 35
4 2 49 8
4 6 49 22
4 2 51 62
3 2 66 62
3 2 67 61
4 2 51 82
4 2 53 2
4 2 39 38
4 8 49 32
4 2 49 64
4 2 49 96
4 6 49 43
4 2 55 89
4 3 50 67
4 2 50 55
4 2 51 13
4 2 51 42
4 2 51 64
4 8 50 75
4 3 51 96
4 2 52 74
4 3 53 68
4 3 55 67
4 2 59 11
2 2 55 66
4 2 58 64
4 2 54 75
2 2 56 75
4 2 59 57
4 3 54 84
4 3 54 87
4 2 55 7
4 2 56 60
4 3 56 74
4 2 56 97
4 2 63 51
4 2 63 98
4 2 57 3
4 2 57 20
4 2 57 26
4 4 59 1
4 2 59 20
4 2 59 69
4 4 59 92
4 2 60 95
4 4 61 25
4 4 61 42
4 2 61 76
4 6 43 42
4 2 61 87
4 2 63 1
5 2 1 18
4 2 33 18
4 2 64 64
4 3 64 79
4 2 35 17
4 4 66 58
4 2 63 87
4 2 67 82
4 2 68 80
2 2 67 80
4 2 68 91
4 2 69 98
4 2 65 64
2 2 69 63
4 3 66 71
5 2 1 10
5 4 1 24
5 8 1 32
4 2 51 70
5 6 1 43
5 6 1 46
5 2 4 84
4 2 12 85
4 3 37 83
4 2 52 82
4 2 56 81
4 4 47 77
4 2 53 76
4 4 47 99
4 2 71 99
5 3 1 61
5 4 4 54
4 2 19 61
5 4 5 9
1 2 57 60
5 2 5 26
4 2 41 53
4 3 61 60
4 2 63 59
3 2 10 53
4 2 35 54
5 4 3 18
5 6 3 22
5 4 3 39
4 2 17 39
5 2 3 43
5 10 3 50
5 3 3 69
3 2 8 68
4 2 15 67
4 2 40 92
4 4 19 37
5 3 4 76
5 2 1 36
4 2 11 35
5 14 7 23
5 3 3 79
4 2 35 78
5 2 5 5
5 2 5 40
5 4 7 76
4 2 4 76
5 2 7 29
5 6 5 45
2 2 24 75
5 2 6 53
1 2 12 54
5 2 6 61
3 2 5 62
2 2 7 60
3 2 8 60
5 6 9 8
4 2 32 62
4 2 9 59
1 2 17 59
2 2 16 58
1 2 25 58
4 2 24 57
4 2 55 58
5 2 3 10
5 2 3 6
5 2 1 7
5 2 7 11
5 4 7 13
4 2 33 58
5 2 7 21
5 2 10 62
4 2 46 62
5 10 7 32
5 4 10 95
4 2 12 95
5 2 6 65
5 2 11 14
5 4 11 26
4 2 28 94
4 2 32 93
2 2 31 93
4 2 42 92
5 6 7 48
4 2 33 95
5 2 11 42
5 2 9 1
4 2 25 1
5 4 9 24
5 2 5 6
5 4 1 3
4 2 17 3
5 2 5 66
4 2 5 65
5 2 9 76
3 2 27 77
1 2 19 77
1 2 43 75
3 2 19 76
1 2 50 75
1 2 18 76
5 3 10 68
4 2 22 68
4 2 57 67
2 2 3 68
5 2 9 41
5 2 11 34
5 2 5 37
4 2 31 36
5 3 12 53
5 8 13 3
5 2 5 3
5 2 11 84
1 2 25 85
2 2 67 86
5 14 13 8
5 14 13 12
5 2 13 34
5 2 13 53
4 2 45 52
5 6 11 36
1 2 59 51
5 2 13 88
4 2 17 87
2 2 12 88
2 2 38 89
4 2 42 89
5 2 12 87
4 2 18 87
5 2 13 78
5 2 14 67
5 3 13 99
4 3 18 98
5 2 15 7
5 2 15 5
5 2 15 18
5 2 7 17
5 2 5 16
5 5 16 52
1 2 21 51
5 3 16 80
4 2 30 81
2 2 16 80
5 14 17 14
5 12 15 30
5 2 19 38
5 2 19 49
5 2 17 33
5 2 17 36
5 2 17 39
5 6 9 20
5 3 20 97
5 2 21 16
5 2 13 21
5 2 13 19
5 3 17 83
5 2 18 68
5 2 17 19
5 2 19 1
5 2 21 29
5 2 9 30
5 2 21 49
5 3 21 53
5 2 19 28
5 4 19 32
5 2 19 82
5 2 19 4
5 4 20 90
4 2 20 89
3 2 36 90
5 2 21 1
5 6 21 4
5 8 21 19
5 2 19 12
5 6 20 63
5 2 21 33
5 2 21 40
5 3 21 81
5 2 22 52
5 10 23 1
5 4 22 59
5 2 22 75
5 2 22 88
4 2 48 87
5 4 23 8
5 2 25 60
5 2 23 12
5 3 25 95
1 2 25 95
5 4 23 14
5 4 23 17
5 2 23 20
5 8 23 29
5 2 13 25
5 2 17 24
5 2 23 73
5 2 25 3
5 2 23 67
5 4 27 45
5 2 25 22
5 2 25 16
5 4 25 34
5 2 25 36
5 8 25 48
5 3 26 53
5 2 26 62
5 2 26 64
4 2 45 65
5 4 27 2
5 4 15 22
5 6 27 10
5 2 27 6
5 6 27 16
5 2 25 25
5 2 11 24
5 4 32 76
5 2 21 27
5 4 27 81
5 3 27 97
5 2 30 58
5 2 27 87
5 2 28 67
4 2 58 97
5 2 29 7
5 4 32 59
4 2 36 60
3 2 40 61
5 2 29 13
5 2 29 20
5 2 29 30
5 2 29 41
5 2 28 90
4 2 37 89
5 2 29 66
5 2 29 75
2 2 29 74
5 4 27 48
5 7 33 49
2 2 35 51
5 2 31 9
5 8 31 11
5 2 31 19
5 2 31 28
5 4 35 22
5 2 31 37
5 4 31 39
5 2 32 92
5 2 33 1
5 4 33 6
5 4 33 15
5 8 33 30
5 2 33 36
5 4 35 56
5 2 33 39
5 2 33 44
5 2 29 51
5 2 34 78
5 5 27 54
5 2 35 1
5 2 35 4
5 2 35 8
2 2 49 78
5 2 35 26
5 4 35 15
5 2 35 38
5 2 35 47
5 3 35 50
5 4 35 60
5 2 35 32
5 6 35 91
5 4 35 70
5 2 37 2
5 6 37 5
5 2 37 9
5 3 40 57
4 2 59 56
5 2 37 35
5 2 37 37
5 2 37 44
5 5 40 74
2 2 41 72
4 2 41 71
5 2 37 64
5 3 37 75
5 2 37 91
5 4 38 78
5 10 39 5
5 2 39 11
5 2 39 22
5 2 41 10
5 4 39 25
5 2 41 31
5 2 39 28
5 2 39 30
5 2 39 35
5 3 42 57
3 2 55 56
5 3 39 79
5 2 40 67
5 2 40 69
5 2 40 77
5 3 40 83
4 2 49 82
5 4 40 86
5 3 40 89
4 2 40 88
5 2 41 2
5 4 41 22
5 2 41 27
5 2 41 34
5 8 41 42
5 3 41 65
4 2 53 63
5 5 41 77
5 2 42 65
5 4 45 77
5 4 46 67
3 2 46 66
5 3 42 92
5 2 43 7
5 2 43 20
5 2 43 27
5 2 43 35
5 2 43 42
5 2 43 44
5 2 43 80
5 3 43 92
5 2 44 75
5 2 44 87
5 3 44 98
5 2 45 22
5 2 52 96
5 3 45 90
5 2 46 73
5 2 57 97
5 2 46 89
5 2 47 27
5 2 47 67
5 2 55 71
5 3 47 98
5 2 48 51
5 2 56 61
5 2 48 79
5 2 49 11
5 3 49 52
5 3 49 61
5 7 49 72
5 6 36 73
4 2 52 73
5 2 50 95
1 2 36 73
5 3 53 60
5 2 53 99
5 2 54 51
5 3 54 92
5 3 52 90
5 2 56 72
5 2 56 90
5 2 57 91
5 4 57 98
6 3 1 76
5 2 18 77
3 2 4 75
4 2 18 78
5 2 26 78
6 2 1 47
2 2 17 78
5 2 56 57
5 3 58 82
5 2 58 94
5 2 61 86
5 2 62 98
4 2 16 76
5 2 4 76
5 2 28 75
5 6 33 95
5 2 46 95
5 2 49 94
6 4 1 15
6 2 1 38
6 10 1 24
5 2 25 23
5 2 19 24
5 4 15 25
6 8 1 42
6 2 1 54
5 2 51 55
5 6 23 39
6 5 2 76
4 2 47 79
1 2 46 80
4 2 5 78
2 2 7 78
4 3 6 78
5 2 44 78
6 6 3 20
6 2 5 13
6 4 1 11
5 2 7 11
6 2 3 22
6 2 3 29
6 4 3 31
5 4 7 44
5 4 19 42
6 2 7 12
6 3 1 91
1 2 14 90
6 3 3 74
5 2 3 75
2 2 13 74
2 2 2 75
3 2 37 74
1 2 9 85
6 4 5 42
5 4 9 42
5 2 47 86
6 2 3 77
5 2 10 78
6 2 5 7
6 2 7 19
6 22 1 3
6 2 3 3
1 2 30 77
6 3 3 98
4 2 25 99
4 2 11 99
6 4 3 37
6 4 4 98
1 2 12 97
5 2 40 96
5 2 24 96
1 2 4 76
6 2 5 1
6 5 5 83
4 2 28 83
6 2 7 40
4 2 20 83
4 2 62 82
5 2 19 83
1 2 38 82
5 2 39 83
2 2 47 82
1 2 20 83
5 2 24 82
6 2 5 15
6 4 3 16
6 2 5 16
6 8 5 37
6 6 5 30
6 2 5 61
5 2 50 62
6 6 6 96
2 2 15 99
2 2 58 94
6 2 5 98
5 2 46 96
2 2 38 99
4 2 28 97
5 2 19 97
2 2 24 97
6 22 7 30
6 2 7 1
6 2 7 4
6 4 7 84
6 6 7 8
6 18 7 16
6 10 7 23
3 2 9 94
5 2 15 93
4 2 42 93
6 3 9 70
4 2 26 70
3 2 28 71
5 2 24 70
1 3 8 70
4 2 25 71
5 2 39 72
6 2 7 80
4 2 6 81
1 2 14 80
6 2 8 51
4 2 26 51
6 7 8 92
6 4 9 24
6 2 9 32
6 2 3 25
6 8 9 3
5 2 42 90
6 4 9 12
6 2 9 20
6 6 11 28
6 2 9 25
6 3 10 53
6 4 9 39
6 2 9 42
6 4 7 49
6 2 3 48
5 12 7 48
6 6 3 46
6 12 7 46
6 4 9 46
5 4 9 44
5 2 17 43
6 2 11 15
6 2 11 17
6 2 11 20
6 6 11 23
6 2 11 33
6 2 10 86
6 44 11 42
6 2 11 50
6 10 10 77
2 2 34 74
6 2 11 72
6 2 7 49
5 2 54 86
1 2 53 87
6 2 11 99
4 2 15 98
3 2 43 99
5 4 40 97
5 2 11 43
6 3 12 58
5 2 32 58
6 5 14 94
4 2 14 93
2 2 33 57
6 7 11 63
5 2 14 65
5 2 26 64
4 2 22 64
5 3 11 59
6 8 15 12
4 2 15 57
4 2 20 56
6 3 12 87
4 2 46 87
3 2 45 88
6 2 12 95
6 8 15 39
5 2 18 94
5 2 23 93
6 3 12 98
6 6 13 32
6 6 13 19
6 3 13 58
6 4 13 62
6 4 13 64
5 3 44 65
6 6 14 84
6 3 6 62
5 2 42 63
5 2 17 84
5 2 44 83
6 4 15 20
3 2 15 71
4 2 50 70
6 4 15 28
6 2 15 54
6 3 16 64
6 3 13 77
4 2 17 77
6 6 17 1
2 2 33 78
6 4 17 29
6 12 19 12
6 4 19 18
6 2 17 32
6 2 17 34
6 4 15 22
6 16 17 39
6 2 17 50
6 3 17 57
6 5 17 82
6 7 18 53
5 2 28 51
3 2 19 53
6 4 18 65
1 2 21 65
3 2 29 64
1 2 18 66
6 6 19 7
2 2 41 63
6 5 18 73
6 3 18 76
6 3 18 87
6 2 20 96
5 2 40 88
2 2 39 89
6 2 21 25
6 2 21 27
6 2 19 28
6 10 19 31
6 2 21 41
6 2 21 49
6 4 19 42
6 6 21 31
6 2 19 45
6 2 19 47
6 4 19 50
6 8 19 86
6 4 21 21
6 5 20 65
7 182 1 22
6 14 13 34
6 6 9 35
6 2 5 37
5 2 33 64
6 10 15 34
6 2 15 41
6 5 16 68
3 2 49 63
6 2 23 5
6 6 17 22
6 3 38 81
6 6 19 28
4 3 26 66
7 134 1 9
6 12 7 8
6 4 7 5
6 10 11 3
6 2 13 6
6 2 15 13
6 2 17 7
6 4 17 9
6 4 17 13
5 2 46 67
6 2 19 9
6 2 7 10
6 6 20 75
6 2 9 17
6 2 21 49
6 8 21 6
6 3 21 78
6 2 21 25
6 3 20 81
6 2 21 61
6 3 24 66
6 4 21 81
6 4 22 59
6 2 11 17
6 15 22 89
3 2 22 89
5 3 24 88
6 4 13 37
6 4 13 44
6 2 19 5
6 2 23 43
6 6 19 40
7 86 1 3
6 4 11 8
6 2 9 1
6 2 23 92
6 4 23 50
6 2 11 2
6 2 24 82
6 2 24 97
6 2 25 36
6 2 23 61
6 4 24 72
6 2 3 8
6 5 39 96
6 3 29 72
6 4 15 4
6 2 31 10
6 8 34 60
6 4 35 64
6 6 1 5
6 2 7 6
6 7 27 89
6 2 26 85
4 2 34 89
6 4 28 91
6 6 29 25
6 2 31 25
6 6 35 70
6 12 29 65
6 2 30 84
6 3 22 65
6 4 27 64
6 2 30 64
6 2 33 26
6 3 31 83
6 5 33 91
3 2 35 91
7 24 5 21
6 3 50 57
6 9 34 93
7 22 11 9
6 4 35 54
5 2 51 55
6 11 41 58
6 2 35 66
5 2 35 66
6 2 32 52
6 4 27 49
6 2 21 42
6 5 36 62
6 2 37 25
6 2 37 78
6 2 34 78
6 6 37 89
6 2 38 98
6 2 39 62
6 2 39 90
6 3 40 62
5 2 46 62
6 2 40 80
6 2 41 62
6 2 26 77
6 2 42 54
6 3 42 72
6 10 38 69
5 2 37 69
6 2 44 70
6 4 45 71
5 2 53 69
6 3 42 79
6 4 42 98
6 2 47 79
7 10 1 41
7 66 1 47
3 2 7 50
7 34 3 26
6 2 47 81
6 3 31 52
7 5 1 83
3 2 47 84
7 3 1 89
3 2 8 84
5 2 46 83
6 2 11 51
2 2 26 52
4 2 13 50
7 2 1 19
1 2 34 67
7 2 2 87
6 5 24 54
5 2 36 54
6 2 25 56
6 2 42 82
6 2 16 82
7 3 3 54
2 2 13 52
6 2 8 53
1 2 3 53
5 2 10 52
6 2 8 83
5 2 14 86
6 2 26 85
6 3 27 55
5 2 19 54
4 2 20 55
2 2 22 55
6 2 37 81
6 2 42 84
6 2 29 89
5 2 28 90
7 4 3 57
5 2 8 55
6 2 27 54
4 2 34 90
5 2 18 89
2 2 28 90
7 4 9 20
7 2 5 34
1 2 21 88
5 2 41 91
7 8 9 72
5 2 27 75
6 2 2 82
7 3 8 80
6 3 7 80
6 2 27 79
5 2 29 80
2 2 10 90
7 3 2 83
5 2 30 84
1 2 29 84
6 2 34 82
6 2 40 83
7 4 3 9
1 2 5 83
7 2 6 88
6 2 5 89
6 2 30 82
7 3 8 80
5 2 14 80
7 18 9 34
4 2 21 79
2 2 20 79
6 2 24 80
3 2 9 79
6 2 11 78
7 2 8 82
7 2 3 36
7 2 3 38
7 4 3 90
6 2 7 91
6 2 41 92
7 2 4 82
4 2 10 81
7 2 8 85
7 2 1 93
7 2 7 89
4 2 17 94
6 2 9 94
6 8 26 96
4 2 30 97
3 2 27 98
6 2 30 93
3 2 40 94
4 2 41 94
6 2 35 93
6 2 40 93
4 2 1 92
4 2 6 94
6 2 14 57
6 2 4 66
7 2 2 60
6 2 33 60
7 4 9 83
5 2 30 82
3 2 33 81
3 2 10 82
4 3 14 73
7 6 3 67
6 2 30 66
7 2 3 78
2 2 23 77
6 2 27 77
7 5 4 58
6 2 25 60
5 2 7 61
5 2 12 62
6 2 28 59
7 2 5 38
7 2 11 1
5 3 10 71
6 2 15 95
6 2 22 96
7 2 5 80
4 2 17 79
7 3 6 91
7 12 7 26
7 8 3 24
7 2 8 57
7 16 8 61
7 4 7 54
4 2 10 61
5 2 24 54
6 2 4 52
7 5 2 51
6 2 7 55
7 6 9 26
7 2 9 2
1 2 3 52
6 2 10 53
7 2 9 54
7 4 9 17
7 4 9 46
7 2 9 42
7 7 10 82
7 2 11 24
7 4 11 26
7 2 11 44
7 6 11 54
6 2 12 51
6 2 26 50
7 3 11 69
7 2 14 53
7 3 5 59
7 29 13 97
6 2 21 90
4 2 5 91
2 2 7 92
5 2 4 93
1 2 26 94
6 2 25 96
7 20 16 75
3 2 12 97
6 2 21 71
6 2 39 58
3 2 38 58
1 2 18 89
7 7 11 58
7 2 13 57
5 2 12 56
6 2 36 55
5 2 32 59
4 2 19 59
7 2 9 98
1 2 11 97
7 6 14 79
7 2 14 71
4 2 14 70
4 2 17 69
7 3 13 50
1 2 12 51
6 2 15 78
7 4 13 7
1 2 30 96
4 2 34 68
5 2 14 80
5 3 5 90
7 3 11 74
6 2 17 74
7 2 11 85
7 6 15 36
7 3 11 95
7 12 15 25
7 4 15 40
6 2 18 94
7 2 19 97
1 2 19 95
7 4 12 74
7 2 15 97
6 2 23 75
7 4 20 61
7 4 13 1
7 2 13 10
7 2 13 42
7 2 10 91
7 4 17 25
1 2 6 91
7 2 14 51
1 2 22 50
7 6 14 80
7 2 14 88
7 2 19 19
7 2 15 4
7 4 15 18
7 6 15 21
7 2 19 19
7 3 14 74
7 3 15 82
7 18 15 91
7 2 16 50
7 3 16 57
7 2 17 11
7 3 17 50
7 2 17 55
1 2 16 55
7 4 17 58
1 2 11 69
6 2 33 68
7 2 26 73
7 2 23 11
7 8 18 74
7 5 18 77
5 2 17 77
7 2 18 77
7 2 18 79
7 2 18 82
7 2 18 85
6 2 18 86
5 2 20 85
7 2 19 25
7 2 19 43
7 2 19 54
6 2 17 58
7 5 19 87
7 3 19 97
7 2 20 56
7 2 20 85
7 2 21 19
7 2 21 25
7 3 21 51
7 3 21 81
3 2 22 82
7 3 21 83
4 2 35 84
7 2 27 98
1 2 28 98
7 3 21 87
7 3 21 90
2 2 21 89
7 14 22 60
7 3 23 70
7 3 23 76
7 5 23 92
3 2 26 94
7 2 24 54
7 2 37 84
7 3 32 62
1 2 37 62
7 3 24 58
7 4 24 85
6 2 23 85
7 8 25 64
7 3 26 59
7 2 26 62
8 3 1 68
2 2 2 68
5 2 39 62
7 7 19 65
7 7 26 68
2 2 25 68
7 2 26 96
7 3 27 81
7 2 27 84
7 7 27 92
7 3 28 55
6 2 31 55
7 2 28 60
7 2 29 55
7 2 29 70
7 2 31 79
7 2 31 86
3 2 30 87
7 3 32 55
7 4 35 70
8 705 1 1
3 4 14 14
5 3 17 24
4 2 6 6
3 2 5 9
4 2 16 24
5 2 15 24
6 2 14 23
5 2 7 5
5 2 5 10
3 2 3 8
1 2 16 27
2 2 3 7
7 2 5 7
7 4 1 4
6 2 6 9
7 4 12 19
3 2 15 17
7 6 5 17
5 2 6 18
5 2 3 7
6 2 5 5
7 2 14 20
7 2 15 9
8 5 12 4
1 6 1 1
7 2 19 24
7 2 26 20
6 2 26 21
8 4 1 35
4 3 2 34
3 2 1 36
3 2 22 36
5 2 21 36
8 2 1 45
7 2 14 44
5 2 1 2
3 2 1 3
8 2 1 2
4 2 2 3
3 2 10 16
8 3 2 33
4 4 11 14
4 2 13 16
2 2 1 46
5 2 16 13
8 6 2 14
2 2 4 13
3 3 3 14
4 2 19 13
6 2 2 14
7 2 2 13
7 2 20 19
7 9 13 19
5 2 20 20
2 2 14 23
8 4 3 22
6 2 8 22
7 2 20 21
7 2 28 24
4 3 7 23
7 2 7 13
7 3 9 12
2 2 8 13
8 163 3 32
1 2 16 27
4 2 8 42
5 2 1 34
4 2 12 35
6 2 9 47
5 2 8 39
5 2 10 43
3 2 17 45
7 2 7 36
3 2 15 46
7 2 10 48
5 2 13 49
1 4 13 20
3 2 18 49
7 2 1 35
6 2 11 44
7 2 9 43
1 2 12 49
3 2 12 49
7 2 12 45
2 2 16 46
5 2 15 46
6 2 17 49
7 2 9 35
7 3 12 48
4 2 11 49
7 2 21 37
7 2 19 38
1 2 19 38
4 2 15 37
8 4 3 28
5 2 9 26
3 2 8 26
4 2 12 25
3 2 12 29
5 3 14 30
8 3 4 1
4 2 3 3
5 2 9 49
4 2 9 48
8 4 4 37
7 6 13 45
7 2 20 28
8 2 2 10
8 12 3 8
3 2 7 7
1 2 12 16
7 7 10 10
2 2 4 6
3 2 11 12
5 2 10 9
1 2 10 44
8 11 5 20
1 2 9 17
5 2 17 9
2 2 2 8
3 2 14 8
6 2 14 9
7 2 5 19
8 2 4 49
8 3 5 1
2 2 19 6
8 16 6 11
7 2 11 10
2 2 5 17
3 2 5 15
8 2 5 15
5 2 13 38
7 2 12 38
4 2 11 39
1 4 1 2
8 2 6 41
8 21 7 6
5 2 6 40
3 2 5 40
7 2 5 40
2 2 5 39
5 2 8 7
4 2 10 7
7 2 6 42
5 2 8 19
8 2 5 43
2 3 7 42
5 2 5 43
6 2 7 44
4 2 7 43
5 2 7 44
2 2 9 45
4 3 5 42
8 12 6 48
3 2 11 37
6 2 6 39
8 2 8 32
8 2 8 37
2 2 5 18
5 2 7 17
6 2 6 17
4 2 7 32
8 6 6 18
8 3 8 43
4 2 2 10
7 2 6 11
4 2 3 11
8 5 8 10
2 2 1 10
8 4 8 12
8 3 11 49
2 2 10 49
3 2 10 9
7 2 9 49
8 8 11 7
8 33 12 23
8 3 4 22
8 24 7 28
6 2 4 25
3 2 7 26
5 2 6 29
1 2 10 21
2 2 11 31
3 3 8 29
5 3 9 21
7 2 9 29
1 2 10 31
8 10 5 23
1 2 7 37
6 2 5 24
1 2 11 6
7 2 12 27
1 2 8 29
4 2 8 27
8 2 17 23
4 2 11 28
1 2 5 23
3 2 4 23
4 3 5 23
2 2 8 24
1 2 1 9
3 3 7 20
2 2 9 20
1 2 10 23
8 3 5 28
4 2 6 7
3 2 13 24
5 2 9 29
6 2 6 26
5 2 12 37
8 12 9 34
7 2 3 36
6 3 8 36
1 2 10 19
7 2 7 38
8 8 8 22
4 2 10 20
6 2 10 27
6 2 8 24
5 2 4 23
1 2 2 23
8 2 24 31
1 2 7 36
1 2 7 8
6 2 4 23
1 2 23 31
8 2 3 7
7 3 2 23
7 3 6 27
8 2 7 37
4 2 4 36
3 2 9 35
6 2 5 36
8 4 6 36
4 5 4 39
8 5 10 12
1 2 4 12
1 2 8 12
7 2 7 12
2 2 4 12
8 4 14 34
