58975
2056
2 8 33 44
5 4 25 45
6 18 87 45
8 6 3 41
8 6 59 42
4 4 33 37
2 20 57 38
5 2 21 13
8 4 5 11
7 2 19 16
2 8 1 17
5 2 21 17
4 26 21 12
2 14 25 33
7 10 5 34
2 4 67 33
2 6 71 33
1 2 71 34
4 20 65 33
4 10 45 5
1 6 35 4
4 2 57 5
3 2 51 2
7 26 49 2
5 4 35 48
6 6 21 46
4 2 39 49
3 18 39 46
4 4 7 2
5 2 9 3
4 2 9 4
6 18 7 1
8 6 31 5
7 2 37 6
1 2 35 8
6 24 37 2
3 8 59 9
6 2 53 11
2 16 59 8
7 6 3 13
5 4 61 15
5 4 53 11
7 12 49 9
5 2 47 9
4 22 55 9
3 4 17 14
6 14 33 15
5 2 73 46
1 14 67 45
5 2 97 28
2 14 97 27
4 2 19 28
8 14 15 26
7 10 1 26
6 14 69 28
2 8 29 23
4 14 83 22
4 2 55 7
1 14 55 6
7 10 79 40
2 12 77 36
2 10 13 37
4 6 61 42
4 2 67 40
5 2 65 39
2 18 67 38
1 8 1 15
8 4 9 10
7 14 15 11
7 4 23 37
5 2 27 36
1 14 19 36
8 4 91 23
7 12 91 22
5 3 4 68
6 3 9 70
5 2 18 68
3 6 26 68
1 2 6 65
4 21 23 64
7 2 41 66
3 3 5 66
6 14 61 65
2 2 26 87
3 3 15 82
7 3 14 81
1 2 38 88
6 2 31 88
6 19 34 80
1 2 47 38
4 2 49 37
7 14 43 37
2 2 19 31
6 12 17 30
3 2 19 31
8 2 23 28
4 16 21 27
2 2 13 30
2 4 15 31
5 16 13 28
1 4 9 29
4 2 45 27
7 6 35 26
7 16 39 24
1 2 89 20
8 12 89 18
8 2 67 19
1 12 65 19
8 7 65 56
8 6 68 58
6 3 44 59
3 4 46 54
8 3 22 61
7 5 28 62
8 4 3 63
2 2 24 65
1 3 62 55
1 2 63 53
2 25 63 52
2 7 13 50
5 5 5 50
4 2 11 50
6 2 9 51
4 4 13 51
1 3 11 53
7 19 5 49
5 10 3 43
6 6 39 42
5 12 41 41
8 10 23 19
1 6 23 18
2 2 39 19
4 14 37 17
3 4 19 17
7 6 7 14
7 4 29 18
3 18 21 15
2 2 19 18
5 4 15 19
7 14 19 17
4 4 47 21
1 2 57 18
8 4 61 23
3 22 57 17
6 4 61 23
8 4 29 26
7 4 65 25
8 4 67 25
4 18 57 24
4 2 11 17
5 4 11 14
2 16 9 14
8 2 57 15
5 6 13 14
5 16 51 12
7 4 11 13
5 2 13 11
8 14 11 11
5 8 13 8
4 4 3 12
4 4 37 8
5 18 35 8
4 2 19 15
2 12 15 15
6 6 13 16
2 4 53 17
4 14 55 16
4 2 33 15
7 12 33 14
8 2 27 15
2 14 29 14
8 2 67 10
2 12 67 8
7 8 15 22
6 2 39 25
3 12 37 23
4 4 37 27
7 2 65 24
8 14 65 23
3 2 47 21
2 4 27 19
1 14 47 19
8 6 33 41
3 10 41 41
3 4 41 39
2 2 39 37
3 4 29 36
8 20 39 36
3 6 15 41
4 12 63 41
1 4 53 43
3 2 61 43
2 8 61 45
2 2 63 45
7 20 59 40
4 10 41 39
6 2 53 39
1 2 53 37
6 6 55 39
6 4 45 41
6 2 55 37
7 4 57 37
3 24 53 36
8 2 57 39
5 16 55 38
8 2 53 43
3 4 21 40
2 2 49 44
7 2 49 46
4 2 47 48
6 30 53 40
1 4 25 43
6 4 43 39
1 2 47 37
7 2 49 39
8 22 45 37
8 6 11 32
3 6 7 32
6 14 7 30
2 2 7 30
7 16 7 27
7 2 9 34
1 8 5 34
6 2 11 34
8 2 11 35
4 22 9 31
2 2 47 34
7 4 39 34
6 18 41 34
1 2 29 35
2 2 29 34
4 4 31 32
6 2 33 32
1 6 11 30
8 4 21 31
1 2 31 35
7 30 29 31
6 6 47 22
4 6 19 19
7 2 53 20
8 16 51 20
7 6 19 10
3 2 57 10
8 14 53 10
7 2 33 9
2 12 33 8
5 6 49 4
7 10 77 1
7 6 33 1
5 4 13 3
8 4 37 5
4 2 37 2
5 22 31 1
5 10 53 5
3 4 1 41
7 10 11 41
7 4 7 37
1 4 17 34
2 2 21 38
4 8 17 39
7 2 19 39
6 2 21 34
7 2 17 34
8 24 15 34
1 4 29 9
3 6 9 11
4 2 31 10
4 6 21 10
4 2 29 8
8 18 29 7
3 6 35 6
6 8 23 11
4 2 37 11
7 16 33 6
2 6 51 13
3 10 53 12
6 4 47 12
1 12 45 12
5 4 11 10
4 4 7 9
4 2 9 13
1 18 5 8
6 4 37 5
2 2 39 5
4 2 39 4
3 6 39 3
8 16 33 4
3 4 15 2
3 2 23 3
7 12 21 1
7 6 15 1
4 10 55 2
2 10 47 2
1 4 7 4
8 2 41 5
1 12 39 4
6 2 57 48
6 2 57 46
1 4 49 49
2 3 38 51
4 21 55 46
6 4 55 49
8 4 57 49
5 4 5 52
6 2 56 51
7 4 2 52
5 19 55 48
4 6 5 48
7 4 43 50
4 12 49 46
6 4 11 47
3 10 13 45
8 4 9 46
3 2 9 44
4 14 9 43
1 4 37 50
3 10 47 47
4 8 37 48
1 10 43 48
1 2 3 48
2 10 1 47
8 4 35 48
3 4 31 48
2 12 35 46
7 2 35 47
5 6 37 47
6 6 33 45
7 4 33 43
2 2 35 44
8 22 33 44
3 2 37 42
5 12 33 41
2 2 25 42
4 2 21 42
6 12 25 40
5 2 9 34
8 10 7 34
3 2 1 34
2 4 7 34
8 2 3 31
5 18 3 31
1 2 33 29
8 4 15 30
1 2 35 29
4 16 33 28
3 2 43 28
6 2 47 30
8 4 49 29
2 18 43 26
4 4 1 26
2 12 33 27
7 6 17 27
5 4 39 25
1 2 41 29
6 4 35 23
1 4 37 22
5 24 43 22
1 2 7 33
7 4 7 35
1 2 7 36
4 2 9 35
3 20 7 31
1 2 5 35
2 14 5 34
6 2 17 33
3 12 13 31
7 2 15 16
5 8 7 13
7 12 23 14
5 4 19 14
3 2 31 14
4 14 27 12
7 2 27 12
1 12 27 10
7 2 15 5
2 8 19 5
5 4 3 6
7 4 15 7
3 16 11 4
6 8 15 4
6 2 17 4
8 2 11 4
2 2 11 6
2 2 9 4
4 22 11 2
3 2 62 61
4 2 89 59
1 10 88 58
4 8 1 35
5 4 5 36
2 4 1 38
8 2 9 38
5 2 11 38
6 16 7 36
6 8 47 18
6 6 3 24
7 2 3 25
8 2 7 26
1 4 9 25
2 2 11 26
5 20 1 24
4 4 9 28
2 2 47 28
1 12 43 26
5 2 27 23
3 10 25 23
2 8 3 22
8 2 53 22
3 10 49 20
3 4 39 22
4 6 37 21
5 12 45 20
4 6 21 7
4 2 17 8
8 2 23 7
3 12 21 6
3 4 54 94
3 2 78 97
4 9 82 94
2 4 15 45
7 2 35 43
1 6 11 45
7 2 37 45
7 6 31 45
2 18 33 43
5 4 23 46
2 2 21 46
7 2 23 48
7 2 25 48
5 2 27 48
1 20 21 45
2 6 7 44
1 2 11 46
8 8 5 44
5 4 3 46
7 2 9 45
3 16 7 45
7 8 3 46
5 6 7 43
2 4 9 43
4 2 1 46
2 2 11 46
4 14 7 44
7 2 25 43
3 2 21 41
1 12 21 40
3 4 19 39
1 4 9 40
4 6 19 40
5 4 7 39
5 4 9 40
8 4 7 40
3 2 5 41
2 26 15 38
1 4 3 39
3 2 3 43
2 2 1 43
6 12 3 40
7 4 1 39
7 2 1 44
1 12 1 40
3 4 3 38
4 8 1 38
4 4 11 38
1 8 21 36
1 4 11 23
7 4 19 21
5 10 17 20
5 2 33 23
4 2 35 21
1 2 37 21
7 14 33 21
6 2 33 21
3 4 5 21
6 2 35 24
2 24 31 19
2 4 29 23
4 4 31 23
6 12 29 22
7 8 45 17
1 6 13 20
6 4 29 19
4 6 27 18
5 12 25 18
1 6 19 19
6 2 21 20
8 12 17 18
2 4 7 20
7 2 27 20
6 4 27 17
4 14 25 17
5 4 23 19
2 8 25 17
6 4 19 17
8 2 21 18
3 16 19 16
5 6 21 16
3 2 23 16
1 14 15 16
3 4 7 14
8 2 9 17
3 2 13 14
6 2 15 14
1 18 15 13
8 4 13 14
3 2 11 13
7 12 11 12
5 2 15 17
4 10 11 15
6 6 25 12
2 4 23 10
5 10 27 10
4 2 25 12
4 2 27 12
1 2 27 13
6 4 29 13
8 16 25 10
3 4 13 7
2 8 13 5
6 8 23 7
6 6 1 5
4 2 23 6
3 10 21 6
2 4 27 2
6 2 25 3
1 2 23 2
2 2 21 1
4 16 19 1
6 2 50 65
7 2 51 65
6 4 25 61
7 5 50 58
3 2 31 60
8 3 28 67
8 4 26 65
7 2 52 64
4 22 51 56
2 2 29 60
7 3 10 64
8 11 29 59
3 3 21 59
7 8 37 57
1 3 39 57
5 8 39 57
1 4 61 57
6 6 38 59
5 3 59 56
7 11 59 56
6 2 43 49
6 6 21 48
2 9 39 49
2 2 5 47
5 8 3 46
2 2 17 44
8 8 15 44
3 2 5 41
6 2 1 39
7 10 1 39
7 2 27 33
5 8 23 32
8 2 25 32
3 8 21 32
6 4 23 31
4 4 39 33
7 10 37 30
8 2 19 32
2 2 21 33
1 2 21 32
4 12 19 31
1 2 11 31
6 2 13 32
2 10 7 31
5 8 11 31
1 2 11 33
2 4 13 32
6 12 11 32
8 2 9 31
7 2 5 31
4 2 7 32
7 2 7 33
1 14 5 29
5 4 25 29
8 2 29 27
8 2 25 27
1 12 27 26
3 4 33 30
4 8 33 28
2 4 9 28
4 8 11 29
4 8 19 25
6 2 21 25
4 6 15 22
7 12 19 23
3 4 21 28
6 10 21 26
2 2 13 28
6 2 15 26
8 2 17 26
7 2 19 26
1 2 11 26
7 2 9 26
3 18 11 25
8 2 9 20
8 2 11 22
7 2 13 22
6 12 7 20
4 2 5 19
6 2 3 20
8 2 3 18
1 12 3 17
6 2 17 13
8 8 11 13
3 2 7 9
1 2 9 9
7 10 5 8
8 4 5 7
2 2 7 8
8 4 7 10
1 4 7 6
5 2 9 7
6 16 5 7
8 2 11 8
4 10 11 8
5 4 5 8
2 12 7 7
6 2 9 3
5 8 9 3
2 4 3 2
8 2 29 2
5 12 25 1
5 7 20 62
5 7 49 55
1 5 31 81
2 3 42 80
5 2 31 80
4 10 38 79
2 5 37 58
8 2 35 62
2 4 17 65
6 10 69 58
3 5 27 63
5 3 2 60
6 4 40 65
6 11 42 59
2 3 28 66
7 8 47 65
5 3 45 69
2 4 25 68
7 2 46 70
8 14 45 66
6 4 32 62
6 2 35 66
4 9 56 60
1 3 8 68
2 2 33 65
3 9 32 63
5 4 46 90
6 7 69 93
5 4 6 74
3 3 48 76
6 3 33 72
6 11 45 72
3 9 52 74
8 3 51 78
4 3 37 73
4 13 71 72
3 3 24 79
7 3 33 79
8 2 32 80
2 12 31 76
4 2 38 74
4 8 63 73
3 4 40 80
2 2 38 83
5 2 42 77
7 10 41 78
5 3 66 72
5 8 71 71
7 7 59 79
7 3 28 97
8 7 45 96
3 3 50 97
5 3 72 98
3 9 86 96
8 3 17 97
5 4 16 98
4 3 22 97
3 2 17 92
6 2 16 91
6 13 21 90
1 3 15 98
7 2 25 95
4 9 22 95
2 3 45 88
3 6 31 92
2 2 17 89
6 9 41 89
8 3 44 90
2 2 49 90
8 6 43 83
2 11 51 86
7 3 40 93
3 2 28 93
8 2 58 92
8 9 61 92
5 3 23 96
5 2 34 94
1 4 25 94
7 3 22 98
4 10 34 92
5 3 33 96
3 7 63 92
4 3 11 72
4 3 8 71
8 9 9 71
6 5 2 75
3 2 52 76
2 2 55 71
5 13 54 71
5 3 4 78
2 8 4 77
4 2 9 77
4 2 2 72
1 9 10 73
6 2 35 78
1 4 19 79
1 12 35 74
5 2 44 77
2 8 43 77
2 4 1 74
5 7 9 73
1 4 40 68
6 3 29 67
8 8 61 68
5 4 27 70
5 5 56 75
4 2 67 74
8 2 34 69
1 12 65 69
4 3 25 75
4 4 30 75
4 3 9 71
8 3 26 70
8 2 29 71
2 2 23 72
7 13 25 70
2 4 31 72
1 2 14 72
7 2 15 74
6 3 27 76
3 12 30 70
3 2 48 74
2 3 9 77
1 9 45 74
5 3 12 76
1 3 17 75
7 2 22 74
1 2 3 75
3 12 23 74
6 3 24 79
1 3 20 75
8 9 22 75
7 3 13 69
5 7 54 66
7 2 43 90
7 2 33 91
6 3 22 86
5 2 44 90
1 11 43 86
5 3 43 88
6 2 44 89
3 9 41 87
3 2 1 84
3 7 16 83
7 4 22 78
1 7 55 79
1 3 21 80
3 2 29 78
5 8 28 79
7 5 2 83
8 7 61 82
1 2 6 82
2 2 3 81
3 8 5 80
3 5 36 79
1 4 35 78
7 9 39 79
1 2 12 83
7 2 8 84
1 3 5 85
6 9 11 79
6 3 16 81
5 3 18 79
4 2 18 85
2 9 18 79
8 5 24 85
8 3 42 89
1 3 15 83
3 9 45 83
8 5 48 86
4 3 9 91
3 2 67 90
8 2 67 86
4 10 65 86
7 4 6 90
5 7 68 88
2 4 6 86
4 6 21 86
7 2 2 87
4 2 1 87
1 3 20 85
7 2 13 85
3 16 18 85
1 2 21 53
1 3 25 49
1 2 29 52
4 9 28 50
8 2 26 55
3 2 25 55
6 8 25 52
5 2 20 52
5 2 23 55
1 9 26 51
7 2 37 54
1 9 36 53
4 6 41 91
6 6 33 50
2 6 60 51
4 6 13 43
8 6 1 43
8 6 1 34
7 6 19 11
7 6 25 6
2 6 15 6
5 4 53 64
8 4 23 67
3 3 36 62
7 3 3 60
2 2 53 64
4 2 53 65
3 14 52 60
8 3 14 70
6 2 61 70
8 9 61 67
5 2 24 67
2 2 12 66
1 9 24 67
3 2 51 72
6 7 52 70
6 4 18 63
1 6 55 64
4 4 12 50
7 2 26 53
2 2 37 53
5 9 36 50
6 4 3 45
3 2 3 45
1 8 3 45
3 6 5 46
5 6 3 44
4 4 21 36
1 2 27 38
4 8 25 36
5 6 23 35
6 4 19 36
8 2 21 37
7 8 19 35
7 4 3 30
3 6 1 31
6 4 7 28
2 2 21 30
3 8 21 28
6 4 9 24
4 2 11 24
1 4 13 24
2 2 15 24
5 14 9 24
4 4 3 25
5 2 7 23
2 12 7 23
8 2 7 24
3 8 7 23
4 4 13 6
6 6 13 6
4 3 18 83
6 2 48 84
3 2 47 83
4 8 45 81
1 3 13 69
1 2 43 72
5 7 45 69
2 2 40 72
6 3 30 75
1 8 41 70
7 7 42 73
6 6 42 71
5 4 31 64
8 4 40 63
2 7 50 64
4 3 26 67
6 3 13 65
4 7 35 65
3 3 35 63
4 2 36 65
2 7 35 63
4 3 35 65
4 2 2 64
7 4 29 59
1 8 33 62
3 3 52 57
2 3 12 62
3 9 56 57
4 3 15 58
6 6 53 57
6 3 19 56
7 6 22 54
2 3 35 54
1 8 59 51
4 4 36 56
7 4 18 58
6 7 36 54
7 4 28 57
5 7 45 55
2 3 16 59
2 3 31 54
4 3 11 56
8 9 33 53
2 2 27 53
4 3 14 52
2 3 17 53
4 10 30 50
4 6 52 55
2 2 50 90
5 2 50 90
6 7 49 89
1 2 31 88
6 6 37 85
3 2 5 88
4 6 5 86
1 3 1 90
2 6 8 89
5 2 40 90
6 7 38 90
1 4 13 89
7 4 37 85
5 3 39 90
7 11 42 86
7 3 27 87
3 2 38 86
7 3 18 85
2 10 40 86
8 5 5 86
5 8 24 86
7 3 3 89
1 2 41 91
8 2 52 87
1 4 24 85
2 13 48 87
2 5 22 85
8 7 38 88
4 2 36 86
7 6 43 83
1 2 6 78
2 6 6 77
3 4 17 80
8 2 24 80
3 3 8 78
5 8 24 79
8 2 19 77
3 6 25 73
8 2 19 55
2 6 24 51
1 2 37 49
3 6 37 48
5 2 33 49
2 7 31 49
7 2 11 49
2 6 11 48
6 2 11 49
5 2 13 48
4 9 13 47
7 6 7 49
4 2 7 48
5 6 7 47
2 2 5 47
3 3 1 49
5 2 1 51
2 2 5 50
8 12 3 47
6 6 51 51
7 4 3 46
2 2 1 45
6 8 1 44
8 2 28 53
4 2 11 53
3 2 43 52
7 8 48 51
8 2 41 53
3 6 48 52
3 2 18 52
1 6 25 53
4 2 17 51
1 3 7 51
5 8 13 50
4 2 15 37
3 6 15 37
1 4 9 38
6 6 13 37
8 2 5 38
4 6 5 37
2 6 7 37
5 2 3 37
7 6 1 37
3 2 1 39
5 8 1 36
7 2 1 38
3 4 3 36
1 10 1 36
7 6 3 35
2 2 1 37
3 6 1 35
7 2 1 27
1 2 3 26
6 2 5 26
8 12 5 25
3 2 5 19
4 6 3 19
3 2 3 18
5 6 1 18
7 2 9 17
8 6 9 17
5 2 21 3
2 2 23 3
6 8 21 2
6 4 13 1
8 2 25 1
6 4 27 1
1 10 23 1
5 2 21 4
6 2 23 3
2 2 19 3
4 4 15 3
7 4 5 2
3 14 11 3
8 4 11 2
4 2 9 2
1 12 7 1
2 2 5 2
7 4 7 2
2 2 9 2
8 14 5 1
5 2 5 1
7 2 7 1
3 10 3 1
6 5 8 87
6 3 74 91
4 6 78 88
3 3 13 88
2 2 31 89
1 2 46 87
8 9 47 86
7 3 61 86
3 4 57 87
1 7 68 86
3 5 44 78
5 4 32 83
4 6 44 79
3 2 37 80
1 2 26 78
7 7 45 79
6 5 52 55
3 4 22 89
7 5 29 86
2 2 53 88
2 6 66 88
8 4 15 62
4 3 25 69
4 6 41 65
6 4 7 41
6 2 3 42
3 8 3 41
1 3 33 90
5 3 9 87
6 6 31 88
8 3 21 83
2 6 22 85
4 3 6 90
7 2 6 90
4 2 4 91
6 8 3 90
8 4 21 89
1 5 52 90
8 3 51 88
4 3 4 85
3 2 46 91
5 10 51 84
5 3 15 74
1 5 25 74
8 2 37 74
6 7 35 73
5 4 30 78
2 5 38 74
5 5 36 75
1 3 42 77
8 2 16 76
1 3 30 79
8 7 42 76
4 3 7 75
7 2 26 73
4 6 25 73
1 3 23 57
2 3 46 53
6 3 46 53
8 7 50 54
1 2 35 58
5 6 35 56
7 5 55 52
6 3 12 55
8 5 19 55
8 3 29 55
4 6 35 53
5 3 41 52
7 2 48 48
6 6 51 48
2 2 45 92
7 5 49 89
6 2 25 90
2 5 27 88
6 2 3 75
6 5 5 75
6 5 36 75
8 3 21 76
2 5 41 77
5 2 28 73
3 3 13 73
6 6 25 72
6 3 27 72
5 5 30 70
2 2 25 66
5 5 26 66
7 2 32 63
7 5 41 61
8 2 7 62
5 3 35 57
7 6 37 58
3 2 5 51
2 4 38 49
8 6 50 49
1 2 44 52
4 3 24 54
6 2 42 55
7 8 44 50
4 2 6 48
8 6 5 48
3 2 23 48
4 6 23 48
2 2 42 53
8 5 46 54
6 2 40 47
7 3 4 49
2 2 40 51
2 8 42 45
1 3 42 47
5 5 41 47
3 4 21 46
3 2 40 45
5 2 45 43
8 2 41 44
7 9 40 44
1 2 38 45
4 8 38 44
8 2 38 46
2 2 17 48
3 7 36 45
1 2 1 42
4 3 1 41
1 2 1 39
2 8 1 38
7 5 7 39
1 4 5 87
1 4 8 79
3 4 40 75
4 4 19 63
1 2 36 64
2 2 42 63
7 6 39 63
5 2 17 64
2 5 18 63
4 4 17 66
6 4 19 67
3 2 22 69
4 2 20 68
8 6 18 68
7 2 24 70
8 2 15 70
5 6 20 70
5 4 18 65
1 3 18 68
1 2 36 66
2 2 33 66
3 7 34 66
2 3 14 64
8 7 34 64
7 4 1 38
5 3 1 38
2 2 1 36
4 7 1 36
1 4 7 34
7 4 9 35
6 4 7 35
5 4 3 32
8 4 1 30
6 4 13 27
1 4 11 27
7 8 9 27
8 2 7 27
3 2 7 28
2 8 7 25
8 2 7 26
5 6 7 25
4 4 3 25
3 2 1 25
1 2 3 25
6 2 1 23
7 10 1 23
8 2 3 26
8 2 3 28
6 8 3 25
8 2 1 21
1 4 3 21
8 2 5 21
5 2 5 20
4 12 5 20
8 6 3 19
2 4 3 17
5 2 5 20
6 2 3 17
7 12 3 17
3 4 3 25
2 4 1 24
3 4 7 21
6 4 1 21
1 4 13 19
3 4 23 15
6 4 1 14
3 2 7 15
3 2 9 15
2 8 7 14
5 4 15 11
2 4 5 11
8 2 13 10
1 6 11 10
3 4 9 12
2 4 9 11
6 4 7 11
4 8 7 11
3 4 5 10
6 4 1 10
3 2 3 9
5 6 1 9
3 2 1 8
7 4 3 8
1 8 1 7
5 2 5 8
7 2 7 8
6 10 3 7
8 2 1 9
3 6 1 8
8 6 1 7
3 2 3 7
4 6 1 6
1 4 1 9
5 4 1 7
3 4 7 5
5 4 1 2
8 4 21 1
4 4 1 1
7 2 5 1
2 6 3 1
8 6 3 1
5 2 3 1
7 8 1 1
7 3 9 78
1 4 11 76
1 3 14 76
5 5 32 75
8 3 29 74
4 3 16 77
2 7 32 75
5 3 18 76
8 2 53 73
7 3 15 75
5 7 51 74
1 2 33 78
4 5 30 77
7 2 23 76
6 5 25 75
3 4 25 75
3 3 31 74
7 4 51 72
5 3 31 65
3 3 20 64
1 2 35 66
3 2 36 63
5 7 36 63
7 2 19 68
3 2 18 66
1 6 30 65
6 4 48 68
7 3 21 67
8 2 25 67
3 2 11 64
6 6 25 64
3 2 24 63
4 5 23 62
2 3 30 68
4 4 31 67
4 2 13 71
1 2 31 69
1 6 41 69
6 4 34 69
7 3 19 57
8 2 25 57
1 5 28 56
6 2 14 56
2 5 19 56
2 2 30 57
2 2 23 55
5 2 13 57
2 2 32 56
5 10 31 53
1 3 17 56
3 2 21 60
6 7 23 56
2 4 24 56
8 3 9 59
4 6 21 58
4 3 55 50
2 4 55 49
3 3 23 47
3 3 27 48
4 5 37 45
1 3 14 48
8 2 32 51
6 2 22 46
3 7 37 46
6 2 11 51
6 2 29 48
2 7 28 47
8 4 27 47
7 6 44 46
5 2 10 51
3 6 37 50
2 2 26 48
1 6 25 47
5 5 25 46
5 5 29 48
8 3 24 50
4 5 41 47
3 3 35 53
2 4 34 52
4 3 8 48
2 3 13 47
2 5 22 45
3 3 10 47
7 4 11 47
8 3 27 34
2 2 4 35
4 5 25 34
7 3 6 33
2 4 7 32
6 3 26 33
7 2 21 34
4 5 29 31
2 2 23 74
6 2 19 74
1 2 21 71
6 3 1 70
7 2 22 70
8 2 24 72
4 12 23 69
1 4 23 74
6 3 22 76
7 2 16 76
7 2 1 73
8 2 23 77
5 8 21 73
3 3 21 70
7 4 22 70
8 3 23 71
1 4 24 71
7 3 19 71
1 3 23 75
5 6 34 71
6 3 5 71
3 6 23 70
1 2 25 75
8 5 31 73
2 2 32 79
3 4 32 78
2 2 10 76
8 4 13 75
3 2 7 72
4 3 6 69
5 2 15 75
6 2 20 76
7 7 23 70
8 3 11 68
1 2 19 64
4 5 19 65
7 3 19 62
8 4 26 63
8 3 19 60
3 3 17 60
2 2 16 64
6 7 16 61
4 2 19 62
6 2 15 58
1 6 18 59
8 5 36 61
8 2 34 64
1 2 35 61
3 6 36 61
1 3 8 56
3 4 15 57
4 2 14 75
7 2 5 72
4 5 23 73
6 2 19 74
4 2 25 74
7 6 26 71
5 3 21 69
4 4 22 70
2 2 15 76
8 2 18 78
1 5 17 75
6 2 5 67
1 4 19 66
7 2 4 66
5 2 2 63
5 5 8 63
4 3 23 61
2 4 24 61
1 2 32 54
2 4 32 53
4 2 21 53
1 4 22 53
4 2 20 51
3 3 4 48
8 3 1 48
3 6 12 46
6 2 3 49
2 5 3 47
4 3 12 49
8 5 12 48
1 3 3 49
1 2 24 52
4 7 24 49
6 3 3 53
6 2 21 50
7 8 22 50
6 4 25 50
2 4 25 49
3 4 20 50
7 3 2 48
6 2 13 47
1 5 11 46
8 3 12 45
1 2 5 42
5 2 12 41
4 7 13 41
3 3 17 43
1 5 16 44
3 2 11 46
7 5 13 45
1 4 22 49
1 3 2 47
2 2 7 46
6 2 12 45
5 2 5 45
8 7 9 45
1 3 41 42
3 3 13 42
4 5 37 43
7 2 12 54
8 2 4 56
8 5 19 54
6 5 13 52
7 2 21 56
8 4 20 56
7 2 45 40
5 4 49 39
5 2 34 40
3 4 34 38
6 3 25 37
7 4 32 38
2 2 8 39
3 2 19 41
1 5 23 38
1 3 35 40
2 2 31 41
5 2 36 39
4 6 35 37
2 2 2 40
8 2 8 39
2 2 9 39
7 3 8 38
7 2 6 39
3 8 7 37
8 3 32 40
3 4 30 41
3 3 1 38
3 3 26 35
2 5 33 36
8 4 20 36
5 2 32 41
1 3 17 40
7 5 31 41
2 2 27 42
1 4 27 41
2 2 14 39
8 4 15 38
1 2 5 38
3 6 15 38
3 2 28 37
6 4 26 38
2 2 2 37
4 4 19 36
6 2 33 33
3 4 31 34
1 2 30 30
3 4 29 30
5 2 3 28
2 4 3 27
3 4 1 28
6 2 3 29
1 5 3 28
8 4 1 27
1 2 18 30
2 2 9 32
7 5 18 29
8 2 1 29
5 2 14 29
6 5 19 29
3 2 2 33
8 4 15 32
2 2 22 32
1 2 2 32
5 6 18 31
3 2 3 27
5 4 3 26
4 2 1 27
6 4 1 26
6 2 1 23
4 4 5 22
3 2 7 22
2 8 3 22
6 2 3 23
5 4 3 22
8 2 1 23
8 4 5 22
5 2 1 21
7 4 1 21
1 4 1 20
6 2 1 21
7 2 3 20
7 2 1 19
5 8 3 18
8 4 1 18
1 6 1 17
1 2 5 14
5 4 5 14
4 2 1 11
8 4 1 11
1 2 25 10
7 4 23 10
5 2 13 10
7 4 11 10
6 2 9 10
1 4 7 10
5 4 7 9
1 2 1 9
3 4 1 8
5 2 3 4
7 4 3 4
2 2 1 5
8 4 1 5
4 2 1 6
6 4 1 6
3 2 7 5
5 4 7 4
8 4 5 5
5 2 1 5
7 4 1 5
4 2 1 5
2 2 5 4
3 2 1 4
1 8 1 3
2 2 1 5
4 2 1 3
5 2 1 1
6 8 1 1
8 2 1 2
4 4 5 1
3 2 5 1
2 6 3 1
4 2 1 1
7 4 1 1
6 2 1 3
5 4 1 2
7 3 18 59
5 3 16 57
5 3 36 50
6 3 16 47
8 2 3 48
2 6 16 46
5 2 12 48
4 2 18 48
7 2 9 43
8 2 16 43
7 10 17 42
6 2 24 44
7 5 23 44
4 2 15 44
8 4 14 45
3 3 19 49
5 3 18 49
7 3 21 50
6 2 19 50
2 4 21 50
5 3 20 50
2 3 17 47
6 3 10 36
4 3 10 34
2 2 11 34
2 2 11 32
5 3 8 31
4 2 10 31
6 2 15 28
2 8 15 29
8 2 22 31
7 5 21 31
5 2 22 34
2 2 18 33
8 6 19 33
4 2 18 32
4 3 20 35
6 2 1 32
4 2 12 30
1 8 17 31
8 2 11 35
2 2 7 32
8 2 7 37
7 2 8 38
4 2 7 40
6 10 16 32
1 2 12 29
7 2 11 29
5 2 7 29
3 7 12 28
1 3 34 24
5 3 26 24
7 3 2 24
6 3 2 24
3 4 2 25
8 2 18 26
6 3 15 22
7 5 21 23
3 2 17 23
5 4 17 23
8 2 17 23
1 2 13 27
6 5 19 23
7 2 7 23
2 2 19 19
1 5 18 20
6 3 6 23
7 3 11 23
8 3 24 24
2 3 15 24
5 3 10 24
6 4 17 21
1 2 6 26
1 4 20 24
2 2 9 24
4 4 10 23
8 2 7 23
8 4 8 23
5 3 10 24
7 2 14 23
5 4 13 22
1 3 18 15
3 3 7 14
4 3 8 13
6 3 7 14
8 2 7 16
1 4 6 14
7 4 22 16
1 3 26 17
3 3 33 12
4 3 3 12
5 2 28 13
1 4 28 12
6 3 2 13
8 3 30 12
8 2 9 61
2 2 7 61
4 4 7 59
8 2 3 59
8 4 15 57
6 2 11 58
6 3 12 57
8 2 18 56
6 3 37 55
2 2 32 55
4 2 28 54
3 4 31 54
2 2 17 56
8 3 33 54
6 2 13 57
1 3 23 55
1 2 19 56
3 3 32 54
4 2 32 54
2 3 31 54
4 2 1 54
4 2 15 55
5 4 18 54
3 2 18 56
2 4 17 55
6 3 17 55
1 2 1 57
3 3 15 54
1 8 16 54
7 2 16 53
8 7 16 53
8 4 24 53
4 2 6 56
2 3 6 56
3 2 6 55
7 3 14 56
5 3 10 53
8 3 12 51
1 2 13 53
5 4 16 52
7 3 18 52
5 2 4 55
4 3 15 54
3 3 14 56
4 2 8 56
2 3 13 54
2 2 1 51
8 3 17 50
8 2 1 47
1 3 16 48
6 2 10 50
4 3 16 50
3 2 10 51
5 3 9 50
7 3 8 50
7 2 5 50
4 3 12 48
1 3 11 49
6 2 4 51
5 3 12 51
6 2 13 55
8 3 16 53
4 2 12 55
7 3 20 54
1 2 15 54
5 2 13 54
6 2 12 52
3 5 14 53
5 2 6 48
2 3 5 48
8 4 7 48
4 3 10 46
7 2 7 49
3 3 7 49
1 2 19 43
5 3 26 43
8 2 7 43
1 2 9 43
4 5 8 42
7 5 9 43
2 2 6 44
3 2 9 45
5 5 9 42
6 2 10 45
5 3 26 46
2 2 1 44
5 3 11 44
4 3 4 43
4 3 12 42
8 2 7 45
8 3 26 46
1 2 6 45
4 3 5 46
6 3 19 46
1 2 11 46
7 3 10 46
8 2 3 45
3 3 7 43
2 2 10 39
8 3 9 40
6 3 9 40
5 2 8 41
7 2 2 38
2 4 11 39
3 3 11 37
1 2 14 40
7 3 17 39
4 2 8 40
8 3 8 40
3 2 5 37
3 3 7 38
4 4 11 35
3 2 10 35
7 4 11 35
4 2 2 37
5 3 4 36
6 2 3 38
8 3 5 38
1 3 5 38
7 3 5 39
5 3 5 38
7 2 9 41
4 3 9 40
3 2 15 32
6 3 22 32
4 2 12 31
6 3 11 31
7 2 7 30
6 3 6 29
1 2 5 32
8 3 11 30
5 3 10 30
3 2 10 31
5 3 17 32
3 3 12 32
1 2 13 34
8 4 13 34
6 3 11 34
1 2 6 31
7 3 13 32
1 2 8 32
2 3 8 30
6 3 8 32
7 2 17 26
3 3 16 26
2 2 13 27
8 3 15 25
5 3 14 25
1 3 13 24
2 2 11 24
3 4 11 23
5 2 3 26
6 3 6 25
4 2 3 20
2 3 12 19
5 2 3 18
6 4 17 17
1 2 11 21
7 3 15 20
5 2 14 20
3 3 14 20
7 2 10 17
8 3 15 18
1 2 9 16
8 4 20 16
2 3 11 14
5 2 29 18
7 3 30 17
3 2 17 17
7 2 10 16
1 4 16 16
2 3 27 17
6 2 8 12
6 3 10 12
5 2 1 11
7 3 1 10
3 3 1 9
2 3 1 8
8 4 5 7
5 3 3 7
5 2 44 57
2 2 13 56
5 2 30 56
8 2 23 56
2 2 22 57
6 2 28 56
6 2 14 56
3 2 13 56
8 2 6 56
7 2 10 55
6 2 18 56
1 2 17 57
8 2 22 56
2 2 17 56
3 2 13 56
6 2 5 55
4 2 9 55
7 2 14 56
5 2 13 56
8 3 14 56
2 2 10 56
2 2 12 53
5 2 11 53
5 2 8 53
8 2 1 52
8 3 8 51
7 2 7 53
1 2 8 54
2 2 1 53
2 2 3 54
5 2 2 54
6 2 4 53
2 2 3 54
6 2 13 50
2 2 12 51
7 2 10 48
3 2 11 47
2 2 8 47
2 2 9 48
4 2 6 47
6 2 9 47
3 2 2 47
3 2 5 46
1 3 4 45
5 2 6 47
8 3 6 46
1 2 4 47
4 2 8 42
1 2 2 42
1 3 6 41
2 3 8 40
6 2 18 39
3 2 9 39
4 2 1 39
5 2 6 40
7 2 7 39
6 2 7 38
1 2 6 39
8 2 14 39
4 3 13 39
8 2 9 35
6 2 15 33
8 2 15 32
4 2 14 33
7 2 8 32
2 2 4 32
1 2 9 31
5 2 11 31
2 2 7 31
7 2 11 32
3 6 11 29
7 4 9 30
2 3 8 32
4 2 8 30
2 2 9 31
1 2 10 29
1 2 9 27
5 2 8 27
8 2 2 26
7 2 4 25
5 3 4 26
4 2 5 25
8 5 5 24
7 2 6 28
2 2 13 23
1 2 1 23
7 2 5 23
5 3 4 22
7 3 9 20
4 2 8 21
3 3 7 21
8 2 8 21
2 3 8 20
5 3 6 21
4 2 8 21
4 2 6 21
1 2 6 20
2 2 2 20
3 2 9 21
6 2 10 19
8 2 10 18
2 2 17 17
4 2 19 15
7 2 6 15
3 2 10 12
6 2 1 11
4 4 11 12
5 2 13 16
1 2 13 17
2 4 12 16
2 2 14 14
2 2 16 14
8 2 11 14
6 2 19 13
6 2 15 13
7 2 13 13
5 3 13 12
4 3 17 13
1 2 10 13
3 3 15 14
5 2 5 12
6 2 5 13
7 3 5 12
5 2 9 14
1 3 11 14
3 2 11 16
8 2 12 17
4 3 11 17
3 2 8 15
6 2 8 14
4 3 8 13
6 2 5 11
4 2 4 12
5 2 7 10
4 2 21 8
6 3 28 8
6 2 21 9
8 2 19 8
7 4 20 8
5 2 3 10
8 2 15 9
2 2 7 9
1 2 21 8
3 4 19 8
4 2 5 8
7 4 7 8
3 3 5 9
3 2 7 10
8 3 5 10
1 2 7 9
4 4 7 9
7 2 4 10
2 2 4 10
2 2 13 8
7 2 1 7
4 2 1 6
2 3 3 5
7 4 3 5
8 3 3 6
5 2 1 5
1 5 1 5
8 3 3 4
3 2 1 4
4 4 1 3
8 2 7 3
6 2 5 3
7 2 3 3
2 2 1 3
1 2 1 2
8 3 1 1
4 2 1 1
