28338
2467
2 8 50 15
8 6 61 68
4 10 80 35
6 8 20 30
6 8 98 43
3 10 36 18
5 10 16 8
5 8 86 15
2 8 30 23
4 12 28 12
2 12 92 14
3 8 60 22
2 14 28 35
8 6 52 37
2 8 34 44
6 16 88 46
2 16 62 39
2 7 81 54
5 8 40 9
5 10 8 43
5 4 30 33
8 12 20 27
4 10 52 5
7 8 30 27
7 10 86 40
7 14 56 6
3 4 28 7
3 6 24 1
7 10 46 10
4 8 86 25
2 10 66 8
6 6 70 32
2 12 70 33
3 4 18 96
2 6 68 45
7 10 8 34
6 8 8 3
5 6 88 15
8 4 56 34
7 8 46 25
7 6 94 22
6 12 58 34
6 6 6 42
1 10 76 46
6 8 30 32
4 3 78 96
7 6 30 2
1 8 6 34
6 4 67 67
2 8 96 29
4 8 80 33
8 6 36 63
8 8 92 18
8 6 78 44
7 6 38 26
2 8 4 17
6 12 42 16
3 6 54 41
6 7 37 85
4 10 76 14
3 10 42 47
1 10 70 19
7 8 34 2
7 10 4 28
2 8 80 39
1 6 40 19
6 8 36 7
2 6 70 39
8 2 56 20
7 6 4 85
6 5 3 76
8 6 72 19
2 4 28 41
4 8 6 33
6 3 64 78
7 6 32 35
5 6 82 5
8 10 56 42
8 10 26 20
4 10 38 18
4 7 25 66
5 6 76 48
1 8 56 21
7 4 18 18
2 10 40 19
5 6 48 24
6 8 54 43
1 8 4 15
7 6 42 1
7 6 88 7
4 8 22 39
4 6 60 24
4 6 54 47
5 2 64 12
2 10 54 45
1 10 62 48
8 8 78 22
4 8 44 38
7 8 74 15
7 6 22 2
8 6 86 11
6 7 22 64
7 8 20 23
6 4 50 42
2 6 32 9
8 7 66 56
3 8 34 27
7 10 62 25
2 11 68 57
5 6 6 3
3 6 56 43
8 6 56 22
3 8 16 47
3 4 59 81
3 4 36 15
6 7 75 94
5 4 18 44
4 8 64 24
4 8 82 42
5 4 5 52
1 8 70 6
3 6 8 32
5 6 4 32
8 8 42 9
7 6 90 36
7 8 76 3
4 8 62 48
7 8 52 37
2 10 42 9
8 3 7 58
4 10 54 41
7 5 74 59
1 6 38 11
3 6 70 41
5 8 76 22
5 6 42 1
1 8 32 29
4 6 82 18
4 10 48 13
4 8 30 28
7 6 22 10
4 6 50 49
5 6 12 25
4 6 70 3
5 6 30 15
7 6 22 14
3 6 14 14
1 4 46 40
4 8 76 1
7 4 80 49
7 4 45 84
2 8 78 27
5 8 36 14
5 9 80 48
2 6 20 15
8 8 69 84
1 4 89 94
7 8 72 42
2 6 48 42
3 4 38 39
5 8 50 42
1 4 66 3
2 4 52 55
4 6 8 33
8 6 42 13
6 5 9 96
8 4 81 72
2 6 4 47
4 8 16 46
4 4 40 21
2 8 42 31
8 6 40 18
8 3 13 87
3 4 80 37
3 6 34 24
3 6 38 49
2 6 60 33
5 6 32 2
3 6 34 68
5 6 74 29
4 10 34 26
7 8 52 44
8 6 48 40
8 8 36 37
2 8 76 4
7 4 38 6
8 8 56 23
6 8 16 46
5 8 60 33
2 6 20 26
4 8 28 31
3 8 38 6
1 6 14 45
6 5 80 61
8 6 40 45
2 4 38 27
8 6 34 6
6 6 58 28
1 6 70 28
4 4 64 11
7 4 40 29
5 6 64 5
8 6 68 1
6 8 58 23
5 6 46 11
2 8 44 29
2 6 82 11
8 6 20 10
1 6 58 26
5 6 20 30
2 4 90 50
8 6 8 41
1 6 40 21
7 6 4 13
1 6 4 40
4 6 14 28
3 8 68 16
3 6 52 11
6 8 60 34
5 3 18 99
1 4 61 100
6 4 60 40
7 7 68 82
7 6 64 23
2 4 4 40
3 10 4 41
8 4 50 35
1 5 23 80
7 3 41 52
4 6 38 32
6 6 48 74
5 4 34 42
2 6 58 13
3 8 58 13
1 6 38 9
3 4 64 24
5 6 44 18
1 6 8 40
1 3 87 66
6 8 68 12
5 4 18 47
1 6 74 21
8 6 60 37
5 4 14 28
4 8 34 27
7 6 60 20
8 4 66 58
3 12 60 19
4 6 56 48
4 4 18 27
6 6 6 25
3 6 20 32
4 3 12 73
2 4 10 24
7 6 12 50
7 6 10 15
3 6 8 41
5 5 66 92
7 6 52 37
7 4 58 25
1 8 32 29
4 6 40 45
6 4 54 17
8 6 16 34
1 4 46 6
8 8 58 25
4 8 54 18
4 8 42 33
3 4 26 3
5 6 32 28
3 6 40 35
8 6 60 96
7 10 42 35
6 6 50 28
8 6 64 12
3 8 34 29
7 5 63 67
3 6 20 4
2 10 20 5
5 6 60 39
7 6 26 17
1 4 44 13
5 6 36 33
4 5 29 69
4 8 20 15
8 6 14 43
1 8 24 19
5 6 52 24
6 8 34 5
7 2 45 61
3 6 89 54
5 8 34 3
7 6 38 17
5 6 14 34
1 8 44 45
3 4 14 5
7 4 36 74
4 6 60 13
6 6 20 5
3 8 48 28
1 6 30 16
5 3 66 54
6 5 89 73
8 8 10 34
8 6 75 98
3 6 56 47
2 8 56 48
6 3 60 76
8 4 14 12
4 4 2 26
8 8 24 26
7 4 41 95
8 7 12 72
4 5 35 74
7 4 56 11
3 4 24 31
6 8 44 48
4 2 48 25
5 6 44 27
8 10 42 27
3 4 56 98
6 4 27 62
2 4 12 23
7 6 30 24
5 4 90 86
5 2 20 20
4 6 82 76
6 6 34 12
2 4 14 43
7 4 20 7
4 6 10 2
6 10 10 1
2 6 44 38
5 6 56 76
6 6 34 23
2 6 20 38
5 4 48 19
7 4 42 9
2 6 18 14
6 4 44 36
4 6 30 1
3 6 36 93
1 4 8 8
1 6 78 75
4 4 51 67
5 4 16 19
8 4 26 5
3 4 58 7
6 6 56 8
3 6 50 21
1 4 35 83
7 4 12 47
2 4 50 41
7 4 52 60
2 6 22 28
6 2 42 84
4 6 14 2
3 4 2 46
7 6 8 36
3 5 24 80
1 4 39 77
6 4 62 6
5 6 16 26
3 8 44 38
4 8 38 8
7 4 26 18
7 6 6 8
2 4 33 66
1 6 12 34
7 4 7 92
6 8 61 68
7 6 44 35
4 2 14 25
1 4 18 43
1 4 6 29
6 4 50 42
3 7 35 66
3 4 10 27
7 4 34 21
2 6 24 38
5 4 4 6
4 8 58 36
3 4 64 12
1 6 14 10
8 6 28 6
1 6 52 36
8 2 16 79
4 6 46 43
3 6 57 77
8 6 44 47
1 5 75 56
2 3 39 99
4 7 16 49
5 4 38 27
6 6 4 6
6 4 74 90
2 6 52 3
2 4 57 91
5 4 32 8
6 8 48 6
6 4 26 42
6 6 34 9
3 6 30 8
3 4 15 82
8 6 16 4
8 4 8 7
4 6 52 12
6 4 42 38
6 6 6 7
4 7 42 83
5 6 46 6
3 6 36 40
1 8 56 11
6 4 14 27
2 8 26 8
8 4 54 2
5 5 8 50
8 4 34 68
3 8 40 7
1 8 26 7
2 7 8 50
8 8 36 10
1 3 83 72
6 5 47 90
4 6 60 22
8 4 20 38
2 2 37 84
7 10 8 50
6 8 48 11
3 2 85 79
4 6 32 11
6 4 49 61
5 8 42 11
8 8 44 12
2 6 44 43
4 6 22 8
4 4 6 4
6 6 34 39
8 4 20 41
4 6 37 93
7 6 8 27
3 6 22 10
5 3 79 73
5 6 12 3
4 6 40 29
8 4 66 23
1 4 83 62
4 10 12 3
8 6 20 9
3 6 40 25
3 4 28 23
1 4 20 4
4 4 54 4
6 4 26 33
7 4 26 21
7 4 8 41
8 3 60 89
6 6 38 45
8 6 42 31
2 6 16 45
6 10 42 1
4 4 26 19
1 6 10 3
3 8 40 3
4 6 32 38
4 2 11 57
4 7 80 54
6 4 4 11
7 4 36 58
7 8 34 45
7 4 40 39
1 6 16 20
5 6 30 48
6 4 22 58
6 4 56 31
8 3 11 87
2 6 16 48
3 6 24 3
7 4 44 30
7 6 44 46
1 8 34 38
5 3 72 77
6 5 6 50
2 6 36 47
4 6 6 48
2 6 54 21
3 6 22 6
3 5 15 87
5 4 25 52
1 5 39 57
1 5 88 59
1 4 38 43
8 10 40 43
3 4 6 3
2 4 4 48
1 6 4 48
5 3 4 68
6 4 58 49
2 5 88 88
8 6 43 86
8 4 89 65
3 4 61 65
5 4 27 83
4 4 52 17
6 4 24 47
5 3 40 50
4 4 42 49
2 4 4 35
2 8 42 50
1 4 14 36
7 3 27 62
4 2 20 87
8 4 58 77
5 6 16 36
2 5 9 51
2 4 46 18
5 6 28 43
7 6 18 4
5 6 30 5
6 6 16 38
5 6 22 41
5 5 38 59
1 6 22 33
6 3 17 87
6 5 29 87
2 8 28 40
7 4 20 14
5 4 32 29
4 4 68 77
7 5 36 50
6 4 14 41
7 3 17 85
7 6 70 32
1 4 32 31
8 3 27 90
5 6 32 38
3 4 52 31
1 2 20 8
6 6 20 49
6 4 27 51
7 5 8 50
6 2 28 44
8 5 83 85
3 9 84 86
7 6 20 7
8 3 62 98
5 4 4 40
8 4 22 65
1 4 16 40
3 6 50 85
5 3 85 80
7 3 9 66
6 3 30 74
1 4 30 9
4 6 28 8
2 3 18 60
3 4 30 16
6 4 16 1
5 6 46 2
7 4 3 53
4 6 22 7
6 6 40 26
4 4 30 99
3 6 8 7
2 10 24 6
4 4 20 43
2 4 8 6
5 3 5 79
1 3 40 73
8 2 6 32
7 4 22 33
2 8 5 78
4 2 63 74
1 4 34 88
3 6 30 39
1 5 16 69
5 4 32 44
4 4 70 74
3 7 49 79
4 4 14 29
6 3 11 62
8 8 22 7
5 6 77 77
6 4 14 21
1 4 10 29
8 6 41 100
1 4 28 27
4 4 42 46
3 5 73 97
7 6 14 29
5 2 51 56
7 4 60 14
2 4 8 44
2 5 58 90
3 4 14 39
8 6 12 28
3 4 42 24
4 4 38 18
5 6 44 32
6 4 16 30
5 3 4 61
8 4 16 26
3 6 26 31
5 4 22 32
5 4 32 20
1 6 16 26
2 4 40 30
2 6 42 24
7 6 16 27
4 4 40 25
5 4 2 24
2 4 16 43
6 4 48 77
1 3 78 79
4 4 18 5
6 5 55 59
7 4 30 98
2 4 20 33
2 6 14 40
1 6 32 3
2 4 24 33
6 4 12 3
4 4 54 20
1 4 36 1
3 3 14 61
5 4 34 14
7 4 6 3
1 5 60 75
5 2 55 78
6 4 30 37
5 4 26 40
1 4 30 38
1 6 40 46
1 3 26 96
2 6 6 2
6 2 6 30
8 6 16 30
3 4 36 21
6 4 16 7
4 4 46 52
7 4 69 53
4 6 12 4
6 4 38 49
7 3 49 57
6 4 12 31
5 4 50 90
3 4 35 69
4 7 53 67
1 4 10 26
2 8 14 31
4 4 42 22
8 3 61 93
3 4 10 33
1 5 45 54
4 4 16 31
5 2 20 41
4 3 21 69
6 8 28 31
2 6 30 44
5 8 42 21
4 4 19 96
3 4 44 22
6 8 20 39
8 5 37 69
7 6 28 32
2 3 10 54
4 6 16 8
8 6 16 43
4 4 14 19
7 3 87 55
7 4 10 9
1 6 8 9
2 6 12 26
7 4 14 9
7 6 10 30
6 4 6 3
3 4 28 32
7 4 40 61
3 4 22 50
6 3 78 90
4 4 40 57
5 7 81 92
3 3 81 100
2 5 20 49
2 2 83 92
8 8 18 31
5 4 10 25
6 10 12 25
8 5 71 75
3 6 12 25
7 4 40 17
4 6 12 29
8 2 18 36
4 6 20 34
4 4 24 71
2 4 3 75
6 4 36 54
7 2 10 60
6 4 38 22
8 4 61 54
1 4 38 19
4 3 71 87
5 4 12 45
2 4 40 16
7 6 20 41
1 4 35 51
8 4 28 48
5 4 12 7
7 6 20 35
1 10 20 35
1 6 12 5
6 4 56 70
6 6 66 55
2 6 28 37
2 4 14 25
3 4 22 48
5 4 30 12
8 4 10 26
1 6 12 76
3 3 51 94
5 10 63 67
7 4 14 7
8 4 20 4
5 6 12 24
3 4 26 46
2 3 60 57
7 6 40 19
5 4 41 96
6 4 12 33
1 6 12 25
4 4 16 41
3 3 28 98
7 6 12 26
5 4 20 24
5 6 18 9
8 6 40 20
3 3 2 50
1 4 20 77
3 4 18 25
3 4 40 72
2 2 20 5
1 4 18 42
5 4 22 23
5 7 11 74
8 4 32 1
2 6 14 6
7 6 14 31
3 4 56 59
6 3 11 70
5 5 70 100
3 2 37 75
5 4 10 31
4 4 55 79
8 3 37 95
4 3 27 55
2 4 4 22
5 4 4 46
7 3 38 91
8 4 16 61
4 5 12 49
1 2 22 5
3 3 31 64
4 4 47 71
3 4 62 80
2 6 69 77
7 3 60 73
4 4 12 24
4 4 16 38
5 4 55 89
5 4 6 31
6 4 2 15
8 6 22 4
3 5 26 76
4 6 8 32
2 6 12 28
5 6 12 49
8 2 42 57
8 6 12 20
4 8 32 21
6 4 70 63
4 3 72 58
7 4 34 11
7 3 39 74
5 2 36 37
7 3 7 55
2 4 25 78
2 5 43 73
3 4 52 37
7 4 64 54
6 4 24 42
4 4 24 52
5 4 55 60
7 4 18 43
4 4 28 35
4 4 73 89
3 4 20 89
4 4 42 12
1 3 39 86
2 2 8 20
4 3 24 75
6 6 24 18
6 2 16 16
8 4 10 34
7 4 14 38
2 4 4 7
4 3 12 83
6 6 28 20
7 4 4 42
6 3 72 72
6 2 42 63
7 4 54 16
3 3 23 88
3 3 26 59
5 4 24 49
1 4 14 47
1 4 28 14
1 4 20 47
7 4 12 32
4 3 8 98
5 4 4 42
1 3 24 86
3 2 23 53
3 4 2 46
2 6 8 32
6 6 6 31
5 4 55 73
6 4 38 60
4 2 24 98
4 3 36 95
4 4 20 16
8 2 4 33
5 2 26 63
5 4 19 78
6 2 38 18
7 4 18 43
2 4 20 37
5 3 52 72
7 6 67 80
3 4 10 35
4 5 8 55
6 5 30 77
7 2 43 80
2 6 54 81
4 4 18 22
1 5 20 54
7 6 4 33
5 4 12 1
5 4 20 46
8 4 18 14
3 4 8 83
3 4 6 21
7 3 48 75
5 2 52 93
6 4 51 89
7 3 72 92
7 6 8 33
8 4 4 64
5 5 21 64
1 4 12 29
5 4 18 48
8 3 18 56
5 4 28 81
5 2 4 49
4 3 29 77
3 5 50 89
1 2 61 77
1 4 11 99
1 4 12 43
4 4 10 52
4 6 12 44
1 4 34 52
4 2 24 49
4 4 30 75
4 2 8 8
8 3 79 52
4 3 28 95
6 4 14 41
2 4 14 19
4 3 77 64
8 4 49 69
6 3 38 52
3 4 36 16
4 6 20 38
7 3 66 61
4 4 10 49
2 4 22 28
8 2 14 44
2 3 28 50
8 4 8 10
5 4 50 79
1 2 8 16
5 4 36 65
4 4 18 6
1 6 18 10
2 4 14 16
5 3 20 50
6 4 12 9
1 3 62 73
6 4 20 46
4 6 20 44
6 4 16 19
7 2 49 66
2 4 14 44
6 3 56 85
5 4 63 95
1 2 59 52
3 4 2 33
1 4 42 36
7 4 14 13
4 4 57 64
2 4 20 18
5 4 30 16
3 6 20 17
4 6 12 13
1 4 14 36
5 4 18 18
7 6 16 11
6 3 77 99
4 3 53 53
7 4 28 89
7 8 26 19
5 6 10 13
1 3 68 64
1 4 40 86
1 6 20 19
6 6 24 17
3 5 57 53
3 6 24 18
7 2 66 91
5 4 72 61
8 4 10 7
2 2 21 73
7 4 18 11
3 4 26 50
6 4 16 11
2 2 10 100
3 3 68 72
5 8 20 20
6 3 5 74
6 4 10 20
5 3 49 56
1 4 12 23
3 4 12 44
6 2 40 1
6 4 16 72
8 6 16 9
2 3 42 63
5 3 9 65
4 4 8 31
6 4 61 80
7 4 23 74
8 4 17 64
6 4 77 90
8 4 20 22
3 4 4 41
5 3 31 94
2 4 20 21
2 4 4 34
4 6 6 35
7 4 4 43
4 3 57 55
7 2 1 94
5 4 28 11
8 3 27 79
2 3 40 96
1 4 9 53
1 6 18 44
8 4 26 23
3 4 24 73
8 4 22 39
3 3 18 93
8 4 45 65
7 4 12 45
1 6 39 96
4 5 67 80
8 4 4 47
1 4 38 84
7 9 12 48
1 6 8 31
2 4 26 1
8 2 18 50
2 4 38 81
5 6 50 80
2 2 6 13
4 2 12 28
8 4 12 38
8 3 22 55
7 3 63 52
2 4 12 37
2 2 4 68
6 5 33 69
7 4 18 47
8 4 48 67
1 4 4 68
7 4 14 21
3 3 57 98
8 4 16 46
7 4 16 19
4 4 26 2
3 6 20 13
3 4 4 35
3 4 14 23
1 3 27 55
7 2 2 25
6 4 16 22
8 4 10 44
2 4 20 14
3 4 12 28
5 2 10 9
1 6 26 12
1 4 28 96
2 4 47 94
4 4 16 20
4 4 12 10
6 4 28 64
3 2 63 62
2 6 12 10
3 2 16 6
1 2 16 6
7 5 51 67
8 4 4 2
5 2 10 4
3 4 8 6
7 2 50 52
1 5 37 69
7 4 20 1
4 3 75 71
2 4 2 38
2 2 42 1
6 3 47 73
5 4 8 31
7 3 35 78
5 2 12 11
3 6 10 39
1 3 42 79
3 5 65 97
6 4 10 24
6 2 4 20
1 6 4 19
1 3 51 53
7 4 28 79
4 4 24 17
8 3 64 84
1 4 4 25
1 4 6 18
4 2 2 38
4 2 4 12
4 6 6 19
7 3 31 58
4 3 12 72
7 4 6 41
6 2 70 56
4 3 58 61
8 4 2 45
2 2 58 98
2 3 6 68
5 5 29 78
8 5 39 80
5 4 26 13
5 4 6 39
2 4 12 31
6 3 54 91
1 3 8 70
5 2 28 73
1 3 7 83
7 4 18 14
2 4 6 20
6 4 12 32
4 4 26 85
2 2 2 43
7 4 2 39
1 2 8 18
3 4 10 5
6 3 8 99
8 6 6 20
5 4 34 53
8 6 4 40
1 2 16 13
2 2 2 90
8 3 10 50
6 6 2 40
8 4 4 34
6 3 38 57
3 3 67 91
8 2 20 37
1 4 20 12
6 3 40 90
4 3 38 98
3 3 50 77
2 2 58 88
7 2 25 62
4 6 22 12
2 2 32 53
7 4 8 31
3 3 35 64
4 3 11 51
1 6 12 52
7 4 26 23
5 4 30 90
4 4 52 92
1 5 14 49
6 4 8 49
7 2 3 88
4 3 10 79
5 3 3 75
8 4 20 11
3 3 38 96
4 4 2 40
8 3 14 71
3 3 59 68
3 5 8 49
8 8 10 49
3 6 6 48
8 5 44 91
5 4 18 51
7 3 23 58
2 4 18 65
3 4 6 43
5 4 37 94
7 4 14 37
4 4 4 39
4 3 59 62
1 4 8 31
1 3 14 98
6 4 31 96
1 2 66 92
1 5 29 52
7 2 53 81
7 5 53 88
2 3 26 87
8 4 16 13
3 4 4 33
4 4 16 14
6 4 10 3
8 4 22 36
8 4 68 59
5 4 42 65
1 3 56 59
6 4 19 94
3 5 47 60
5 2 16 13
4 4 45 65
6 5 65 59
1 5 52 61
7 2 4 28
2 3 28 97
3 4 12 12
5 3 18 56
3 4 27 86
2 4 12 12
6 4 6 38
7 6 12 12
5 4 10 18
4 4 48 99
5 2 55 52
5 4 70 88
2 3 25 73
3 5 65 61
7 3 53 77
3 4 27 74
3 5 41 77
3 3 54 84
3 4 34 56
5 4 6 37
4 2 41 79
1 4 24 73
3 3 1 59
7 4 14 4
7 2 3 61
2 4 12 46
4 3 9 72
8 4 16 15
3 2 1 85
3 5 21 61
2 5 46 61
6 4 14 5
7 5 58 55
6 4 35 62
3 3 4 68
4 3 53 80
5 4 36 60
7 5 43 85
3 2 14 4
1 4 6 13
4 4 39 62
5 2 18 11
1 4 68 89
4 3 44 52
8 4 34 62
5 2 27 75
4 4 8 26
2 3 7 79
7 7 44 58
3 2 44 53
4 2 7 81
2 4 6 14
3 6 4 14
7 4 12 69
7 3 13 81
3 3 35 62
8 3 16 74
5 3 38 61
8 4 10 4
6 4 6 37
7 2 40 16
5 6 10 35
1 5 55 80
3 3 58 88
6 4 48 58
7 3 39 66
8 3 26 55
4 3 42 66
4 4 6 45
8 2 54 57
1 4 7 78
1 6 52 55
1 3 39 91
5 4 33 80
2 5 35 76
4 2 16 61
7 3 60 90
8 4 14 14
2 3 58 89
4 4 52 87
2 2 42 99
4 2 22 30
1 4 10 14
8 2 64 99
8 2 66 99
5 3 36 52
6 4 50 72
4 4 10 6
2 3 7 67
1 2 4 17
1 4 2 41
7 3 4 57
3 4 37 57
4 4 12 47
5 3 53 98
2 3 13 63
2 6 8 16
6 3 15 58
6 2 2 25
2 4 34 58
1 4 27 58
3 3 5 58
4 4 8 17
1 3 49 80
1 2 26 16
3 4 10 36
3 4 62 98
1 2 6 2
4 3 5 93
6 2 14 76
7 4 53 86
7 3 18 96
6 3 48 97
4 4 6 37
2 3 38 73
4 4 61 98
4 5 24 57
5 5 39 57
8 3 6 56
6 4 46 57
7 4 53 99
2 5 26 54
5 5 25 95
7 4 15 60
4 4 2 24
2 3 23 55
2 3 6 89
6 2 49 92
5 4 18 16
8 4 4 17
3 6 6 18
8 2 6 1
5 4 52 86
2 2 1 83
6 4 22 23
8 6 6 17
4 2 52 89
3 2 50 51
1 6 18 16
5 4 8 23
2 4 10 35
1 4 30 16
5 2 38 64
7 4 16 16
3 3 25 93
1 2 37 82
1 4 52 87
8 2 54 76
4 4 52 83
4 2 8 4
7 3 3 64
5 2 8 35
3 4 14 16
8 4 27 57
6 3 40 66
2 3 32 57
4 3 37 94
6 2 8 30
3 2 4 84
1 4 34 92
2 4 42 57
3 4 8 29
8 2 4 25
1 3 3 91
7 2 2 27
8 6 2 26
6 5 6 83
3 3 23 57
5 4 10 4
2 5 43 63
6 3 2 92
8 2 43 99
2 5 8 90
8 2 8 15
6 2 4 24
2 2 32 53
2 4 20 85
2 2 59 95
3 3 6 89
6 2 20 53
1 5 48 85
2 4 35 88
7 4 43 59
7 5 34 88
2 3 41 66
5 4 45 65
2 3 22 69
1 2 11 70
3 5 29 69
6 3 27 86
4 3 29 83
7 4 4 37
1 2 10 21
2 4 12 16
6 3 53 81
8 2 10 37
4 2 24 36
5 3 13 87
4 2 20 66
6 3 50 91
8 3 17 68
5 3 13 77
2 2 43 81
7 5 18 69
1 4 38 92
8 3 59 65
5 3 57 66
4 2 30 23
8 3 40 80
4 2 44 85
1 3 34 79
3 2 8 11
5 4 19 69
7 2 17 99
4 2 4 19
1 3 40 57
6 2 5 98
4 4 14 59
6 4 10 21
6 4 4 28
3 2 45 70
7 3 30 92
4 3 20 69
6 2 21 73
4 2 2 49
6 3 38 97
1 4 35 89
7 2 6 6
4 4 6 15
5 4 35 92
4 3 54 82
3 3 26 89
7 3 21 91
1 2 4 7
8 3 19 71
2 2 25 85
8 2 8 73
2 3 16 54
7 2 18 81
1 2 55 81
4 2 16 74
8 3 27 71
2 3 23 93
2 4 23 80
2 2 10 41
6 3 44 80
1 2 6 48
2 2 45 80
6 2 8 8
1 2 6 18
7 3 55 92
6 5 22 80
4 3 7 90
2 3 37 89
4 3 44 69
1 2 4 68
6 4 40 84
8 3 2 69
4 4 33 61
6 2 2 3
7 4 9 73
6 3 47 82
4 2 34 73
1 4 6 23
2 3 55 88
7 4 35 94
5 4 26 88
5 5 53 93
8 3 4 51
1 4 12 72
7 2 24 76
1 3 24 53
8 4 41 85
4 4 8 22
5 6 8 21
2 6 4 2
2 2 5 80
7 3 5 68
1 3 35 52
5 5 41 86
3 3 43 78
3 2 11 71
6 3 13 91
1 2 43 86
8 4 11 70
4 2 4 9
8 4 54 92
1 3 15 90
5 4 10 41
4 4 12 1
8 4 30 98
1 2 17 71
2 3 42 70
2 3 35 53
2 6 14 90
7 4 4 29
1 4 34 71
1 4 12 2
1 2 4 46
3 8 4 45
3 3 36 97
7 3 23 51
3 2 4 38
4 4 53 68
8 6 10 2
7 3 27 83
7 3 40 82
4 4 16 53
7 2 33 84
3 3 36 58
5 3 6 68
6 2 10 9
3 2 4 11
5 2 58 66
3 3 7 57
2 3 20 73
8 3 19 78
4 3 4 89
3 4 16 80
6 4 4 7
6 4 8 41
7 3 45 71
7 2 4 4
6 3 33 82
4 4 17 77
1 3 19 84
8 2 11 80
6 3 45 63
7 3 21 99
2 4 10 1
8 3 29 72
1 4 8 11
3 5 21 81
4 3 25 58
3 3 39 94
8 4 39 91
1 3 27 77
1 2 22 92
8 2 2 19
7 4 8 4
5 3 37 97
3 4 35 66
4 2 4 72
3 3 51 86
7 2 2 16
6 6 4 15
5 4 4 6
4 4 38 96
8 4 4 7
5 2 20 96
6 4 24 79
6 2 33 87
2 3 30 72
5 4 8 3
2 2 33 58
1 4 2 49
6 4 8 16
4 4 6 48
2 3 12 71
7 2 10 81
2 4 36 96
8 4 41 66
8 3 43 51
8 2 14 17
7 2 5 78
4 3 28 53
1 3 20 75
6 3 36 71
1 3 13 89
3 3 5 68
7 2 10 14
2 2 26 67
1 2 4 5
6 3 26 51
3 2 2 3
8 2 8 81
3 2 10 11
1 2 11 55
2 4 26 72
1 3 21 78
2 3 26 77
8 2 11 99
3 2 6 18
6 4 32 92
6 4 16 80
8 3 25 78
7 3 23 92
1 2 32 94
1 4 7 90
5 5 17 82
6 4 8 11
5 3 40 56
5 4 9 71
5 2 16 44
5 2 2 14
7 3 24 83
5 3 28 90
8 4 51 91
7 2 6 88
3 2 6 4
3 2 55 96
7 2 18 95
6 4 11 80
3 3 26 63
8 4 45 63
1 4 25 72
2 3 14 79
4 3 19 88
3 2 12 57
7 2 60 92
4 2 20 67
6 2 25 66
1 3 4 70
6 4 4 13
1 2 4 40
1 2 22 64
1 2 8 36
6 3 11 83
2 2 4 28
1 2 27 60
4 2 10 1
8 2 20 1
3 3 25 88
4 3 30 91
6 3 43 80
7 3 30 93
2 2 17 76
2 2 2 19
5 3 34 67
7 2 4 18
4 4 6 12
7 3 11 71
8 3 19 59
3 2 21 95
4 3 15 88
8 5 10 69
8 2 4 12
8 3 57 68
3 2 4 14
6 3 10 90
8 3 5 68
6 3 30 49
6 2 32 53
2 2 6 13
8 2 6 35
2 4 28 82
2 6 41 80
8 3 32 70
7 2 39 58
1 4 41 58
5 3 29 55
2 3 36 95
8 3 17 77
4 2 12 87
6 2 20 80
4 2 29 49
5 2 34 95
8 3 23 91
2 2 36 92
8 2 24 62
3 2 36 59
6 4 12 35
1 2 11 80
8 3 43 96
2 4 36 60
8 4 29 90
4 2 33 65
4 2 3 67
8 3 22 95
2 2 49 69
8 4 28 92
2 2 14 23
6 2 3 76
7 3 29 90
3 2 2 6
8 3 35 52
3 2 32 56
8 2 10 22
7 4 14 21
4 2 26 79
6 3 38 49
8 2 19 89
8 2 33 72
6 3 4 68
2 3 2 47
4 3 13 95
1 2 14 86
3 3 39 57
8 3 40 78
2 2 22 21
6 3 27 94
1 3 10 75
3 2 2 8
7 2 19 89
2 4 7 64
6 2 2 45
4 3 31 73
1 2 42 67
8 5 41 65
4 2 5 81
7 2 16 66
6 2 11 50
6 2 2 32
3 2 31 57
1 3 18 58
4 5 19 49
6 3 19 48
3 3 18 86
5 4 17 87
4 2 4 21
5 3 20 68
5 4 2 8
5 2 27 58
1 4 2 31
5 3 20 65
1 2 14 1
4 4 21 78
6 3 14 92
2 2 24 56
5 2 14 28
3 2 8 21
4 2 48 83
2 3 21 72
1 3 30 70
5 2 35 78
1 3 38 70
8 4 14 28
4 2 40 54
8 4 20 69
4 2 38 71
4 4 32 85
8 3 29 57
7 3 15 78
3 3 15 72
3 3 25 64
8 3 23 56
6 2 16 21
5 2 40 87
6 4 25 66
5 3 23 78
4 2 47 59
2 3 20 56
4 3 21 87
4 3 12 80
2 3 33 46
3 2 6 32
1 6 6 32
7 3 27 83
3 2 42 46
2 4 6 32
3 2 12 1
5 2 1 79
4 2 2 39
1 2 30 49
7 2 13 61
7 3 18 58
7 4 6 33
2 3 25 64
8 4 18 58
4 3 41 88
6 2 3 93
7 2 40 71
6 2 25 59
7 2 8 10
5 3 33 76
8 3 31 63
8 3 15 79
6 3 37 92
1 3 24 93
6 2 2 58
5 2 30 49
8 3 12 94
5 2 26 76
5 4 29 73
1 2 25 84
7 2 2 45
1 4 37 91
8 2 15 74
1 3 26 70
3 3 33 75
4 3 28 88
8 3 4 76
7 2 22 49
3 2 23 56
1 2 2 28
1 2 39 64
3 3 13 79
2 4 2 27
8 2 1 80
4 3 30 57
1 5 30 59
2 3 11 81
6 4 25 83
1 3 44 80
3 2 35 87
1 2 4 42
8 2 15 52
5 2 4 42
3 2 6 43
4 3 29 52
7 2 22 93
7 2 22 52
4 3 18 90
4 3 30 64
4 2 24 49
1 3 30 69
7 3 25 64
5 3 8 76
8 2 18 81
3 3 43 59
3 3 18 78
7 2 4 92
8 2 2 10
6 4 6 43
5 2 4 5
6 5 44 58
6 2 6 84
1 3 30 82
6 2 31 83
7 3 27 49
1 2 2 14
2 2 10 21
1 3 11 90
2 2 30 54
2 2 10 32
2 2 35 93
1 3 25 90
3 2 5 73
4 2 2 67
4 3 15 50
4 2 18 56
7 2 26 1
4 2 43 61
7 2 12 1
8 2 14 78
5 4 43 60
1 2 27 90
3 2 28 80
7 2 2 2
4 2 6 29
6 3 27 71
8 4 27 71
3 2 24 84
3 3 33 48
5 3 28 70
4 3 28 50
5 3 30 70
7 3 7 83
1 2 37 68
8 2 6 30
1 4 6 1
8 3 27 50
4 2 24 1
6 2 11 57
6 2 2 34
2 3 34 64
6 2 6 32
4 3 26 73
8 2 6 61
2 3 8 72
3 3 21 78
1 2 30 62
5 3 26 83
1 2 12 76
6 3 15 71
2 2 29 51
2 4 29 79
8 2 22 83
5 2 42 68
2 2 12 21
4 2 4 72
8 2 37 68
8 3 38 79
1 2 6 15
7 4 6 15
1 3 4 57
5 2 22 84
8 2 2 36
7 4 4 35
7 3 29 67
5 3 25 56
4 2 37 60
5 3 19 66
5 2 14 60
4 4 21 65
7 2 18 55
5 2 2 10
3 2 3 48
2 4 30 59
4 3 40 88
6 2 32 59
5 2 2 32
6 4 30 54
4 2 2 41
3 2 10 39
1 2 43 86
6 2 14 49
6 2 28 79
1 2 22 58
8 2 20 51
1 2 29 55
8 2 42 47
7 2 39 62
4 2 2 33
8 2 21 64
1 2 16 86
2 2 33 54
8 3 17 86
6 3 11 76
8 2 4 29
8 2 21 53
1 2 2 37
1 2 12 22
6 5 17 85
7 2 33 86
6 3 29 57
8 3 29 54
1 3 33 86
5 2 15 55
4 2 6 63
3 5 28 52
3 3 8 56
4 3 20 66
5 2 2 22
7 7 27 55
3 2 11 51
3 2 9 69
4 2 2 1
1 4 7 56
7 4 4 1
2 2 20 80
6 2 7 70
3 2 5 71
2 4 33 86
8 2 2 21
8 2 25 79
2 2 12 61
1 2 6 74
6 3 33 61
3 3 14 66
6 2 12 81
2 3 16 85
4 2 20 88
7 2 14 37
2 3 23 82
3 4 18 83
7 2 4 22
8 2 7 69
2 3 12 68
2 2 2 31
1 2 11 60
6 2 9 78
1 3 16 59
5 2 16 68
7 3 8 69
8 2 4 37
2 3 16 59
7 3 34 85
2 3 26 53
6 3 23 51
6 4 4 37
4 4 4 36
1 2 4 21
2 2 2 34
3 2 12 61
5 3 17 59
1 2 34 54
7 4 18 61
3 2 2 8
5 4 27 56
8 2 11 49
1 3 23 53
3 5 33 54
6 3 24 59
3 3 22 82
6 2 2 2
5 2 23 40
2 4 2 35
8 3 34 85
2 2 2 49
7 4 2 36
1 2 2 11
1 3 24 57
2 2 45 42
2 2 4 2
4 2 10 70
1 3 26 44
5 2 2 2
1 3 23 79
2 2 29 85
3 2 4 50
7 2 5 71
1 2 28 38
4 2 19 67
2 3 9 46
3 2 8 77
4 3 3 45
3 3 28 81
5 2 2 27
3 3 16 57
4 2 25 53
3 2 2 1
5 2 6 20
8 2 9 62
8 2 9 75
2 2 4 36
5 2 7 66
7 2 13 57
7 3 16 61
1 2 26 51
7 3 28 38
3 2 14 62
3 2 29 52
3 4 2 27
3 3 35 71
4 2 9 59
5 3 11 47
6 2 2 2
1 2 8 56
2 3 14 59
7 3 22 44
5 2 10 83
2 3 23 76
6 4 22 82
1 2 2 5
3 2 4 44
2 2 2 25
3 2 2 19
1 3 10 41
5 4 32 79
2 4 2 18
5 2 2 12
7 2 28 59
5 3 14 57
4 2 2 4
4 3 19 67
7 2 16 35
7 2 23 55
7 4 2 3
6 2 32 75
6 4 29 32
7 4 20 33
5 2 18 62
1 2 14 46
8 2 2 24
3 2 31 33
7 2 21 75
1 2 9 46
2 3 29 30
1 3 24 32
5 2 2 29
7 2 2 54
4 2 8 9
3 4 2 23
3 2 23 47
6 2 4 2
8 2 6 56
6 2 2 20
2 2 24 49
5 2 11 34
7 2 2 21
3 3 6 58
4 2 11 31
5 2 15 66
2 2 2 3
5 2 2 1
1 2 24 73
5 2 4 22
7 3 22 65
6 2 4 17
8 3 22 26
3 5 22 25
5 2 2 24
6 2 23 67
1 2 11 32
8 2 23 62
5 3 27 27
8 2 39 55
4 2 17 58
4 3 22 64
3 2 4 44
1 2 26 24
6 3 13 56
6 2 31 25
5 2 29 68
3 3 9 42
3 2 7 49
8 4 12 55
7 2 9 28
4 2 38 24
2 2 13 63
7 2 21 62
5 2 4 9
4 2 6 12
6 2 13 35
6 2 14 24
2 2 34 67
2 3 11 32
4 2 28 29
3 3 2 23
2 2 26 31
4 2 4 20
2 2 10 1
3 2 10 1
4 2 20 37
1 2 15 70
4 3 17 29
8 3 19 23
7 2 7 34
3 3 21 30
8 3 22 40
4 2 9 50
4 2 23 66
4 3 2 23
8 2 10 12
4 2 23 69
5 2 2 10
2 2 12 53
2 2 22 61
8 2 13 47
8 2 4 17
2 3 18 23
8 2 10 1
7 2 18 37
1 3 26 23
2 2 14 48
3 2 15 36
6 2 15 65
2 2 3 49
3 2 2 5
7 3 13 45
4 3 10 47
4 2 6 56
8 2 18 27
2 2 8 10
3 2 26 44
3 2 22 37
8 3 21 30
3 3 12 46
4 3 26 23
8 2 2 20
2 3 12 43
3 2 5 48
7 3 17 22
8 2 2 2
4 2 9 41
6 2 6 48
2 2 15 44
6 3 15 44
5 3 6 54
6 4 29 54
8 3 18 56
4 3 14 43
8 3 10 20
7 2 28 65
5 2 19 41
5 3 21 66
6 2 5 41
1 4 6 55
1 2 4 45
5 4 6 45
4 2 2 12
7 2 2 8
3 3 10 40
7 2 21 65
2 3 14 25
3 2 12 23
8 4 14 24
8 3 34 53
2 2 11 56
4 2 1 49
3 2 22 19
2 3 13 50
2 2 18 56
7 3 15 51
4 4 2 7
8 2 8 28
1 2 3 54
5 3 20 41
4 3 10 37
4 3 6 38
3 2 17 58
1 2 13 50
7 2 11 56
2 4 2 6
4 2 2 31
4 3 6 47
5 4 2 6
4 3 13 35
2 4 17 32
8 2 28 54
5 3 20 34
7 4 2 5
6 3 6 41
5 2 9 60
7 2 29 52
2 3 11 35
3 2 25 19
6 2 22 24
7 2 10 21
2 2 11 62
1 3 6 40
4 2 15 50
7 2 3 48
8 2 3 17
4 2 8 1
7 3 24 28
7 2 13 27
6 2 28 52
1 3 15 20
2 3 6 40
7 3 15 23
8 2 2 6
1 2 7 15
4 3 10 26
2 3 19 60
6 4 18 59
8 2 3 42
5 2 8 51
7 2 15 46
8 3 18 59
5 2 13 45
4 2 15 34
2 2 29 27
1 2 15 36
4 2 2 52
3 2 2 6
4 3 14 45
7 2 8 42
2 2 7 16
8 2 21 49
5 2 2 9
5 2 10 59
1 2 31 45
2 2 10 26
5 3 19 57
2 2 8 50
1 2 1 59
8 2 18 29
4 2 6 58
2 2 4 19
2 2 8 41
4 2 10 16
7 2 4 1
8 2 10 21
5 3 10 15
4 2 8 25
1 2 19 31
2 3 6 58
4 2 2 2
2 4 19 29
7 3 12 56
8 2 20 25
5 3 14 56
8 2 19 36
3 2 18 16
2 5 17 16
5 2 2 11
1 2 8 26
7 4 15 23
6 2 9 36
8 2 8 27
1 2 12 14
4 2 2 37
3 2 2 8
1 2 12 25
1 3 8 21
1 2 2 10
5 2 2 3
2 2 4 55
5 3 12 10
4 2 1 51
7 2 7 44
3 2 15 38
5 3 7 22
8 2 10 20
6 3 7 43
8 3 4 56
2 2 21 28
4 2 7 38
4 2 2 7
7 2 19 27
7 4 2 6
5 2 11 26
4 2 11 51
3 3 14 24
6 2 9 32
5 2 16 19
1 2 25 43
8 3 18 49
4 2 26 38
6 2 18 15
7 2 18 41
4 2 21 20
7 2 9 9
5 2 5 11
1 3 16 54
6 2 7 20
5 4 12 20
3 2 20 55
6 2 15 49
3 2 12 42
8 2 8 27
2 2 2 1
4 2 22 22
2 3 12 12
3 2 7 8
4 2 13 30
8 2 15 51
8 2 20 49
5 2 16 42
7 3 11 22
2 3 20 22
6 2 17 24
7 3 17 22
6 2 7 35
1 2 20 26
8 2 4 7
8 3 9 7
7 2 2 46
1 2 12 14
8 3 13 45
7 2 11 16
3 2 6 50
2 3 17 41
5 2 20 26
1 3 13 19
8 3 15 19
6 2 1 10
1 2 2 10
4 3 9 9
8 3 9 51
4 2 17 41
7 2 15 30
4 2 14 36
1 2 11 7
1 3 7 33
4 3 11 48
6 3 9 52
5 2 19 49
8 4 7 32
1 2 10 17
2 2 7 10
4 2 16 43
2 3 15 31
6 2 12 15
8 2 9 45
1 2 20 22
4 2 8 20
4 2 10 52
1 2 15 48
6 3 15 46
6 2 2 5
8 2 18 54
6 2 7 33
3 3 8 19
4 2 14 49
3 2 20 47
6 2 16 39
5 2 2 1
4 2 2 2
5 4 17 38
4 2 8 28
8 2 1 48
3 2 17 21
8 2 2 3
3 2 9 13
7 2 17 37
8 2 14 6
5 2 9 13
1 2 19 44
1 2 14 32
5 2 5 46
7 2 15 44
3 2 10 48
7 2 4 3
6 2 5 8
2 2 16 49
8 4 15 45
5 2 11 9
5 3 10 49
2 2 22 26
4 2 9 14
6 3 15 46
7 2 5 46
8 2 6 50
5 2 11 13
7 2 7 37
1 2 14 15
5 2 4 27
5 2 8 36
7 2 8 4
6 2 7 6
2 2 11 40
8 2 13 19
7 3 4 28
5 3 5 9
1 3 7 6
7 2 19 26
6 2 9 12
2 3 3 9
3 2 19 27
6 2 12 46
8 2 2 1
3 2 4 6
5 3 13 6
2 2 20 37
3 3 16 37
1 2 13 35
4 3 19 38
4 3 10 12
2 3 8 12
5 4 8 13
7 2 6 9
1 3 6 9
2 2 15 16
3 2 11 26
8 2 10 21
2 2 8 47
2 2 20 17
7 2 9 45
2 3 10 45
8 3 8 45
5 2 4 48
8 2 6 38
4 2 16 43
6 2 3 27
8 2 13 37
4 2 12 40
3 2 10 31
7 2 4 6
3 2 10 11
6 2 13 18
5 2 11 38
5 2 18 6
2 2 10 20
2 2 10 37
8 3 4 6
6 3 3 6
1 3 14 6
6 2 8 13
7 2 5 6
8 2 17 32
4 2 13 7
6 2 8 16
3 2 11 39
4 2 5 43
6 3 9 14
6 2 5 43
1 3 11 43
3 2 8 34
4 2 18 17
8 2 8 5
3 2 11 5
8 2 11 33
1 2 12 41
1 2 7 45
3 2 10 16
3 2 8 43
7 3 7 43
3 2 9 46
3 2 12 41
1 2 8 23
4 2 14 48
2 2 7 36
2 2 15 49
8 2 8 16
1 2 11 17
7 2 12 7
7 3 10 35
4 2 6 36
2 2 3 8
3 2 3 6
4 2 12 17
4 2 10 17
5 3 3 7
4 2 3 8
4 3 4 5
6 3 8 4
6 2 11 33
6 2 9 37
3 2 21 33
7 3 13 32
4 2 7 43
3 2 5 4
2 3 7 4
7 2 13 32
1 2 9 38
2 2 1 47
1 2 9 17
8 2 9 39
4 2 5 46
6 2 6 43
1 2 6 47
5 2 7 42
1 2 8 39
6 2 3 6
3 2 6 42
4 2 9 38
1 2 19 33
6 2 13 48
2 2 9 7
7 2 2 1
4 2 5 5
3 2 7 37
5 2 7 38
1 2 9 38
3 2 10 32
3 2 13 9
7 3 9 38
1 2 9 31
6 2 22 32
3 2 8 47
6 2 9 32
6 2 5 6
2 2 3 5
4 2 17 32
5 2 12 30
7 2 12 48
1 2 11 47
5 2 6 6
3 2 5 6
7 2 5 6
