28650
2538
2 14 62 39
2 14 28 35
4 12 74 33
8 12 20 27
4 12 28 12
7 12 50 9
3 10 42 47
5 10 8 43
1 10 82 45
6 10 84 46
7 10 86 40
2 10 20 38
7 10 8 34
7 10 4 28
5 10 74 32
6 10 70 29
2 10 58 28
7 10 46 24
8 10 26 19
3 10 36 18
5 10 16 8
4 10 52 5
7 14 56 6
1 8 62 49
4 9 72 48
6 8 78 47
3 8 16 47
4 10 50 47
4 8 72 43
8 8 58 40
7 10 58 37
4 8 22 39
3 8 54 39
2 14 72 41
2 8 60 39
1 8 66 43
1 8 6 34
4 8 6 33
6 8 30 32
2 10 48 31
2 8 64 33
6 8 20 30
7 10 58 29
1 8 32 29
5 8 70 29
1 8 76 26
7 8 28 27
4 10 40 27
3 8 44 23
2 8 30 23
4 8 82 25
6 8 42 23
7 8 20 23
3 8 54 21
7 10 88 22
1 8 66 21
7 8 32 17
2 8 4 17
6 10 40 17
2 10 30 14
4 8 38 19
4 8 54 18
4 10 78 16
8 10 80 18
3 8 62 19
7 8 44 16
2 8 44 15
1 8 4 15
7 8 70 15
5 8 40 9
2 8 68 8
3 8 70 7
6 8 38 7
1 8 70 6
5 8 82 5
5 8 66 3
6 8 8 3
7 8 34 1
2 7 17 51
7 8 14 50
2 8 48 50
2 7 81 54
2 7 69 56
8 7 66 56
6 7 22 64
4 7 25 67
8 7 61 68
6 7 37 85
6 6 30 49
2 6 20 48
7 6 48 50
3 6 30 49
1 8 38 45
4 6 44 48
7 6 38 48
3 10 42 46
5 6 20 48
4 6 8 48
5 7 8 49
5 6 26 47
6 8 42 49
6 8 28 48
5 8 38 48
6 6 54 49
5 6 52 48
2 6 42 47
7 6 48 49
2 6 4 47
4 8 16 46
2 6 24 47
4 6 42 48
1 7 48 50
6 6 16 46
2 8 30 45
8 8 80 43
1 6 14 45
2 8 62 44
4 6 22 47
5 8 24 46
8 6 40 47
2 6 42 45
8 6 34 45
3 6 34 47
1 6 52 45
2 6 18 45
6 8 58 43
8 6 16 45
6 6 40 42
5 10 42 42
8 8 50 42
4 8 74 41
1 6 28 43
6 6 6 42
4 6 20 43
6 6 30 45
5 6 32 47
6 6 26 44
2 6 38 43
7 6 10 42
7 6 56 43
3 6 10 42
5 6 36 42
8 6 20 42
2 8 28 40
8 6 8 41
6 6 24 42
1 6 4 40
4 8 22 41
2 6 18 42
3 8 20 42
4 6 38 40
2 6 26 38
3 6 58 38
6 6 12 37
8 6 32 38
6 6 56 38
3 6 40 36
6 10 56 34
8 6 40 37
7 6 42 37
5 6 58 39
1 6 20 36
1 8 56 36
7 8 32 34
8 6 26 36
1 8 30 34
4 6 62 36
7 6 70 37
8 6 10 35
7 6 8 36
7 6 36 33
2 6 36 34
2 6 52 35
3 6 34 68
3 6 8 32
3 8 26 33
2 6 60 33
5 6 4 32
4 8 26 31
5 6 60 33
6 6 60 33
4 6 8 33
8 6 24 34
7 6 44 35
1 6 56 36
6 6 36 34
4 6 60 32
7 6 72 31
5 6 20 30
2 6 66 30
2 6 74 30
2 6 58 30
4 8 66 29
4 6 30 28
2 6 58 28
5 6 60 30
7 6 8 27
1 8 10 29
4 8 12 28
6 6 60 27
3 6 32 26
7 8 34 26
8 6 30 26
5 8 44 25
8 8 66 25
4 10 64 25
5 6 52 26
8 6 50 27
5 6 20 25
4 6 20 27
3 6 52 28
7 6 58 25
6 8 60 24
5 6 12 25
2 6 18 26
6 6 20 24
8 8 54 23
8 8 78 21
6 6 34 25
6 6 6 25
3 6 30 23
7 6 58 23
8 8 60 22
3 6 48 23
3 8 68 20
5 6 76 22
1 6 48 22
4 6 64 22
2 6 74 21
1 6 72 21
1 6 52 21
7 6 62 19
2 6 38 19
6 6 50 20
1 6 56 19
1 6 36 19
5 6 40 20
2 6 36 19
8 8 42 18
5 8 40 19
1 6 34 16
3 6 40 17
2 6 54 18
7 6 4 85
5 6 74 15
2 6 74 15
5 6 68 15
3 6 14 14
7 6 20 14
5 6 38 15
3 6 26 15
7 6 4 13
5 8 20 13
4 6 24 15
2 6 22 15
3 6 54 16
3 6 28 16
7 6 52 16
7 6 10 15
4 8 20 15
4 6 62 14
1 6 36 14
8 6 38 13
6 8 78 12
5 8 50 11
8 10 72 11
1 8 72 10
8 8 72 10
3 6 60 13
2 8 58 12
5 6 58 13
4 12 60 14
1 6 48 12
6 8 50 11
5 6 52 11
3 6 58 11
7 6 22 10
4 6 32 10
3 10 48 8
2 8 34 10
8 8 62 11
8 8 32 10
6 6 34 12
4 6 34 13
4 6 60 12
5 6 54 10
7 6 54 11
8 6 20 10
1 8 38 9
2 6 54 11
2 6 26 10
3 6 22 10
7 6 24 11
1 6 20 11
3 6 32 13
5 8 32 14
7 6 26 13
1 6 34 12
8 6 38 9
3 6 36 93
6 7 74 95
4 8 82 97
1 6 50 6
6 6 62 7
6 6 74 6
6 6 22 95
8 6 34 6
6 6 42 5
3 6 20 4
2 10 20 5
1 8 30 4
2 10 72 4
4 8 74 4
7 10 74 3
6 8 40 2
7 12 38 2
5 10 38 2
2 8 54 5
7 8 28 3
4 6 20 4
6 6 22 5
7 6 34 5
3 6 44 3
8 6 42 4
1 6 42 4
4 6 42 2
5 6 6 3
3 10 24 1
5 8 38 1
4 6 10 2
6 10 10 1
1 6 44 3
7 5 16 50
8 5 26 49
4 5 14 51
4 5 22 49
4 5 28 55
7 7 79 56
1 5 42 57
8 5 66 58
4 6 80 56
7 5 75 59
7 5 30 62
6 6 83 63
8 6 35 63
1 5 88 60
4 5 29 69
6 7 64 68
7 6 62 67
6 5 3 76
6 6 48 74
7 5 50 74
3 5 29 80
1 5 23 80
3 5 24 80
3 6 53 79
5 5 29 81
4 6 47 81
7 7 46 84
8 8 68 85
8 6 50 79
7 5 66 81
3 5 55 85
3 5 90 86
3 5 17 87
6 6 35 86
2 6 89 86
8 5 42 86
7 6 65 88
4 5 79 89
6 5 9 96
4 5 21 96
4 6 36 94
8 6 57 96
2 4 50 50
6 4 29 51
3 4 28 50
8 5 30 49
5 5 30 50
4 4 16 52
4 4 14 49
3 5 18 49
5 6 18 48
7 5 18 50
1 6 18 50
1 4 24 49
4 4 51 53
1 4 20 48
3 4 20 49
2 5 20 50
2 4 4 48
1 6 4 47
8 6 14 48
4 6 14 49
8 6 8 47
7 8 28 47
1 6 14 46
3 6 4 47
1 6 26 46
4 6 24 45
7 6 34 45
7 5 4 49
6 4 10 50
1 5 39 53
4 5 59 53
2 4 8 48
7 4 3 53
5 4 27 52
1 5 81 55
6 4 81 53
3 4 88 54
2 4 65 55
3 4 6 46
7 4 6 47
6 6 4 47
3 6 10 46
4 4 6 47
7 4 2 47
1 2 2 48
2 4 50 53
1 4 74 55
4 4 22 46
5 4 4 46
8 6 2 45
1 6 18 43
7 4 14 45
5 6 26 44
2 6 24 44
3 4 14 45
8 4 22 44
5 4 16 44
2 4 14 44
8 6 16 43
2 4 18 44
3 4 36 43
4 4 24 43
7 4 22 43
3 6 22 43
8 8 22 41
6 6 22 42
5 4 20 44
2 4 22 43
4 4 22 44
7 4 35 57
4 4 45 57
5 4 39 57
7 6 52 60
3 4 51 55
7 4 20 43
6 6 18 42
6 6 24 40
5 4 6 42
3 4 6 41
6 4 6 42
7 6 16 41
4 4 6 42
2 4 8 43
1 4 10 42
7 4 10 43
3 4 2 41
6 4 50 40
5 4 48 40
5 4 44 40
5 4 6 40
1 6 8 40
7 4 38 40
4 4 18 40
6 4 49 60
1 4 26 40
2 4 20 40
6 4 27 61
4 5 68 63
3 4 14 39
1 4 14 40
2 4 12 39
5 4 8 39
6 4 10 40
3 4 10 41
8 4 8 40
8 4 48 39
5 4 46 39
6 4 38 39
3 4 26 39
4 6 28 37
8 4 10 38
2 4 2 38
4 4 12 39
7 6 16 37
4 4 6 39
2 4 4 39
7 6 4 39
8 4 4 63
5 5 21 63
1 6 79 62
6 4 41 61
2 4 49 60
4 4 48 38
1 4 22 38
2 4 47 62
4 5 69 63
8 4 30 37
8 6 46 37
2 4 20 37
4 4 16 37
1 6 16 37
2 4 22 38
1 4 22 38
4 4 20 38
2 4 20 37
3 6 42 37
6 4 4 37
6 4 6 38
5 6 6 37
5 4 10 38
3 4 4 38
8 4 4 39
6 4 10 37
7 6 10 37
3 4 10 38
4 4 4 36
5 4 44 35
6 4 42 35
4 4 18 35
3 6 18 35
6 4 22 36
3 4 20 36
1 4 22 35
1 4 6 35
2 6 6 35
7 6 14 35
5 6 20 34
5 4 14 36
8 6 14 34
5 6 14 34
7 6 20 34
5 6 18 33
8 6 16 34
3 4 6 36
4 6 12 35
3 4 10 35
4 4 14 36
8 4 4 35
5 6 4 36
2 4 33 65
5 5 40 64
3 5 62 64
3 5 35 65
4 4 75 63
8 4 52 64
6 4 65 62
8 5 77 64
5 4 50 63
1 5 75 64
3 4 49 59
3 6 59 60
4 4 57 66
4 4 46 66
6 4 57 65
6 4 72 64
6 4 39 66
5 4 67 65
7 4 4 34
3 4 37 67
4 4 59 66
8 4 58 67
6 4 18 33
3 6 50 32
3 4 67 67
8 4 34 67
4 4 40 32
1 6 54 32
8 6 46 32
6 8 50 32
4 8 46 31
2 4 28 32
4 4 28 33
3 6 32 31
5 4 26 32
7 4 34 32
3 4 26 32
6 4 24 32
7 4 24 33
8 4 38 31
1 4 32 31
3 4 36 30
7 6 36 31
5 6 36 29
1 4 34 31
7 4 10 30
3 4 28 31
4 4 24 31
6 4 24 32
7 4 24 31
6 4 10 31
2 8 10 30
4 4 14 32
5 4 10 32
4 4 27 71
1 5 82 71
4 5 82 74
8 4 44 30
8 4 22 30
5 4 65 70
3 4 44 71
6 6 63 71
5 7 80 71
8 5 43 71
8 5 77 72
2 5 48 72
5 8 58 73
7 4 61 69
6 4 74 72
4 5 75 72
7 4 32 29
3 4 32 30
2 4 26 71
3 4 36 69
7 5 40 70
1 4 24 29
2 4 14 28
2 6 30 26
4 4 24 29
1 6 28 27
3 4 16 29
8 6 26 27
7 6 34 26
6 4 26 29
1 4 22 29
8 4 10 28
4 4 16 29
6 4 14 29
6 4 32 72
7 4 35 74
3 5 50 74
2 4 22 27
7 4 4 27
5 4 44 73
1 5 67 74
8 4 68 71
7 4 62 73
3 4 8 27
5 4 26 27
6 4 10 27
5 4 10 28
2 4 3 74
4 4 26 74
4 5 33 73
4 5 57 72
6 4 68 72
1 4 76 69
8 4 86 69
7 4 85 69
1 4 38 72
1 4 18 26
7 4 18 27
1 4 16 27
8 4 4 26
4 4 2 26
3 6 28 26
5 6 28 23
7 6 34 21
6 6 40 22
5 6 52 21
2 4 10 27
5 4 10 75
6 5 50 75
1 5 10 75
4 6 34 76
8 4 44 74
1 5 49 78
1 4 8 25
8 4 44 25
4 6 44 24
1 4 34 76
5 6 66 76
1 6 73 76
8 4 62 75
4 4 10 25
5 4 2 24
7 4 18 25
7 4 24 24
8 6 34 22
4 6 50 22
4 4 24 25
5 4 26 24
2 4 24 24
3 4 24 25
3 4 40 24
2 4 30 24
2 4 8 24
3 4 8 24
1 6 16 23
8 6 16 24
4 8 16 24
5 6 10 22
5 6 18 21
7 6 46 21
8 8 44 20
5 4 8 25
8 4 8 26
1 4 10 25
6 4 10 26
2 4 8 24
7 4 44 77
4 4 61 77
2 4 71 76
5 4 71 76
1 4 15 77
6 4 32 76
3 4 42 75
1 4 49 75
4 4 26 23
6 6 38 22
3 4 18 77
2 4 40 77
5 4 54 76
2 4 12 23
2 4 4 22
1 6 30 22
8 6 12 20
6 6 12 21
5 6 24 21
3 4 12 23
4 6 12 22
5 6 12 23
5 6 18 20
7 6 18 21
4 6 22 20
2 6 20 21
6 6 26 19
7 4 32 79
3 4 20 22
7 4 12 22
3 4 61 79
3 4 6 21
4 6 20 21
8 6 24 20
2 4 40 80
4 5 39 80
4 7 63 81
1 4 62 79
6 5 61 78
7 4 59 79
2 4 8 20
2 4 18 19
7 6 18 18
6 4 18 20
4 4 26 19
6 6 34 17
7 4 24 19
4 4 22 19
5 6 34 18
1 4 20 19
3 4 15 81
1 4 31 82
3 4 63 80
7 4 28 18
2 4 20 18
3 4 8 82
1 4 44 17
4 4 32 17
4 4 26 17
6 4 24 17
3 6 24 18
7 4 46 83
2 4 44 17
5 4 36 16
4 6 36 17
7 4 28 16
8 4 83 84
1 4 46 16
7 4 44 16
1 4 26 16
2 4 28 16
2 4 30 15
6 4 2 15
2 4 10 16
4 4 32 17
3 4 32 18
6 4 24 17
1 4 20 17
2 4 12 17
4 4 20 18
8 4 18 18
4 4 14 18
8 4 28 15
7 4 20 14
7 4 42 14
3 4 32 13
1 4 26 13
5 4 20 13
8 6 20 14
4 6 20 13
7 4 16 13
8 4 61 88
2 5 63 90
4 4 68 86
4 4 23 87
2 4 33 84
8 4 20 13
5 4 78 88
3 4 21 88
6 4 55 88
2 5 59 89
3 4 16 12
8 4 14 12
5 4 24 12
7 4 77 90
6 5 83 88
8 4 30 11
4 4 26 11
7 4 26 12
1 4 22 11
6 4 22 12
8 4 22 11
4 6 28 9
8 4 6 11
7 4 12 12
4 4 6 12
2 4 6 12
7 4 40 89
5 4 18 11
6 4 4 11
3 4 2 11
4 4 8 12
6 4 4 12
1 4 2 12
5 2 2 13
2 4 13 89
3 4 52 87
7 4 7 90
4 5 37 88
5 4 53 89
1 4 21 89
5 5 47 88
7 4 56 85
1 5 68 83
1 4 61 83
1 4 49 85
5 4 55 85
8 4 70 82
5 4 74 82
1 4 13 88
6 4 54 88
7 5 75 89
2 4 18 88
5 4 57 88
1 4 34 89
6 4 60 90
5 4 52 89
4 4 58 87
6 4 47 89
7 4 32 90
6 4 13 90
4 4 11 88
6 5 33 88
3 4 50 85
2 4 32 87
5 4 2 10
1 6 12 10
4 6 42 8
2 4 10 10
6 4 10 11
8 6 8 10
4 6 8 9
7 4 6 9
1 6 8 8
7 6 8 9
6 6 24 7
3 4 4 9
6 4 22 9
7 4 22 9
4 6 20 8
5 6 30 8
1 4 20 9
3 4 49 92
6 4 28 8
1 4 2 8
7 4 16 9
2 6 16 10
5 4 12 9
5 4 16 8
2 6 24 8
8 6 34 6
3 6 34 7
7 4 38 92
4 4 34 8
6 4 4 8
8 6 10 7
7 4 60 7
7 4 16 7
4 4 28 7
6 4 24 7
1 6 26 7
2 4 30 7
5 4 26 7
7 4 24 7
3 6 22 7
3 4 14 7
8 4 26 7
4 4 14 7
8 4 20 8
8 4 14 7
3 4 20 7
2 4 49 95
1 4 79 92
5 4 4 6
6 6 4 6
3 4 10 7
7 4 16 8
8 4 18 95
8 6 46 96
8 6 59 96
8 5 68 96
3 7 87 96
2 5 39 97
1 4 51 92
5 4 63 90
1 4 25 94
3 4 62 93
3 4 12 5
8 6 16 4
4 6 16 2
1 6 34 1
4 6 36 2
6 6 34 2
3 8 34 3
8 8 34 1
4 6 26 1
1 6 30 1
4 4 6 4
1 4 10 4
4 6 12 2
5 10 12 3
6 6 22 3
3 6 8 3
2 6 6 2
2 4 24 5
4 4 20 4
5 4 22 5
8 4 22 5
5 4 18 98
4 4 16 3
6 4 8 3
8 4 12 4
7 4 8 2
8 4 4 2
5 4 44 1
6 4 32 1
5 3 68 50
6 3 43 51
5 4 42 49
2 3 41 50
7 4 41 51
4 3 19 51
5 4 41 51
3 4 43 49
5 3 19 50
6 3 14 51
1 4 25 52
8 3 63 50
3 3 53 51
6 3 61 49
1 3 26 51
1 4 41 52
6 6 46 53
4 3 25 50
7 4 53 50
8 3 34 49
1 3 51 50
3 4 51 49
1 3 41 50
5 4 42 52
8 3 49 50
1 3 10 51
2 4 22 51
2 4 29 52
1 4 32 51
4 5 36 53
8 4 27 52
5 4 44 54
8 3 51 52
5 3 4 52
4 3 11 51
6 3 39 50
7 3 40 50
7 3 7 53
2 6 30 51
6 4 25 50
2 4 8 52
3 3 24 50
8 3 36 50
4 3 37 51
5 3 37 52
6 4 48 53
1 3 31 51
3 3 31 51
7 3 6 48
4 3 18 49
4 3 4 48
8 3 10 49
7 3 12 49
2 3 6 48
3 4 8 48
3 3 2 48
8 3 4 49
5 4 3 49
7 3 18 51
6 3 16 50
8 3 24 51
4 3 24 51
7 3 19 52
4 3 43 53
5 4 58 53
4 3 7 53
8 5 7 56
7 4 67 54
8 3 31 53
4 5 44 53
2 4 64 54
1 3 31 52
8 3 16 53
2 4 49 54
5 3 49 54
8 3 44 55
7 4 49 56
1 4 60 55
7 4 60 57
4 3 66 56
6 4 65 56
7 3 4 55
1 4 36 56
4 3 34 56
6 3 15 56
7 5 21 56
5 5 56 58
3 4 34 59
8 4 33 57
6 4 53 59
3 3 29 54
3 3 37 52
4 3 29 55
7 3 38 52
8 3 31 54
8 3 48 53
8 3 33 53
8 3 53 55
6 3 21 55
3 4 64 57
5 3 31 54
6 3 40 56
3 3 6 57
6 3 17 56
5 4 40 56
5 3 36 53
8 3 18 56
4 4 17 56
7 3 20 55
3 3 32 56
2 3 30 56
2 3 34 55
1 3 34 54
4 3 35 52
3 3 1 57
3 4 24 58
2 3 23 56
4 3 23 58
8 4 23 59
4 4 43 60
7 3 26 56
3 3 22 58
2 3 17 58
7 4 37 59
1 3 21 57
2 3 25 55
6 3 25 58
8 3 24 55
3 3 35 53
6 3 34 53
8 3 36 52
1 3 29 55
7 4 28 53
2 3 28 51
4 3 26 56
3 3 17 59
7 3 6 59
4 3 13 57
2 4 46 58
5 3 3 59
7 3 8 57
6 3 19 55
5 3 36 55
3 4 35 54
5 3 14 57
1 3 15 54
6 3 46 57
5 3 42 58
3 4 54 60
1 4 68 61
5 3 33 59
7 4 45 58
4 5 47 60
8 4 36 61
1 3 37 58
3 3 37 60
7 3 22 61
8 4 22 62
2 4 22 63
8 4 20 64
7 3 26 59
1 4 37 61
1 3 30 58
2 3 13 61
6 4 43 60
8 3 42 60
2 4 50 61
4 3 24 60
4 3 31 59
2 3 43 57
5 3 48 58
7 3 37 60
3 3 45 59
7 3 26 60
1 3 35 59
6 3 13 61
2 3 24 59
2 3 35 57
6 3 35 58
4 3 39 57
4 3 24 58
6 3 37 60
7 3 3 62
3 3 33 62
5 3 34 60
4 3 34 59
8 3 32 62
7 4 32 61
4 4 45 64
2 5 60 64
7 3 34 60
5 3 33 59
1 3 33 58
3 3 33 59
2 3 32 60
1 3 37 61
3 3 21 62
6 5 42 62
8 3 35 62
5 3 21 62
1 3 22 60
6 3 21 60
3 3 24 62
5 3 47 63
5 3 41 63
5 3 9 62
1 4 11 63
8 3 35 62
7 3 41 63
7 3 9 63
8 3 20 61
5 3 30 60
7 3 30 61
7 3 28 62
4 3 20 63
6 3 21 63
1 3 26 63
8 3 20 65
8 5 28 64
2 4 39 65
3 3 28 63
5 3 42 65
5 3 48 64
2 3 16 66
4 4 31 64
5 4 18 66
3 5 44 65
2 4 31 67
8 4 39 68
1 5 42 68
4 3 25 67
7 4 51 67
5 3 4 66
6 3 27 64
1 4 27 66
5 5 26 66
7 4 27 63
1 4 27 61
4 4 72 68
2 3 28 62
2 3 26 63
8 3 25 66
5 3 37 64
8 3 42 66
1 3 16 67
8 4 22 68
3 3 5 67
7 4 25 70
7 3 14 66
4 4 31 65
8 4 16 69
1 3 6 66
2 4 11 66
4 3 34 64
3 3 34 64
7 3 28 67
3 3 33 66
4 3 54 67
7 4 63 68
8 3 2 67
8 4 12 70
4 5 12 70
8 4 11 71
5 4 30 71
1 4 55 71
3 4 31 72
7 3 21 65
3 3 23 63
2 3 4 66
8 3 18 65
6 3 18 65
6 3 20 65
3 3 9 65
3 3 7 67
2 3 19 67
1 3 18 67
6 3 9 68
5 3 41 68
5 3 28 67
7 3 11 67
1 3 7 68
5 3 54 68
3 3 30 68
8 3 16 68
4 4 16 68
4 4 20 67
4 3 25 68
1 3 26 69
1 4 38 70
2 3 24 69
1 3 22 68
2 4 27 69
4 3 9 70
2 4 34 70
2 3 39 68
1 3 13 69
2 3 50 69
6 3 49 69
3 3 43 70
8 3 42 70
2 3 41 68
6 3 37 70
6 3 39 70
1 3 38 69
2 3 36 71
5 3 37 70
8 3 8 71
1 3 16 70
1 3 33 71
2 3 33 71
6 3 5 72
6 4 39 72
1 4 54 74
3 4 54 76
2 4 52 76
4 3 28 71
7 3 40 73
2 3 42 73
7 3 48 74
5 3 3 73
1 3 26 71
4 3 31 72
7 4 52 73
2 3 29 74
3 3 40 75
5 3 39 72
1 3 40 73
3 3 50 73
1 3 18 74
6 3 16 74
3 3 24 72
8 3 29 74
2 4 30 78
5 5 36 76
8 4 31 77
3 4 29 77
2 3 52 76
2 3 11 76
1 4 11 76
6 5 30 77
5 3 13 76
6 3 43 74
8 3 45 73
2 3 36 75
3 3 22 75
6 4 53 77
5 3 33 74
4 3 36 73
2 3 38 73
3 4 37 73
1 3 36 74
8 3 44 76
8 3 29 77
5 3 5 77
2 8 5 76
5 3 22 75
1 4 24 74
3 4 27 73
4 4 26 74
3 3 37 71
5 3 35 72
7 3 26 74
3 3 24 75
8 3 29 75
7 3 11 75
4 3 21 74
6 3 27 73
7 3 35 72
2 3 26 73
4 3 26 74
1 3 25 73
8 3 7 76
3 5 41 77
5 4 40 76
7 5 45 78
8 4 12 78
5 4 50 79
5 4 35 79
1 4 50 80
2 3 15 75
4 3 7 76
7 3 24 74
3 3 8 74
5 4 8 72
7 3 18 73
6 3 21 75
6 3 10 74
8 3 18 75
2 3 7 76
4 3 42 77
6 3 23 77
6 3 11 77
8 4 11 76
7 4 13 79
2 4 23 80
6 5 38 78
1 3 13 75
5 3 15 74
8 4 22 76
8 3 33 77
2 3 30 79
6 3 39 79
8 3 58 80
5 3 49 81
6 4 57 82
4 3 10 81
6 3 9 81
1 4 38 81
5 3 33 79
8 3 40 80
4 4 40 81
7 3 42 81
2 3 42 80
1 3 7 81
7 5 17 81
6 4 14 82
8 4 33 82
5 4 54 82
8 3 9 80
1 3 37 78
4 3 20 81
5 4 36 79
8 4 57 82
6 3 47 81
2 3 27 82
4 5 38 80
6 3 33 81
1 3 33 80
4 3 27 81
8 3 35 79
6 3 26 80
6 3 30 80
3 4 44 80
7 3 44 81
8 3 32 82
1 3 11 82
3 4 54 84
1 4 30 84
2 3 39 83
6 3 39 84
6 3 19 85
1 5 35 86
3 4 62 85
3 4 40 86
5 4 60 86
8 4 39 87
8 3 26 84
8 3 42 83
4 3 42 83
3 3 29 83
7 3 38 82
6 3 38 84
2 4 40 83
8 3 50 84
8 3 11 85
1 3 53 86
7 3 41 86
7 3 29 87
4 3 50 84
3 3 8 87
2 4 52 86
4 3 29 85
3 4 30 87
6 4 37 85
7 3 41 83
1 3 38 84
2 3 35 85
5 3 30 85
3 3 20 87
1 4 34 86
5 3 51 87
2 3 50 86
6 3 30 88
7 3 37 87
2 3 39 85
5 3 23 88
2 3 33 86
6 3 45 88
6 3 37 88
8 4 45 89
1 3 43 88
3 3 28 88
8 3 35 88
5 3 27 89
1 3 3 89
8 5 25 88
8 3 17 87
7 3 4 88
4 4 4 86
2 3 5 87
7 3 37 86
7 3 30 86
1 3 17 86
6 3 12 86
6 3 2 90
4 5 5 90
4 5 43 90
7 4 23 91
2 4 41 91
7 5 41 91
1 3 23 87
5 4 24 89
1 4 40 90
1 3 21 87
5 3 27 85
5 3 36 83
4 3 21 88
6 3 10 89
3 4 10 89
4 3 28 90
4 3 18 91
3 3 19 89
7 4 70 91
8 3 44 91
1 3 33 91
2 3 19 91
8 3 29 90
8 3 21 90
5 4 31 92
5 3 59 93
5 3 10 93
3 4 14 93
3 4 43 95
6 4 48 95
5 4 63 93
5 4 57 93
5 5 74 98
8 3 34 92
2 3 34 92
8 3 49 90
5 3 37 93
1 4 37 94
1 4 50 93
8 3 52 91
3 3 44 93
3 3 49 91
3 3 55 95
3 5 63 95
2 3 25 94
5 3 47 93
6 4 51 95
1 4 57 97
4 4 57 97
6 3 49 92
1 3 51 94
7 3 18 94
5 4 31 95
7 4 27 95
3 4 44 96
5 3 20 95
6 3 54 96
4 4 53 96
4 3 8 96
1 6 16 96
2 5 42 94
1 4 11 97
8 3 26 95
4 3 48 94
2 4 48 94
6 3 30 96
4 4 32 96
2 3 35 95
7 3 36 93
6 3 8 97
4 4 22 97
6 4 66 97
2 3 40 95
1 3 29 96
7 3 28 95
1 3 23 96
8 3 35 94
6 4 35 96
3 3 52 97
8 3 13 98
6 4 14 95
7 3 21 96
1 3 37 94
4 3 37 93
2 3 49 91
7 3 39 96
5 3 41 97
2 3 39 97
7 3 19 98
1 3 33 95
3 3 29 96
2 3 10 98
5 3 27 95
7 3 27 96
1 4 26 96
5 3 28 95
2 4 28 95
4 3 10 96
5 3 22 94
4 3 27 93
8 3 27 93
6 4 30 92
5 3 30 92
3 3 41 91
4 3 30 92
5 3 41 91
8 3 41 92
7 3 40 93
8 3 19 95
6 3 19 94
8 4 23 96
4 3 24 96
6 3 11 96
5 3 18 95
6 3 20 93
4 3 18 94
2 5 20 93
4 3 20 92
7 3 19 93
3 3 22 92
8 3 33 91
5 3 49 90
1 3 30 97
2 2 24 50
5 2 13 51
7 3 21 49
7 2 23 50
3 2 13 50
1 3 13 51
2 3 13 49
4 2 18 50
6 2 18 50
2 2 22 50
1 2 17 50
3 3 21 49
1 2 20 50
5 2 14 50
7 2 14 50
6 3 13 50
8 2 13 51
3 3 13 52
6 3 19 52
5 2 10 51
4 2 12 50
2 3 12 51
6 2 13 50
6 2 2 50
5 2 20 49
5 2 20 52
1 2 3 52
1 2 5 51
3 2 5 51
7 2 4 50
4 2 7 51
2 2 2 49
6 2 1 52
1 3 36 53
2 3 4 53
3 3 6 51
2 3 14 55
7 3 15 57
5 2 3 51
6 2 4 48
1 2 2 48
4 3 2 47
3 2 2 52
3 3 22 52
2 3 22 53
6 3 22 52
5 2 23 52
1 2 22 52
7 2 19 52
2 2 3 48
4 2 3 49
1 2 19 53
7 3 22 52
4 2 22 52
2 2 22 52
6 3 22 53
1 2 3 48
8 2 21 53
4 2 9 54
3 4 13 53
3 3 16 52
4 3 16 53
5 3 13 54
7 3 12 53
5 2 4 47
3 2 2 47
6 3 4 46
2 2 2 46
2 3 8 45
5 3 8 45
6 3 6 45
7 3 2 45
5 2 4 52
2 2 14 52
2 2 3 53
1 2 8 53
7 2 17 52
8 2 10 52
2 2 26 54
6 2 25 54
5 2 19 54
5 2 14 54
6 2 26 54
2 2 22 54
6 2 21 54
3 2 15 54
8 2 4 46
4 2 3 54
1 2 13 53
6 3 14 54
8 2 16 55
6 3 29 56
3 4 28 56
8 3 18 56
8 3 24 55
3 2 22 54
3 2 16 54
2 2 26 55
2 2 14 55
4 2 17 54
8 2 17 54
1 2 20 55
8 2 18 55
7 2 18 55
5 2 17 55
2 2 7 55
7 3 22 56
6 2 17 54
6 2 21 56
1 2 20 56
1 2 4 45
8 2 2 45
3 3 16 44
7 4 16 44
2 3 10 44
2 2 2 55
3 2 8 54
5 3 14 55
1 2 10 53
3 2 13 52
7 2 11 52
4 2 11 52
8 2 10 52
8 2 6 54
4 3 14 55
8 2 13 55
3 2 5 55
2 3 17 56
3 3 14 56
8 2 7 54
5 2 12 55
4 3 13 56
6 2 10 56
1 2 10 55
6 2 10 44
4 2 8 44
2 2 6 44
1 2 5 57
5 3 19 57
8 2 9 56
7 2 8 56
1 2 8 57
4 2 4 44
2 2 2 44
8 3 6 43
2 2 7 56
1 3 18 57
5 2 7 56
5 2 13 56
2 2 13 56
7 2 6 56
8 2 6 56
6 2 7 55
6 2 2 56
4 3 22 57
8 3 21 57
4 3 21 57
3 2 12 57
4 3 11 57
1 3 14 57
2 2 14 57
4 2 7 57
3 2 7 57
3 2 4 57
7 2 24 43
6 2 22 43
8 2 22 58
5 2 20 43
3 2 18 43
1 2 16 43
2 2 14 43
4 2 12 43
3 2 10 43
4 2 8 43
3 2 6 43
7 2 4 43
6 2 2 43
5 2 14 57
6 2 14 57
5 2 9 57
7 3 15 58
4 2 2 57
6 2 12 56
8 2 5 56
3 2 11 57
1 2 27 58
1 2 22 58
7 2 11 58
3 2 7 58
8 3 8 57
1 3 13 58
6 3 13 60
4 2 8 56
3 3 9 57
5 2 8 57
4 3 11 58
6 2 7 57
1 2 6 42
3 2 4 42
2 2 2 42
5 3 4 41
1 2 6 42
6 2 4 58
1 2 7 57
5 2 4 58
2 3 7 58
2 2 17 57
7 2 15 57
7 2 9 57
6 2 7 57
8 2 3 58
4 2 13 57
3 2 4 57
1 3 4 56
5 2 12 58
7 2 4 59
8 2 9 58
5 3 17 59
3 3 11 59
6 2 9 58
1 2 11 59
1 2 3 59
4 2 11 59
7 2 15 60
3 2 4 41
7 2 2 41
3 3 14 40
4 2 4 59
7 2 3 59
3 2 7 58
6 2 7 59
2 2 6 59
2 2 9 58
8 2 19 59
4 3 32 60
8 3 20 60
5 2 18 59
2 2 15 59
5 2 14 41
6 3 14 40
6 2 3 60
6 3 12 61
2 2 3 60
1 2 5 59
4 3 5 60
7 3 4 60
8 3 3 60
5 3 2 59
1 3 3 60
5 4 11 60
1 3 5 61
4 3 5 63
7 3 6 60
3 3 6 60
2 3 9 60
2 3 5 60
6 3 5 59
8 3 6 61
4 3 5 59
5 3 8 60
3 3 25 61
5 2 3 58
8 2 6 57
2 2 6 57
8 2 9 59
1 2 1 59
7 2 5 58
2 2 26 40
6 2 24 40
3 2 22 40
6 2 20 40
3 2 18 40
8 2 16 40
7 2 14 40
5 2 12 40
7 2 10 40
5 2 8 40
7 2 6 40
7 2 6 61
8 2 4 40
2 2 2 40
2 3 4 39
4 3 3 40
6 3 2 39
1 2 2 39
8 3 10 38
4 3 4 38
6 2 2 59
3 2 22 59
7 2 19 59
4 2 16 59
7 2 10 59
3 2 7 59
1 3 18 60
7 3 7 60
3 2 8 58
1 2 8 58
6 2 7 59
8 3 13 60
8 2 6 58
2 3 13 59
6 2 11 59
5 3 13 60
8 2 7 59
3 2 1 59
4 3 7 60
8 3 9 60
5 2 1 58
2 2 1 57
3 2 1 56
6 2 1 55
4 2 3 54
1 2 3 40
5 2 23 61
6 2 10 61
8 2 22 61
4 3 23 62
7 3 22 62
1 2 19 61
3 2 15 61
7 2 5 61
7 3 16 62
2 3 15 63
6 2 6 60
3 2 17 61
6 3 17 62
4 2 2 61
5 2 2 39
2 2 16 62
6 2 11 62
8 2 11 62
7 2 6 38
2 2 4 38
3 2 2 38
1 2 4 63
5 3 6 63
5 2 13 62
2 2 21 61
8 2 15 61
1 2 6 62
2 3 6 61
6 2 12 60
4 3 12 61
1 4 11 60
1 2 6 61
3 2 6 60
4 4 6 61
5 2 8 60
8 2 6 60
6 2 6 60
7 2 6 61
3 2 10 62
2 3 10 62
8 2 9 62
3 2 8 62
4 2 10 63
8 2 5 63
2 2 8 37
8 2 7 64
8 2 6 37
6 2 4 37
4 2 2 37
4 2 9 63
7 2 2 63
3 2 5 62
4 2 6 61
1 2 6 62
4 2 2 62
6 2 4 63
7 2 23 64
2 2 8 64
1 2 29 65
4 2 21 65
2 4 20 64
7 2 12 36
8 2 10 36
1 2 8 36
4 2 7 65
5 3 7 66
7 3 18 67
8 2 20 64
7 2 20 64
3 2 20 65
7 2 6 36
7 2 5 65
6 3 15 64
7 3 19 66
1 3 17 66
4 3 28 66
4 2 14 64
5 2 13 64
3 2 12 64
7 2 12 64
2 2 11 64
4 2 4 36
7 2 2 36
1 3 6 35
6 2 4 64
1 2 9 64
5 3 10 65
8 3 9 64
3 3 19 65
5 2 9 63
4 2 8 63
1 2 8 64
4 2 23 65
2 2 9 65
2 2 5 65
6 3 4 64
4 2 4 63
5 2 19 65
2 2 18 65
2 2 16 65
1 2 16 65
2 2 6 35
6 2 4 35
1 2 2 35
5 2 20 65
5 2 15 65
6 3 19 66
5 3 16 66
6 2 22 65
7 2 14 65
4 2 7 65
5 3 36 66
1 2 34 66
1 2 11 66
3 2 17 65
1 3 21 66
7 2 17 65
4 2 10 65
4 2 35 66
2 3 40 67
4 3 40 69
2 2 3 66
7 3 20 67
4 3 8 67
2 3 20 69
7 3 23 67
6 3 37 69
8 2 15 65
6 2 9 65
5 2 27 66
4 2 20 66
3 2 16 66
3 3 28 67
6 3 31 67
2 2 16 66
6 2 23 66
2 3 25 67
1 2 23 66
4 2 22 66
8 2 21 66
5 2 16 67
4 3 26 67
2 2 4 34
4 2 2 34
4 3 6 33
4 2 18 66
8 3 18 67
3 4 18 68
5 3 37 69
3 3 26 69
7 2 19 65
2 2 18 66
8 2 18 65
3 2 20 66
6 2 13 66
1 3 14 67
5 3 21 67
2 3 20 68
7 3 25 69
7 3 26 68
3 2 13 66
4 2 12 66
6 2 3 66
6 3 19 67
6 3 7 67
7 3 7 68
4 4 13 68
5 3 8 65
8 2 11 64
2 2 11 65
8 2 8 65
8 2 3 65
3 2 4 64
7 3 7 65
5 2 9 63
6 2 6 63
7 2 4 64
1 2 7 65
2 2 1 66
6 2 6 65
4 2 1 65
1 2 10 67
3 2 3 67
5 3 2 67
1 3 6 67
3 3 21 69
3 2 6 67
3 2 20 33
2 2 18 33
8 2 16 33
4 2 14 33
1 2 12 33
2 2 10 33
6 2 8 33
8 2 6 33
6 2 4 33
3 2 2 33
8 3 4 32
7 2 17 67
5 2 6 67
3 2 1 67
1 2 17 68
2 3 16 68
6 2 10 68
3 2 5 68
4 2 4 68
4 2 8 67
8 2 8 67
8 2 1 68
3 2 10 67
5 2 18 68
3 3 18 68
6 2 16 68
8 2 11 68
8 2 30 32
7 2 28 32
2 2 26 32
1 2 24 32
4 2 24 69
4 2 22 32
2 2 20 32
5 2 18 32
1 2 16 32
4 2 15 69
3 2 14 32
7 2 12 32
3 2 10 32
1 2 8 32
8 2 8 69
3 2 6 32
2 2 4 32
7 2 2 32
8 3 2 31
8 4 4 30
6 4 4 31
7 2 25 68
2 2 19 68
6 2 24 69
7 2 3 69
5 2 11 68
2 3 11 69
8 3 11 68
5 3 11 70
3 4 20 69
2 3 19 70
6 2 11 68
1 2 10 69
8 3 9 69
4 2 21 69
3 2 20 69
4 2 18 69
8 2 6 31
4 2 4 31
8 2 2 31
8 2 19 69
5 3 21 70
1 3 26 72
7 2 6 69
6 2 6 70
2 2 17 69
2 2 2 70
4 2 8 69
4 2 16 68
7 2 8 69
5 2 11 68
4 2 10 68
7 2 16 67
1 2 13 67
8 2 12 67
3 2 10 68
8 2 11 68
3 2 11 68
1 2 11 69
2 2 14 30
5 2 12 30
2 2 10 30
6 2 8 30
7 2 6 30
5 2 4 30
3 2 2 30
1 3 2 29
7 4 12 28
6 4 4 28
3 4 10 27
6 2 19 70
3 3 28 71
2 2 19 70
7 3 19 70
2 2 23 70
4 3 23 70
5 2 15 70
7 2 7 70
1 3 16 71
3 3 18 72
5 3 17 73
5 2 7 69
2 2 9 68
7 2 9 68
3 2 6 70
4 3 8 71
8 3 11 71
6 4 15 71
7 3 8 70
2 3 25 71
6 2 9 69
1 2 6 69
3 2 6 68
7 2 12 70
3 3 12 71
7 3 20 71
5 2 12 70
1 2 15 71
1 3 28 72
8 2 4 71
8 3 14 72
4 3 20 72
6 3 26 73
8 2 20 71
7 2 19 71
1 2 17 71
4 3 24 72
2 3 24 73
3 3 24 72
2 2 14 29
3 2 12 29
6 2 10 29
8 2 8 29
7 2 6 29
6 2 6 72
5 3 15 71
4 2 4 29
7 2 2 29
6 2 18 72
6 2 20 71
2 2 18 72
3 2 17 72
7 2 1 72
5 2 12 71
3 2 14 70
4 3 14 71
2 2 4 71
1 3 14 72
7 3 16 73
8 2 14 70
7 2 13 70
5 2 13 71
5 2 4 71
8 2 9 70
2 2 9 70
4 2 1 71
5 2 4 72
2 2 9 71
7 3 9 72
1 2 10 28
4 2 8 28
3 2 6 28
5 2 4 28
2 2 2 28
3 2 23 72
8 2 15 72
5 2 14 72
8 3 19 73
1 3 19 72
8 2 13 72
6 2 12 72
4 2 11 72
1 3 11 73
6 3 10 72
7 2 12 72
1 2 1 73
8 2 1 72
2 3 10 73
3 2 7 73
2 2 12 72
8 2 12 72
2 2 6 73
7 3 6 74
7 3 10 76
3 3 20 76
5 2 10 72
7 2 9 72
4 2 9 72
2 2 1 73
4 2 4 72
2 2 34 27
5 2 32 27
2 2 30 27
7 2 28 27
8 2 26 27
1 2 24 27
2 2 22 27
6 2 20 27
3 2 18 27
4 2 16 27
6 2 14 27
2 2 12 27
4 2 10 27
8 2 8 27
6 2 6 27
5 2 5 74
4 2 4 27
8 2 2 27
2 2 4 73
5 2 3 73
6 2 4 72
3 2 3 72
8 3 3 72
7 2 2 73
6 2 2 74
3 2 8 74
8 3 15 75
7 2 21 75
4 2 8 26
1 2 6 26
3 2 4 26
7 2 2 26
2 2 25 74
3 2 12 74
4 2 8 74
4 2 11 73
5 2 26 74
6 2 25 74
8 2 22 74
6 2 17 74
8 2 17 74
5 2 16 74
4 2 4 74
6 2 4 74
1 2 8 73
8 2 14 74
2 2 10 74
4 2 8 74
8 2 31 75
2 2 30 75
3 2 17 75
2 2 16 75
7 2 14 25
1 2 12 25
6 2 10 25
8 2 8 25
3 2 6 25
5 2 4 25
1 2 2 25
7 2 6 24
6 2 4 24
7 2 2 24
1 2 14 23
7 2 12 23
2 2 10 23
4 2 8 23
6 2 6 23
5 2 4 23
4 2 2 23
4 2 18 22
2 2 16 22
7 2 14 22
2 2 12 22
1 2 10 22
3 2 8 22
1 2 6 22
4 2 4 22
8 2 2 22
8 2 10 21
6 2 8 21
4 2 6 21
7 2 4 21
3 2 2 21
4 2 18 20
1 2 16 20
6 2 14 20
2 2 12 20
4 2 10 20
1 2 8 20
8 2 6 20
1 2 4 20
4 2 2 20
5 2 20 19
7 2 18 19
8 2 16 19
1 2 14 19
5 2 12 19
1 2 10 19
6 2 8 19
1 2 6 19
6 2 4 19
7 2 2 19
1 2 16 18
5 2 14 18
3 2 12 18
4 2 10 18
1 2 8 18
4 2 6 18
1 2 4 18
8 2 2 18
5 3 2 17
1 4 4 16
3 3 4 17
8 3 2 17
1 3 2 17
6 4 6 16
4 4 6 15
8 4 6 16
7 4 14 15
5 4 4 15
4 4 4 16
6 4 12 15
1 4 12 14
3 4 12 15
6 4 6 14
8 4 10 14
3 2 4 17
5 2 2 17
2 3 2 16
8 2 4 16
5 2 2 16
7 3 2 15
1 4 2 14
3 4 2 13
1 4 4 12
2 6 4 13
2 4 8 12
6 2 6 14
1 2 4 14
7 2 2 14
4 2 6 13
5 2 4 13
4 2 2 13
5 3 2 12
7 4 6 11
3 4 4 11
2 2 8 12
7 2 6 12
1 2 4 12
4 2 2 12
5 2 4 11
8 2 2 11
4 2 10 10
2 2 8 10
6 2 6 10
1 2 4 10
2 2 2 10
5 2 16 9
2 2 14 9
6 2 12 9
2 2 10 9
7 2 8 9
8 2 6 9
3 2 4 9
5 2 2 9
6 2 18 8
4 2 16 8
1 2 14 8
3 2 12 8
1 2 10 8
4 2 8 8
3 2 6 8
6 2 4 8
2 2 2 8
4 2 20 7
8 2 18 7
5 2 16 7
2 2 14 7
7 2 12 7
5 2 10 7
1 2 8 7
6 2 6 7
2 2 4 7
4 2 2 7
3 3 2 6
7 3 18 6
3 5 18 6
2 2 15 7
8 2 15 8
4 2 14 7
7 2 14 8
3 4 13 7
7 2 12 8
6 2 32 6
1 2 30 6
7 2 28 6
4 2 26 6
3 2 24 6
5 2 22 6
4 2 20 6
3 2 18 6
4 2 16 6
2 2 14 6
4 2 12 6
6 2 10 6
4 2 8 6
2 2 6 6
7 2 4 6
5 2 2 6
6 2 16 5
8 2 14 5
5 2 12 5
3 2 10 5
7 2 8 5
5 2 6 5
1 2 4 5
7 2 2 5
5 3 10 4
8 3 8 4
7 4 8 4
5 4 6 3
3 3 6 4
2 3 4 4
5 2 4 4
8 2 2 4
2 3 6 3
1 2 5 4
1 2 10 5
7 2 8 5
6 2 6 5
2 2 8 3
6 2 6 3
7 2 4 3
6 2 2 3
2 3 2 2
2 4 22 1
5 4 12 1
8 4 10 1
8 2 20 2
4 2 18 2
5 2 16 2
7 2 14 2
8 2 12 2
2 2 10 2
7 2 8 2
3 2 6 2
7 2 4 2
1 2 2 2
4 3 2 1
4 2 52 1
8 2 50 1
7 2 48 1
2 2 46 1
3 2 44 1
4 2 42 1
2 2 40 1
4 2 38 1
8 2 36 1
7 2 34 1
8 2 32 1
6 2 30 1
8 2 28 1
2 2 26 1
7 2 24 1
1 2 22 1
2 2 20 1
7 2 18 1
3 2 16 1
4 2 14 1
6 2 12 1
7 2 10 1
6 2 8 1
1 2 6 1
8 2 4 1
3 2 2 1
