28335
2481
7 10 4 28
4 10 52 5
5 10 8 43
2 10 60 28
8 10 46 4
8 10 18 27
7 10 98 35
5 10 16 8
1 10 82 45
2 8 78 41
4 8 22 39
6 8 38 7
4 10 80 35
1 8 36 30
4 8 44 38
7 8 34 1
6 8 20 30
4 10 32 29
7 10 46 24
2 10 20 38
7 10 8 34
2 8 72 33
6 8 62 36
5 8 84 5
2 8 4 17
2 8 52 32
6 8 8 3
7 8 28 27
8 8 80 10
1 8 64 49
1 8 6 34
4 8 64 17
2 8 72 45
1 8 74 6
4 8 82 15
8 8 70 22
7 8 20 23
6 8 30 32
4 8 72 24
2 8 22 35
7 8 84 15
5 8 78 48
6 8 68 38
5 8 82 15
1 8 70 45
5 8 84 15
8 8 26 20
4 8 6 33
4 8 82 29
2 8 86 30
4 8 72 43
2 8 30 24
6 7 37 85
2 7 69 56
4 7 25 66
8 7 66 56
6 7 22 64
8 7 61 68
2 7 81 54
2 7 17 51
7 8 14 50
4 8 50 48
3 8 16 47
6 6 72 27
7 6 26 1
3 6 36 93
3 6 24 1
6 7 74 95
7 8 32 1
5 8 34 2
8 6 72 25
4 6 16 46
3 8 38 46
5 6 52 11
4 8 82 97
2 6 76 33
7 6 56 31
4 6 20 13
5 6 4 32
5 8 60 30
1 8 4 15
6 8 58 30
5 6 28 14
8 6 10 35
2 6 84 17
4 6 78 22
8 6 69 87
1 6 70 26
6 6 12 37
7 8 20 14
4 8 26 13
5 8 68 27
7 8 54 37
6 8 74 32
4 8 78 25
5 6 12 25
8 6 82 11
7 6 8 36
8 6 8 41
2 6 64 38
2 6 90 11
3 6 76 16
2 6 22 40
3 6 74 13
6 6 6 25
6 6 58 20
7 8 34 26
7 8 54 27
5 8 52 14
7 6 4 85
4 6 62 48
8 6 84 19
2 6 76 44
8 8 78 44
7 6 70 19
5 6 44 42
3 6 34 25
7 8 72 23
8 8 72 23
3 6 60 11
3 8 64 20
1 6 14 36
7 8 30 35
2 6 32 9
8 8 50 9
3 6 34 68
2 6 68 39
2 6 20 15
3 8 24 15
7 6 36 35
5 6 20 30
6 8 42 17
6 8 60 29
7 8 44 35
2 8 60 15
4 8 42 15
5 6 52 28
7 6 44 37
2 6 72 13
4 6 46 28
8 6 34 6
7 6 74 31
7 6 28 17
6 6 22 95
1 6 64 43
3 6 20 4
5 8 64 29
7 6 72 16
3 6 22 40
2 6 58 30
5 6 62 5
5 6 38 42
4 8 82 42
1 6 50 12
4 6 62 32
4 6 76 3
7 6 4 13
7 6 14 41
4 8 46 12
6 8 72 12
8 8 68 13
4 6 58 24
5 6 70 39
3 8 14 41
2 6 4 47
1 6 32 4
6 8 16 46
4 6 66 48
8 6 38 37
7 6 32 30
2 8 48 50
4 6 22 2
7 6 50 50
7 6 10 15
5 6 6 3
5 6 56 18
8 6 56 40
2 6 24 15
8 6 40 13
4 6 52 46
4 6 38 20
1 6 56 21
5 6 60 38
1 6 64 2
5 6 34 4
3 6 68 24
1 6 62 19
3 8 56 22
7 6 22 10
6 6 62 38
1 6 36 14
7 6 56 25
8 6 18 38
1 6 68 12
8 6 22 34
3 6 30 33
6 6 34 4
7 6 64 10
5 6 38 1
5 6 36 9
8 6 20 10
3 6 6 33
6 8 58 24
6 8 50 33
4 6 58 11
4 6 10 2
4 8 22 15
7 6 80 22
7 6 66 3
2 6 20 15
7 8 50 6
4 6 62 33
6 6 6 42
7 8 72 43
7 8 66 43
3 6 60 19
8 8 58 18
5 6 78 22
6 6 68 6
2 8 58 5
6 6 54 2
4 6 48 14
8 6 40 42
6 6 54 41
4 6 28 31
7 6 38 5
1 6 4 40
2 6 32 31
3 6 64 43
1 6 38 19
5 6 22 33
7 6 44 16
1 6 58 38
2 6 20 48
3 6 56 38
1 6 60 21
1 6 40 11
7 6 56 20
1 6 48 6
2 6 20 26
4 6 38 29
4 6 24 27
2 6 64 45
8 6 52 28
5 6 32 48
1 6 42 12
6 6 28 49
7 6 42 11
6 6 42 11
2 6 30 45
4 6 8 33
8 6 48 18
6 6 20 40
3 6 28 49
7 6 8 27
6 6 64 47
4 6 30 27
4 6 22 38
4 8 44 47
5 6 38 42
1 6 14 45
7 6 56 7
4 6 56 9
3 6 46 40
2 6 18 45
8 6 20 41
3 6 30 41
7 6 36 46
5 8 18 44
6 6 24 42
8 6 26 26
6 6 40 48
8 6 16 45
8 6 22 42
3 6 52 48
5 6 62 48
6 6 36 46
2 6 56 27
1 6 56 28
7 6 60 48
6 6 48 48
3 6 48 25
6 6 50 44
4 6 28 25
1 5 43 57
7 5 74 60
6 5 3 76
6 6 48 74
6 5 9 96
4 5 28 55
7 7 79 56
7 5 50 74
3 5 76 56
3 5 29 80
8 5 66 58
3 5 17 87
6 6 35 86
5 5 8 50
4 7 26 49
1 6 48 50
1 6 54 48
3 6 38 48
1 5 23 80
8 5 42 86
3 5 24 80
3 6 53 79
4 5 29 69
5 6 14 3
6 6 22 3
8 6 54 1
2 6 48 3
7 5 61 67
7 5 57 87
8 5 75 98
5 5 29 81
4 6 34 2
2 5 88 87
7 5 22 50
7 5 30 62
6 6 77 62
4 6 47 81
7 6 45 83
8 6 50 79
8 5 92 65
6 5 81 61
4 5 21 96
8 6 35 63
6 6 62 68
7 5 16 50
1 5 90 60
4 5 14 51
1 6 20 50
3 6 24 48
8 6 38 47
2 6 38 47
4 6 36 94
1 5 85 63
8 5 63 98
3 7 91 98
2 5 44 50
8 4 46 27
4 4 6 48
1 4 42 22
1 6 48 22
5 6 54 20
4 6 54 22
8 4 36 31
3 6 50 32
6 4 36 50
3 4 42 29
3 6 52 28
4 4 48 14
1 4 54 7
2 6 56 8
8 6 57 96
8 6 74 7
4 4 23 88
6 5 73 90
4 5 77 87
7 4 52 60
3 4 54 21
3 6 56 22
1 4 16 78
3 5 50 76
6 4 34 13
3 4 34 39
8 4 54 22
6 4 40 22
5 4 40 25
4 6 46 23
3 4 14 3
6 6 28 5
4 6 26 4
7 6 26 4
6 4 70 9
1 4 40 9
3 6 28 2
4 6 42 8
4 4 18 16
3 6 44 7
6 6 42 7
6 6 18 16
1 6 36 16
6 4 64 6
4 4 26 12
3 6 32 13
8 4 65 84
3 6 28 16
4 6 60 17
7 5 66 81
8 4 30 49
5 4 42 11
3 4 50 94
4 4 16 52
6 4 12 7
8 4 50 27
1 4 39 52
2 4 40 98
2 4 38 48
8 4 38 48
3 4 24 30
2 4 46 4
4 6 36 31
7 4 37 74
4 4 50 11
3 4 50 9
4 4 44 40
8 4 70 23
6 4 50 77
4 4 46 39
4 4 51 67
1 4 50 31
3 4 70 37
8 4 34 68
6 6 62 69
5 7 69 70
4 4 59 66
1 4 10 40
5 6 10 39
8 6 30 39
8 6 46 39
3 6 42 38
1 4 46 33
4 4 50 46
6 4 49 61
3 5 62 61
8 4 61 67
5 4 10 48
2 4 33 85
1 6 30 48
4 4 38 74
2 5 50 73
7 6 64 86
4 5 65 82
7 4 68 7
6 4 33 73
7 4 18 18
1 6 24 19
8 6 52 19
5 6 42 20
4 6 34 17
4 6 48 20
4 4 46 17
7 5 64 73
8 5 73 73
1 5 73 74
8 4 18 97
3 5 52 96
3 4 48 32
3 4 18 79
4 4 52 43
6 4 34 39
3 5 28 79
2 5 27 79
1 4 62 99
5 6 54 76
3 5 80 72
4 4 69 74
4 4 68 63
7 4 7 92
2 5 57 90
5 6 62 91
2 5 60 90
6 5 46 90
7 4 74 92
8 4 24 10
2 6 52 9
5 6 22 8
4 4 20 43
1 4 26 40
3 6 50 6
6 4 48 28
2 4 18 43
1 6 34 41
5 6 48 44
6 4 36 35
4 4 48 4
5 4 24 23
8 4 42 43
3 4 72 68
5 4 34 17
6 6 46 22
2 4 49 96
5 4 44 17
4 4 42 21
6 4 36 46
4 4 26 47
3 4 52 12
5 4 26 46
4 4 44 35
1 6 46 36
5 4 46 11
1 4 46 19
5 4 18 100
7 4 40 7
6 4 48 23
1 4 40 13
4 4 40 2
3 4 26 28
3 4 16 46
5 4 6 42
1 4 38 76
4 5 73 75
4 6 65 78
3 4 51 87
5 4 5 52
4 5 56 78
8 4 42 100
6 4 38 27
8 4 14 12
4 6 40 12
2 6 46 28
5 4 42 19
6 4 44 18
7 4 44 27
1 4 16 23
2 4 40 81
4 5 39 81
2 4 14 23
2 4 52 21
2 4 46 18
6 4 46 1
5 4 4 6
7 6 32 5
3 6 32 6
6 6 4 6
8 6 22 4
5 6 36 7
3 4 42 21
5 6 42 22
3 6 12 5
1 6 12 4
3 4 36 3
5 4 10 22
1 4 30 29
2 6 46 23
1 4 44 1
3 4 28 36
8 4 46 32
8 4 38 7
5 4 24 44
5 4 34 25
7 4 4 27
8 6 20 28
2 6 22 28
5 6 18 26
3 6 30 30
6 6 32 25
3 6 30 24
8 6 28 25
2 6 26 28
5 4 72 98
5 4 44 23
3 4 15 82
4 4 42 33
8 4 58 18
2 4 34 8
7 4 68 86
8 4 4 64
3 6 65 65
4 4 30 1
5 5 21 64
6 4 61 61
1 4 8 8
8 6 28 44
4 4 8 9
1 4 30 31
7 4 28 2
1 4 44 9
7 4 3 53
6 5 80 52
5 5 50 51
2 4 8 44
5 4 36 73
6 6 24 44
1 4 54 21
2 4 32 28
8 4 16 34
6 6 78 73
1 4 16 34
6 4 60 65
4 4 46 38
2 6 44 38
2 4 33 66
5 6 46 35
5 4 38 33
2 6 40 33
5 4 71 73
1 7 71 73
6 5 70 71
2 8 14 5
8 4 24 30
6 6 22 29
7 6 20 29
4 4 54 36
8 4 36 11
7 6 6 8
8 4 38 34
3 4 12 45
4 6 36 6
7 4 46 14
4 4 14 46
7 6 14 46
5 4 56 86
8 4 4 26
3 5 81 86
3 4 14 11
1 6 12 10
7 6 14 12
5 6 28 14
8 6 26 13
5 4 38 35
5 4 12 25
5 4 74 65
1 4 28 26
2 4 4 35
4 4 75 67
8 4 14 11
3 4 47 72
3 4 8 83
7 6 47 84
1 5 29 83
1 4 14 12
5 6 14 13
4 4 56 18
6 4 32 11
8 4 16 4
8 4 28 30
1 4 22 46
7 4 44 16
7 4 38 22
7 4 44 20
4 4 18 5
7 4 10 9
4 6 16 8
5 4 38 6
2 4 4 48
7 5 4 49
3 6 22 47
1 6 4 47
1 6 14 46
8 6 8 47
3 6 4 47
4 7 4 49
5 6 16 47
3 5 2 49
6 4 7 51
5 4 20 24
5 6 4 46
6 4 4 47
6 6 16 46
7 4 34 31
7 4 34 21
6 4 22 6
1 6 22 23
5 4 16 49
2 4 10 24
8 4 30 34
5 6 32 21
6 4 32 20
2 4 6 2
8 4 12 47
8 4 6 11
6 4 34 34
6 4 13 53
3 6 22 7
7 4 26 21
4 6 42 19
7 4 28 18
4 6 28 19
5 8 38 8
3 6 36 17
8 4 28 24
2 4 36 43
2 4 26 26
8 4 6 1
2 4 20 6
3 4 10 8
2 4 32 44
7 4 32 6
3 4 10 23
1 4 32 5
8 4 10 8
1 4 40 16
4 4 8 45
7 4 22 44
6 4 8 1
5 4 30 27
1 6 12 44
5 4 66 76
6 4 8 3
3 4 26 30
2 4 18 9
1 4 26 35
5 4 12 34
6 6 30 32
3 6 28 34
7 6 24 33
7 4 34 31
3 6 35 66
2 4 20 24
2 4 34 16
3 4 18 25
6 4 16 27
3 4 34 43
1 6 22 27
4 4 2 26
8 4 8 7
4 6 20 28
6 4 16 25
6 4 34 17
6 4 2 15
3 6 28 6
2 6 26 7
7 4 18 14
5 4 34 43
2 5 50 53
2 4 26 15
4 4 12 27
1 4 20 16
2 4 34 1
4 4 28 44
3 6 18 28
1 4 8 25
7 4 10 34
6 4 30 43
2 6 16 33
3 4 8 14
5 4 16 2
4 4 50 36
7 4 30 17
6 4 24 8
6 6 16 1
5 4 32 1
7 4 35 58
4 4 6 4
4 6 8 2
7 4 8 2
3 4 20 32
2 4 20 14
5 4 57 59
6 4 36 20
5 4 12 28
8 6 12 28
7 6 20 14
4 4 45 58
3 4 28 32
1 5 74 54
5 4 24 4
2 4 14 3
5 4 48 36
6 4 8 30
7 4 8 4
1 6 22 5
8 6 20 15
6 6 14 5
4 4 20 6
1 4 25 96
4 4 24 22
8 6 28 22
3 4 20 7
2 4 56 57
7 4 32 1
2 4 50 36
8 6 50 37
3 4 71 60
2 4 26 32
5 6 20 7
3 4 10 35
6 4 43 60
8 4 18 7
4 4 10 13
2 4 10 16
6 4 18 16
7 4 14 12
6 6 16 12
5 4 18 24
6 4 59 85
2 4 20 17
2 4 6 45
8 4 36 20
5 4 8 37
2 4 20 34
1 4 28 38
5 4 14 14
8 4 12 14
4 4 16 7
2 6 20 37
1 4 59 71
5 4 16 12
5 4 2 24
4 4 6 12
4 4 12 6
2 4 6 12
6 4 4 11
2 4 12 17
7 4 40 37
5 4 30 31
8 4 8 40
4 4 8 25
8 4 6 46
3 4 6 41
6 4 14 44
3 6 12 13
7 6 16 26
2 4 2 38
8 4 12 20
3 4 2 11
5 6 4 11
2 4 24 20
1 4 2 12
6 4 2 12
4 4 12 41
1 6 14 27
6 4 20 23
6 4 12 21
7 4 4 44
8 4 79 52
2 4 16 42
3 4 59 84
7 4 12 14
1 4 18 43
1 4 18 36
3 4 16 23
2 4 4 40
4 4 81 59
7 4 2 39
3 4 4 11
6 4 4 37
5 4 18 34
8 4 14 39
7 4 20 22
1 4 12 11
4 4 20 32
1 4 12 20
5 4 12 20
8 4 20 32
4 4 20 36
8 4 16 37
4 4 28 37
1 4 4 9
4 4 10 22
8 4 18 5
4 4 8 10
4 4 12 24
7 4 12 47
4 4 4 36
2 4 10 14
4 4 14 18
3 4 28 36
2 4 4 22
4 4 27 72
4 4 58 85
8 4 43 72
2 4 26 72
8 4 8 21
4 4 29 74
7 4 29 74
7 4 4 37
8 4 16 11
5 6 14 19
1 4 6 36
1 4 20 36
6 4 8 37
1 4 57 84
4 4 4 27
4 4 16 12
7 4 12 38
6 4 14 39
8 4 62 83
2 4 36 40
3 4 4 27
3 4 6 21
6 4 4 28
5 4 16 29
3 4 12 39
2 4 18 30
1 4 16 29
8 5 71 82
1 4 12 20
5 4 10 22
5 4 39 58
2 4 10 11
4 5 77 58
5 4 18 31
5 4 16 36
3 4 34 74
4 4 14 41
2 4 18 20
6 4 48 75
8 6 18 20
5 4 34 41
4 4 18 32
6 6 16 31
6 4 34 77
6 4 32 41
7 4 18 30
1 4 18 31
3 4 4 9
5 4 57 60
2 6 6 8
6 4 6 8
1 4 2 8
2 6 14 21
1 4 42 74
3 4 2 41
7 4 8 9
3 4 36 70
1 4 74 70
7 6 22 41
5 4 47 70
6 4 6 9
8 4 85 69
1 4 6 7
7 4 84 69
6 4 6 8
8 4 18 42
6 4 27 62
2 6 16 23
6 4 41 62
3 4 51 56
6 4 49 97
4 3 44 72
8 4 63 74
6 3 40 79
2 3 9 80
7 4 29 80
1 4 39 79
8 4 29 79
6 4 63 80
2 4 3 75
8 4 43 75
5 4 10 76
3 4 62 78
4 6 27 76
6 6 65 76
8 4 34 79
5 4 34 80
1 4 68 82
5 5 45 78
5 4 22 78
1 5 10 76
1 4 58 80
2 4 27 77
1 4 45 76
3 5 44 75
2 4 37 78
8 4 44 80
3 4 50 80
7 5 54 80
4 4 55 80
3 4 30 74
1 4 37 74
2 4 52 72
8 4 54 70
4 5 27 75
5 6 53 73
8 3 39 70
5 3 43 60
1 4 59 59
7 4 50 57
8 3 11 87
1 4 65 86
2 4 51 87
2 4 49 61
4 3 57 99
6 3 45 57
5 5 51 56
8 3 8 73
4 5 10 73
4 4 64 72
6 4 43 90
2 4 83 92
8 3 54 65
2 4 66 64
2 3 55 82
1 4 54 80
6 4 54 80
5 4 53 79
5 3 54 56
4 3 27 84
3 4 50 85
1 4 67 65
5 4 73 86
2 3 33 54
6 4 50 54
4 4 42 53
6 5 50 85
1 3 34 88
5 4 76 88
2 4 76 88
6 4 86 89
6 3 5 74
3 4 21 89
8 5 52 88
5 4 42 75
7 4 71 90
1 5 43 75
5 4 50 77
2 4 42 74
4 4 39 75
4 3 61 65
6 3 59 66
6 4 72 65
4 3 59 87
8 4 70 85
5 4 32 89
7 4 38 90
6 4 74 89
1 3 15 91
3 4 48 90
3 4 40 88
1 4 21 91
6 4 50 92
4 4 50 92
3 4 67 92
1 4 36 91
5 4 66 92
5 3 51 83
3 4 69 83
8 3 50 85
4 3 49 98
1 6 48 95
8 4 70 97
3 4 73 97
3 4 60 96
7 3 53 88
8 3 50 94
2 4 73 94
2 4 50 94
5 4 69 94
7 3 27 98
1 4 68 96
5 3 60 88
7 3 52 57
2 3 52 78
7 3 7 61
8 3 52 55
4 4 52 56
7 5 77 56
1 4 42 54
2 4 76 55
1 3 57 79
5 3 59 96
4 3 28 99
3 3 31 85
6 3 40 52
4 3 58 67
7 4 66 51
5 3 48 95
3 3 25 64
8 4 64 64
4 3 48 53
8 3 28 68
2 4 67 67
2 4 75 69
3 3 31 81
8 3 54 69
6 4 35 68
5 3 41 90
3 3 25 79
5 4 38 65
5 4 57 77
5 3 42 91
3 3 60 97
6 3 41 90
8 3 26 92
8 3 42 72
1 4 41 90
4 3 16 52
8 5 40 91
2 3 13 63
8 5 69 92
1 3 47 78
6 3 15 92
4 4 55 90
2 3 60 89
6 3 13 63
3 4 47 60
3 4 24 62
5 3 50 63
4 3 52 69
8 5 19 63
2 4 21 65
6 4 30 65
3 4 36 63
1 4 63 67
3 3 59 88
3 3 8 89
7 3 32 73
5 4 20 66
2 4 51 66
4 3 12 72
6 4 37 67
4 3 8 98
8 4 39 97
6 5 39 98
2 4 27 73
1 6 16 98
6 5 49 70
5 4 21 97
1 4 11 99
5 5 32 97
8 4 28 71
6 4 69 99
1 5 26 73
5 3 4 68
2 4 61 69
3 3 55 91
5 4 59 92
1 4 42 70
8 4 63 68
8 3 39 95
7 3 3 64
5 3 10 95
2 4 37 63
4 3 44 62
2 3 47 97
1 3 11 66
5 3 3 75
1 3 7 83
8 6 10 72
1 4 17 71
8 6 16 71
4 3 45 66
7 3 26 92
5 3 34 51
3 3 53 58
3 3 53 81
4 3 21 85
1 4 41 86
4 3 45 94
7 3 7 55
4 5 8 83
5 4 33 81
6 4 34 53
1 4 48 54
1 4 46 51
2 4 48 54
8 3 51 77
5 3 4 61
4 5 24 62
8 4 19 61
2 3 50 55
4 3 36 94
7 4 59 94
8 3 20 56
1 3 24 98
6 4 40 97
7 4 53 97
8 4 24 97
7 4 36 95
8 3 22 88
4 3 23 69
4 3 35 55
7 4 44 66
2 3 27 69
7 3 33 78
7 3 43 93
3 3 35 96
1 3 51 85
3 3 6 59
1 5 41 96
5 4 53 95
8 4 7 58
4 4 7 55
7 4 35 55
3 4 65 54
1 4 58 55
4 3 66 69
7 3 22 70
4 5 43 57
8 4 43 56
7 4 49 68
3 4 47 68
6 3 51 55
3 3 43 80
4 3 50 53
7 4 19 55
2 3 19 54
1 5 18 54
7 4 25 56
6 4 22 56
3 4 51 53
7 4 53 57
1 3 3 91
2 4 18 90
2 5 10 92
4 4 8 91
7 4 30 91
6 4 12 91
6 3 33 82
2 4 50 83
7 3 50 82
2 6 51 55
3 3 48 54
8 3 50 82
3 3 20 89
1 3 45 88
2 3 51 83
2 3 33 89
5 3 9 64
8 4 54 86
1 3 37 84
3 3 12 50
3 4 20 49
6 4 12 49
4 4 12 50
4 4 51 52
3 4 47 53
7 3 42 81
6 3 11 70
8 3 33 92
5 4 33 91
6 3 43 89
6 3 34 83
5 5 44 54
6 4 58 84
7 4 9 65
1 3 33 93
6 3 47 58
8 4 47 92
2 3 31 66
3 3 36 77
5 3 32 87
5 3 31 62
7 3 33 61
8 4 33 60
4 4 33 62
6 4 51 59
2 3 6 50
2 4 10 49
2 3 35 71
5 4 46 72
6 3 8 99
3 3 5 69
2 4 42 61
4 3 47 83
7 3 33 96
1 3 33 62
8 3 49 95
3 4 14 95
4 3 5 93
7 4 17 97
7 4 39 93
7 3 44 58
5 3 5 79
2 8 5 78
1 4 18 76
5 4 25 75
3 3 47 87
7 3 45 65
2 3 48 77
8 3 9 51
5 4 10 50
7 4 31 51
5 4 14 51
5 4 19 52
1 4 26 52
4 4 14 52
7 3 4 90
4 4 4 88
4 5 35 83
2 4 37 81
5 4 33 96
5 3 48 67
5 3 48 99
2 4 17 78
6 4 26 81
1 3 46 90
7 3 33 59
8 3 45 52
6 3 41 60
7 3 47 92
3 3 46 82
1 3 8 70
2 3 10 100
6 4 14 97
1 3 47 77
7 5 20 98
7 3 14 81
6 4 40 81
1 3 41 82
8 4 34 83
4 3 13 59
8 3 11 99
3 3 45 66
2 3 10 50
1 3 26 97
2 4 27 97
1 3 14 69
1 4 51 70
5 3 23 64
1 4 48 63
5 3 45 67
8 3 37 90
7 3 40 62
2 3 10 67
4 6 43 66
7 5 50 68
1 3 32 71
7 4 32 71
3 5 31 69
5 3 45 77
6 3 32 63
7 3 17 86
2 3 31 70
6 3 15 83
3 3 26 64
8 3 10 79
1 3 6 68
7 4 13 69
7 4 36 69
3 4 42 66
1 4 42 68
1 3 26 55
7 3 17 63
1 4 49 62
7 4 49 61
7 3 4 57
4 3 25 95
4 3 23 58
8 3 6 56
4 4 34 54
7 4 35 55
5 3 28 95
4 3 8 57
1 4 30 58
2 3 31 96
8 3 38 76
6 3 16 76
7 3 8 68
7 4 34 76
6 3 34 55
4 3 48 64
8 3 47 64
5 3 33 62
7 3 39 76
2 3 35 69
7 3 17 81
2 4 22 80
6 4 32 82
5 3 43 65
7 3 26 58
8 3 17 66
6 3 47 57
5 3 38 82
2 3 42 89
2 3 23 56
8 3 35 82
1 3 43 95
5 3 46 63
4 4 47 64
2 4 38 88
3 3 46 64
8 3 46 65
6 3 35 93
5 3 18 91
4 3 41 91
8 3 45 68
5 3 45 69
2 3 32 58
6 4 53 59
3 3 24 60
3 5 53 62
1 3 37 76
5 3 38 69
8 3 10 69
4 3 27 70
8 3 16 79
4 3 10 98
1 3 31 83
6 3 11 98
8 3 23 60
4 3 26 58
5 4 33 83
6 3 14 58
5 3 41 56
8 3 45 54
3 3 10 69
3 3 29 89
2 4 25 89
8 3 26 63
5 3 24 91
3 3 29 93
2 3 21 93
6 4 21 95
7 3 41 95
7 3 27 63
3 3 42 93
3 3 32 55
4 3 27 93
4 3 29 62
8 3 40 54
4 3 26 67
3 3 32 95
3 3 24 57
7 4 51 60
5 4 51 62
1 4 33 53
6 3 42 87
7 3 31 96
4 4 25 98
1 5 32 95
8 3 44 92
4 3 35 69
1 3 37 52
7 3 31 92
2 3 31 98
2 3 40 57
8 3 32 53
3 3 7 57
6 3 38 70
6 3 2 92
3 3 21 93
8 3 8 50
8 3 2 69
2 3 4 68
8 3 24 55
2 4 50 59
5 3 26 69
3 4 31 71
2 3 7 67
3 4 8 50
8 3 6 69
1 3 24 69
2 3 24 70
1 3 12 68
3 3 8 66
1 4 22 66
3 3 12 69
5 3 26 97
4 3 31 98
2 3 26 96
5 3 26 55
3 3 31 53
3 3 40 99
4 3 51 87
4 3 31 83
6 3 18 87
5 3 47 86
5 3 32 54
2 3 39 85
3 3 1 59
8 3 26 68
1 2 9 58
4 3 43 59
2 3 20 59
8 3 42 59
5 3 13 78
3 3 23 77
5 3 19 77
1 3 19 78
1 3 18 58
2 4 32 76
2 3 30 76
8 3 26 57
5 4 30 56
4 3 44 80
7 3 44 78
5 3 45 60
3 3 30 58
1 4 37 60
7 3 38 61
7 3 39 63
2 3 39 63
5 2 8 9
1 2 8 2
8 4 28 1
4 4 26 2
8 4 8 1
5 4 18 2
6 4 20 3
3 4 18 3
4 2 8 21
1 2 8 16
3 2 8 18
3 4 39 79
6 2 8 17
6 2 8 9
8 2 8 22
6 4 8 22
3 2 8 16
1 4 10 15
7 4 10 16
6 4 16 16
5 4 12 16
3 2 8 23
8 2 8 15
8 2 8 11
1 6 8 18
4 2 8 23
4 4 8 19
6 4 10 23
2 4 8 19
2 2 8 30
7 4 8 30
7 4 10 24
7 2 8 19
1 2 10 65
3 3 19 64
8 3 18 65
1 4 24 64
7 3 29 66
1 3 32 64
6 4 30 66
5 3 36 67
2 3 30 66
2 3 31 65
4 4 30 66
4 5 18 65
5 4 28 65
8 3 29 67
3 2 8 23
2 2 8 24
5 2 8 24
6 4 8 19
2 2 9 54
7 3 20 52
3 3 47 51
7 4 31 53
7 4 20 18
2 30 22 40
3 4 18 41
1 4 20 38
5 6 14 39
2 4 12 37
2 2 8 30
2 2 8 36
3 4 12 35
8 4 12 36
4 4 12 35
5 2 8 38
2 2 8 48
5 6 8 48
4 4 6 48
4 2 8 34
8 4 8 34
6 4 8 34
1 4 8 35
4 4 8 35
7 16 14 10
7 22 16 40
5 2 8 74
3 4 10 36
2 3 27 72
1 2 8 49
7 2 9 59
3 3 41 73
2 3 13 60
1 4 6 40
4 8 10 44
3 2 8 33
6 2 8 38
1 2 8 43
7 2 8 37
1 2 8 33
7 8 22 43
3 20 18 18
2 2 8 95
7 3 23 96
8 4 26 93
4 3 26 95
4 3 36 93
6 4 24 95
3 4 18 43
2 3 32 96
6 4 18 42
1 4 12 16
2 8 14 10
4 4 8 10
1 2 8 73
6 3 25 71
7 3 9 73
7 3 28 74
4 3 28 72
7 3 17 72
4 3 20 71
1 4 9 53
4 3 20 53
3 3 25 70
3 8 8 3
8 4 8 4
5 4 8 5
7 4 6 3
2 4 8 5
2 12 12 43
1 4 12 43
3 4 8 44
8 4 6 44
6 4 14 42
2 10 12 19
1 6 6 19
1 10 10 29
7 4 4 29
4 3 31 55
6 3 30 54
7 3 35 52
3 2 6 4
1 2 6 4
8 2 6 5
6 2 6 3
2 4 6 2
1 6 6 1
3 2 6 7
7 4 6 6
2 4 6 7
4 2 7 92
5 3 42 52
1 3 42 52
3 2 6 6
1 2 6 6
7 2 6 11
4 3 37 61
6 2 7 93
4 3 40 93
2 3 37 93
5 3 40 92
3 4 6 10
3 6 39 93
5 2 6 1
1 2 6 14
6 2 8 37
6 2 6 1
6 3 36 94
2 4 16 1
3 2 8 39
8 2 8 39
4 2 6 16
6 2 6 15
4 2 8 38
5 2 8 36
1 2 8 41
4 2 8 41
4 2 6 2
1 2 6 2
4 2 6 4
8 2 8 43
8 2 6 8
5 2 6 18
6 2 6 18
4 4 12 17
3 2 6 16
7 2 6 16
4 4 6 8
5 2 6 12
6 2 6 12
1 2 6 16
3 4 4 8
5 2 6 12
8 2 6 17
4 2 6 17
3 2 6 18
6 2 6 18
8 2 6 17
2 2 6 17
2 2 6 19
8 2 6 17
4 4 2 7
8 2 6 2
6 2 4 2
8 2 8 47
5 2 6 31
7 2 6 4
5 2 6 4
8 2 6 32
6 2 6 24
8 2 6 24
2 2 6 33
7 2 6 25
8 2 6 34
5 2 6 32
3 2 6 33
4 2 6 33
7 2 6 33
8 2 6 36
7 2 6 36
8 2 6 36
6 2 6 31
6 2 6 33
2 2 6 32
7 2 6 31
2 2 6 31
4 2 6 31
2 2 6 31
3 2 6 30
1 2 6 33
6 2 6 36
4 2 6 39
1 2 6 36
2 2 6 36
6 2 6 36
8 2 6 26
3 2 6 41
2 2 6 26
8 2 6 26
2 2 6 24
7 2 6 43
4 2 6 45
1 2 6 45
6 2 6 45
7 2 6 45
6 2 6 45
7 2 6 45
7 2 6 47
5 2 6 46
3 2 6 26
7 2 4 13
4 2 6 37
4 2 6 25
6 2 6 26
7 2 6 26
8 2 6 49
6 2 6 47
6 2 6 50
2 2 6 47
4 2 6 49
3 2 6 47
6 2 6 49
6 2 6 47
1 2 6 47
4 2 6 43
1 4 24 96
2 2 6 87
1 3 19 88
8 2 6 43
3 3 49 86
4 2 6 87
7 4 25 85
4 3 25 88
6 4 10 42
5 3 31 87
7 3 31 88
4 3 32 83
7 3 37 85
2 3 40 87
1 3 23 86
8 3 27 84
2 3 29 84
4 3 32 85
5 3 35 84
1 2 5 63
5 3 14 62
5 3 15 88
2 2 6 43
6 2 6 89
4 3 38 89
1 3 25 61
8 3 31 60
5 2 6 62
2 2 6 21
1 3 23 88
1 2 6 10
3 2 5 84
2 3 21 85
1 3 28 82
6 5 7 83
5 3 12 83
6 3 26 82
7 3 25 83
3 3 26 81
7 3 27 81
8 3 9 87
1 3 28 82
2 3 17 88
7 4 18 89
8 4 6 10
2 4 4 10
1 4 2 10
7 4 8 42
5 4 4 9
4 3 15 89
5 4 35 89
1 3 34 88
7 3 27 88
1 4 31 87
8 2 6 43
7 2 5 79
6 5 29 81
5 3 28 81
1 3 28 80
3 2 4 27
6 2 6 42
7 2 6 1
7 3 27 80
2 2 5 79
8 3 20 79
5 5 23 78
6 3 28 77
2 3 23 78
1 4 5 79
6 4 11 81
8 4 10 79
7 2 6 93
5 3 23 91
5 3 27 89
3 3 27 90
7 3 37 93
1 4 32 92
8 3 11 89
7 4 7 89
4 3 29 92
3 3 6 91
3 3 8 90
3 3 10 93
5 3 27 93
7 3 27 91
7 3 8 89
4 3 8 92
7 2 4 2
1 2 6 36
4 2 6 33
8 4 4 2
5 4 6 31
5 2 4 2
2 2 4 3
3 2 4 1
4 4 4 1
3 2 6 41
1 2 4 4
3 2 4 1
6 2 4 31
2 2 5 92
8 3 16 87
2 2 6 91
6 3 21 89
8 3 11 91
8 3 21 88
5 3 6 90
2 3 19 90
6 3 21 85
8 3 21 86
8 2 6 86
2 3 26 85
3 3 26 85
6 3 9 88
4 4 20 88
7 2 4 36
3 2 4 35
2 2 4 34
8 3 28 85
4 4 20 76
4 2 4 11
4 2 4 7
6 2 4 7
5 2 4 5
2 2 4 13
3 2 4 14
2 2 5 88
1 3 19 89
3 2 5 87
8 3 22 85
1 3 5 87
2 2 6 77
7 4 11 76
3 3 16 86
1 5 27 77
8 3 25 76
4 4 6 78
6 3 7 78
1 4 8 77
4 3 11 77
4 3 22 79
5 2 4 15
4 3 10 80
7 2 4 1
1 2 4 1
5 2 4 1
5 2 6 41
7 3 24 84
2 2 6 27
1 2 4 16
8 2 6 37
5 2 6 79
2 3 19 79
6 2 4 1
8 2 4 1
6 3 12 78
7 2 4 1
5 2 4 18
8 2 4 1
4 2 4 1
8 2 4 17
3 2 4 17
1 2 4 17
2 4 4 1
4 2 4 27
3 2 4 1
2 2 4 1
5 2 4 25
4 2 4 25
4 2 4 29
6 2 4 24
2 2 4 55
7 2 6 32
1 3 28 54
8 3 21 56
8 4 6 32
6 2 4 19
4 2 4 19
3 2 4 17
7 2 4 21
4 2 4 22
6 2 4 19
2 2 4 47
7 2 6 23
6 2 6 25
1 2 6 25
7 2 4 1
8 2 4 1
4 4 4 1
1 2 4 19
7 2 4 19
5 2 4 22
5 2 4 55
7 3 30 53
8 3 30 55
1 3 29 55
2 3 28 55
1 3 27 57
6 3 32 55
7 3 29 56
4 3 28 56
1 4 27 55
5 3 32 55
3 3 26 54
3 3 29 54
2 3 25 52
1 4 4 21
8 2 4 29
8 2 4 24
1 2 4 30
2 2 4 37
3 2 4 36
1 2 4 40
6 2 4 39
8 3 12 75
6 2 6 54
5 3 22 55
5 3 11 54
3 4 11 54
8 4 15 54
3 3 20 74
7 3 20 76
6 2 11 75
8 3 22 74
4 3 6 76
3 3 8 74
6 2 1 52
2 2 7 78
6 2 11 93
4 3 21 93
7 2 4 22
5 3 5 91
7 3 20 74
4 3 10 93
5 3 18 93
1 2 4 19
4 2 4 21
7 2 4 24
7 2 4 32
4 2 4 45
5 2 4 47
2 2 4 44
1 2 4 48
5 3 21 95
7 2 6 78
7 2 7 83
1 3 6 83
3 4 11 82
5 3 16 83
6 3 13 82
1 3 14 82
7 3 23 82
3 2 4 43
2 2 7 95
6 3 23 95
2 4 18 93
8 3 17 93
4 3 22 94
6 3 22 95
8 2 7 77
2 2 7 76
5 3 9 84
6 3 22 84
2 4 9 85
1 3 20 85
4 3 19 85
6 4 13 85
7 3 18 84
8 2 5 83
3 2 5 83
4 3 15 83
5 3 24 82
3 3 23 82
3 2 4 41
6 6 22 82
8 3 20 83
5 3 20 80
2 3 22 80
1 2 4 74
8 3 5 75
5 5 6 74
7 3 16 73
8 2 5 74
8 3 12 75
7 3 20 83
1 2 6 63
8 3 23 64
6 3 24 66
6 2 7 77
1 2 6 73
2 4 22 71
8 3 13 68
6 4 21 73
2 2 6 73
3 3 17 71
6 2 4 65
2 3 23 71
4 3 24 64
8 2 6 65
5 2 4 65
4 2 4 67
8 2 4 90
4 2 4 70
1 3 4 69
5 3 7 69
6 3 4 69
2 3 3 67
8 2 3 49
1 3 16 71
7 3 3 66
2 3 21 64
5 3 19 70
1 3 19 70
6 3 14 71
3 3 13 71
7 3 18 70
4 3 6 71
2 2 3 56
6 3 12 56
1 2 8 90
3 3 12 89
6 3 16 53
2 4 16 54
4 4 13 55
7 3 6 55
8 2 6 56
8 3 8 55
1 2 6 57
2 3 18 57
2 3 24 57
4 2 6 56
3 3 18 65
7 3 10 64
1 3 23 64
6 3 12 63
7 3 21 63
1 3 15 54
2 4 6 56
1 2 4 91
7 2 4 56
8 3 10 57
3 3 18 92
7 2 2 7
2 2 2 6
8 2 2 6
2 3 30 56
3 3 27 56
5 3 29 56
7 2 7 69
2 3 11 70
7 2 2 5
2 2 2 6
5 4 2 5
3 2 7 58
6 2 2 1
6 2 3 80
4 2 4 79
7 3 12 56
3 4 2 3
5 2 4 76
5 3 11 76
8 2 2 1
8 2 4 76
7 3 3 75
4 3 10 76
7 2 2 1
1 3 14 51
2 2 3 68
7 3 13 51
8 2 7 70
7 2 5 69
8 3 21 68
7 4 9 67
1 2 2 1
8 2 7 67
5 3 8 65
6 3 6 68
3 2 5 66
3 2 6 70
6 2 5 83
7 3 10 84
2 3 7 70
8 2 7 68
6 2 3 68
4 3 14 83
4 2 6 68
5 3 3 69
8 2 6 83
3 3 6 67
1 3 18 82
6 2 7 67
1 4 7 66
4 3 5 66
4 3 8 83
2 3 8 65
2 2 5 68
1 3 3 69
6 2 6 84
3 3 10 83
3 3 8 83
3 3 7 73
8 2 7 76
3 2 6 68
2 2 6 69
1 4 4 74
2 2 6 73
3 4 11 73
4 3 6 70
8 2 7 74
6 2 7 71
4 4 8 70
1 3 7 71
7 2 6 70
5 2 7 68
5 2 2 3
5 2 6 65
4 2 7 65
4 4 3 69
5 2 4 66
1 2 7 66
4 2 7 50
7 2 8 76
1 2 7 76
2 2 7 57
1 2 6 72
4 2 2 5
4 3 12 56
6 4 5 63
8 2 4 65
3 2 2 5
7 2 2 4
8 4 2 3
4 4 2 2
7 4 2 1
7 2 9 44
5 2 9 45
1 3 8 45
4 4 8 46
6 2 9 43
8 2 7 45
4 3 13 45
5 3 10 46
3 2 9 29
7 2 2 2
1 2 11 45
8 3 12 45
2 3 13 43
7 3 12 45
3 2 9 50
6 8 9 46
8 3 10 44
7 3 13 43
3 2 4 45
3 2 8 45
4 2 11 50
5 2 11 49
1 3 11 51
6 2 3 52
1 2 2 1
8 2 7 52
8 2 9 39
3 2 10 59
4 3 13 47
2 2 2 2
6 2 3 28
2 2 10 50
7 2 10 47
1 2 8 62
3 2 10 63
3 2 2 3
6 2 10 62
5 2 10 61
4 2 8 61
1 2 10 39
3 2 10 37
2 3 9 62
1 2 2 2
8 4 2 1
4 2 10 32
1 2 9 33
5 3 9 33
8 2 8 33
6 2 7 33
2 2 6 38
2 2 9 34
6 2 9 35
5 2 8 35
2 2 10 37
8 2 11 67
7 3 10 66
6 2 9 66
5 3 11 64
4 2 4 67
3 3 13 32
3 2 2 2
3 2 10 31
7 2 2 1
2 2 8 63
2 2 10 63
5 2 2 2
1 2 2 1
2 2 2 1
8 2 11 62
6 2 3 61
4 2 2 1
7 2 10 61
1 2 2 1
2 2 11 39
5 2 2 1
5 2 11 36
8 2 10 56
4 2 10 55
1 3 10 55
4 2 10 24
4 2 11 22
7 2 2 1
7 3 7 51
1 2 7 51
3 2 12 52
6 2 2 1
3 2 12 44
1 2 12 33
2 2 2 1
4 2 12 50
6 2 2 1
6 2 12 10
6 2 10 18
3 2 6 18
2 2 2 3
6 4 30 17
8 5 22 17
4 2 3 14
2 3 22 18
7 3 20 17
4 3 24 15
3 6 20 17
1 3 20 16
8 2 2 1
7 2 11 14
1 3 13 16
3 2 2 1
6 2 12 15
7 2 2 1
2 2 14 45
2 2 7 12
5 2 14 26
3 2 14 27
8 5 17 13
6 2 13 11
6 4 15 11
4 2 13 28
1 2 11 45
7 2 2 2
7 2 12 44
5 2 12 45
4 2 2 1
3 2 13 20
1 2 14 20
5 2 11 20
5 2 12 20
5 2 14 9
3 7 11 10
7 2 10 10
1 2 11 3
5 2 11 3
1 2 2 4
1 2 9 9
3 2 12 3
2 3 6 4
6 3 25 1
5 3 25 2
8 2 11 2
2 2 2 1
2 3 15 1
7 3 17 1
1 3 14 3
3 2 2 5
4 3 15 5
3 2 11 5
2 2 11 6
8 2 11 5
5 2 11 6
4 3 18 1
7 2 11 5
4 2 4 4
8 2 11 4
3 2 11 4
6 2 10 5
6 2 9 10
7 2 11 11
1 2 11 10
5 2 2 2
8 3 16 1
6 2 8 1
2 3 11 11
3 2 1 35
4 3 12 12
7 2 11 11
6 2 11 6
4 2 13 9
8 2 12 10
2 2 12 9
8 2 1 36
2 2 1 33
2 2 2 40
7 2 6 39
5 2 1 39
6 2 1 39
1 2 1 40
6 3 12 9
5 2 9 9
8 2 5 5
5 2 4 5
8 2 9 6
7 2 4 6
1 3 4 5
7 2 4 5
3 2 3 5
4 2 4 7
4 2 3 5
1 3 4 5
2 2 14 13
4 2 3 32
3 2 13 2
6 2 2 13
8 2 10 14
3 2 4 14
5 2 6 15
3 2 6 16
3 3 11 12
5 2 9 14
8 3 7 12
7 2 6 12
4 2 6 11
7 2 7 14
5 2 13 1
4 2 5 15
7 2 6 10
8 2 9 13
3 2 5 3
6 2 11 3
5 4 11 3
7 2 9 3
2 2 2 11
2 2 8 3
3 2 8 3
2 2 9 3
2 2 7 3
4 2 8 4
4 3 11 1
3 3 7 3
2 3 14 2
2 3 10 2
8 2 6 2
6 5 11 3
5 2 6 11
8 2 5 10
4 2 2 38
7 2 2 27
5 2 5 37
4 2 2 26
2 3 5 11
7 2 5 9
3 2 5 10
5 2 4 25
6 2 4 25
8 2 7 24
6 3 2 26
8 2 9 24
3 2 3 25
5 2 5 9
8 2 11 24
5 2 3 4
4 2 2 15
1 2 3 16
3 2 3 17
8 2 8 18
2 2 4 17
8 2 3 17
1 2 2 17
3 2 7 18
5 2 6 18
7 2 2 17
2 2 10 24
3 2 2 16
7 2 3 37
4 2 2 23
2 2 3 18
5 2 8 18
3 2 10 24
3 2 1 27
5 2 6 28
7 2 6 28
3 2 6 29
2 2 1 28
8 2 4 27
4 2 1 27
3 2 14 24
4 3 7 1
8 2 13 1
7 2 6 2
1 2 13 1
8 2 8 1
6 2 2 2
7 2 7 1
6 2 10 2
2 2 31 50
6 2 31 49
8 2 9 1
3 2 12 1
6 2 15 21
6 2 7 2
5 2 16 43
1 2 27 44
3 2 9 1
2 2 21 13
4 2 20 1
5 2 20 13
8 2 15 14
1 2 6 13
6 2 15 13
8 2 19 44
2 2 17 43
2 3 6 13
5 2 18 45
1 2 17 45
7 2 1 44
1 2 13 44
6 3 9 43
2 2 10 44
4 2 1 43
5 2 7 44
7 2 7 44
7 2 9 45
1 2 1 46
8 2 1 45
2 2 1 46
4 2 4 45
2 2 5 44
1 2 6 47
6 2 7 45
6 2 5 43
4 2 5 43
5 2 6 46
3 2 6 46
8 2 9 43
8 5 5 42
4 2 6 48
6 3 7 44
7 2 6 43
4 2 13 14
2 2 20 49
6 2 5 14
8 2 6 45
2 3 9 46
5 2 7 47
4 2 6 46
6 3 2 17
1 5 6 3
