37819
2149
7 10 98 35
4 10 52 5
4 8 22 39
8 12 20 27
7 14 56 6
2 8 50 15
3 10 44 23
2 14 28 35
5 10 8 43
7 10 4 28
7 10 44 24
4 10 44 37
2 10 20 38
1 10 82 45
6 14 84 46
5 8 66 3
7 8 20 23
3 10 56 21
2 8 72 45
1 8 70 45
1 8 68 19
5 8 86 15
1 8 64 49
2 10 92 15
4 10 80 16
4 12 28 12
7 8 34 1
7 8 38 2
5 10 78 47
7 8 28 27
6 8 84 6
2 8 4 17
3 10 34 17
6 12 42 16
7 8 30 17
5 10 74 32
6 10 70 29
6 8 20 30
2 8 44 31
8 12 86 18
2 10 50 31
5 8 50 18
5 8 78 5
7 8 44 16
7 10 78 15
1 8 38 16
2 8 30 14
8 10 46 4
3 8 84 7
5 8 54 14
5 8 70 15
5 10 16 8
7 12 48 10
3 8 36 16
2 8 42 8
6 8 38 7
5 14 42 8
1 8 48 6
4 8 38 8
3 10 42 47
3 8 16 47
4 9 72 48
4 8 72 17
1 8 66 6
2 8 46 8
4 8 56 8
5 8 50 10
3 10 66 19
2 8 90 28
4 8 48 15
5 8 46 4
1 8 32 29
4 10 40 29
8 8 72 25
4 10 72 24
2 8 30 24
6 8 44 5
2 7 81 54
3 8 42 7
4 7 25 66
8 7 66 56
2 11 68 57
6 7 22 64
2 7 17 51
7 8 14 50
2 8 48 50
8 7 61 68
7 6 40 6
6 8 68 47
1 6 26 17
7 12 64 16
7 6 26 14
8 8 26 20
4 8 38 20
2 8 50 14
1 8 54 21
4 6 16 46
2 8 74 48
7 8 70 44
5 6 76 9
8 6 40 39
4 8 72 43
2 6 12 23
4 14 74 25
3 6 14 4
7 8 86 3
2 10 20 4
6 8 8 3
4 8 76 3
2 8 70 3
7 14 88 40
5 8 80 39
2 16 54 40
2 8 70 39
1 8 74 38
1 6 12 40
5 6 88 35
2 6 74 33
7 10 56 29
3 8 64 31
1 6 74 32
4 22 74 34
3 6 62 20
8 6 56 20
2 12 74 29
5 6 56 33
6 6 40 41
5 12 42 41
8 8 52 42
1 6 38 11
8 6 38 10
3 6 38 31
5 10 70 29
5 6 20 30
3 6 58 16
2 6 62 33
6 16 64 34
6 8 30 32
6 8 66 26
1 8 66 26
4 6 14 28
2 8 52 28
2 8 58 30
5 8 62 30
4 8 28 31
3 6 18 87
4 8 62 29
7 6 4 85
3 8 60 33
7 8 50 34
7 8 40 35
7 8 54 35
6 12 35 86
4 8 80 42
2 8 70 21
6 6 75 94
8 6 42 13
6 6 38 13
3 8 64 13
7 8 66 32
4 6 20 13
8 6 61 87
5 8 36 14
5 8 24 13
7 6 60 25
6 8 48 23
1 6 28 43
3 6 10 33
8 10 54 34
4 6 12 33
7 10 8 34
1 8 34 33
8 6 42 8
1 10 8 35
4 8 54 31
2 10 42 34
3 10 26 33
2 10 60 39
5 6 54 42
7 8 54 38
6 6 36 40
6 8 72 12
1 6 36 13
7 6 14 15
8 8 74 11
7 6 62 25
5 6 12 25
6 8 58 24
5 12 60 27
7 8 34 26
3 6 52 25
4 8 52 24
2 18 56 13
4 6 10 34
7 12 60 23
4 6 34 13
4 6 52 12
7 6 18 12
7 6 52 50
5 6 48 11
3 6 48 11
4 8 36 10
8 16 54 10
6 8 44 12
1 8 48 11
7 8 48 10
4 10 44 11
8 8 42 11
1 8 30 4
7 6 26 1
4 6 44 29
6 10 36 3
8 10 56 27
7 6 8 27
3 12 42 12
2 6 46 6
1 8 34 11
8 6 28 26
4 12 50 47
5 6 46 28
2 6 20 48
8 6 44 4
1 8 36 27
2 6 72 43
5 10 36 2
2 6 32 9
7 6 69 83
3 6 34 6
8 6 32 5
4 6 8 48
4 6 48 2
5 6 16 48
5 8 28 48
6 6 44 45
3 8 50 28
3 6 44 30
8 6 48 32
8 10 74 44
1 6 56 16
7 6 22 10
1 8 34 9
7 6 52 14
4 6 50 47
6 6 34 34
5 6 62 48
4 8 46 14
2 8 42 11
1 6 44 29
6 6 32 8
1 6 60 19
6 6 8 30
1 6 56 19
4 7 82 97
8 6 8 32
5 10 6 31
8 16 58 20
5 6 54 19
2 6 56 23
5 8 42 25
6 8 35 51
1 6 34 19
8 6 48 23
3 12 52 24
5 6 56 20
7 8 54 20
4 8 52 20
7 6 64 43
8 6 44 24
3 6 28 49
3 6 52 41
5 6 30 12
4 8 50 41
6 6 54 43
2 6 54 45
5 6 6 3
7 8 30 12
6 6 50 40
4 8 56 21
7 14 50 41
2 6 26 41
8 8 42 40
3 12 40 39
1 6 48 1
5 6 40 1
2 6 26 38
8 6 8 41
8 8 58 23
2 8 38 40
3 6 40 41
5 6 60 44
6 8 40 41
3 6 56 43
4 6 32 17
6 12 50 20
8 8 38 18
4 8 42 17
3 6 38 36
2 6 4 47
3 6 40 16
6 8 60 45
6 6 16 46
1 6 14 45
2 6 18 45
2 8 24 44
8 6 40 46
2 6 40 47
6 6 38 45
5 8 18 44
2 8 40 43
6 8 44 40
1 6 34 40
5 6 40 41
7 6 14 42
6 6 6 42
3 8 16 39
7 6 38 43
1 8 10 29
1 8 38 43
2 6 60 37
5 6 22 22
8 6 40 37
8 6 20 10
2 6 30 10
6 12 42 31
3 6 48 38
6 6 12 37
5 6 32 11
4 6 34 12
1 6 20 36
4 6 38 37
8 6 26 36
7 8 34 14
8 6 46 37
3 6 30 13
1 10 32 14
8 8 28 10
6 6 6 25
6 8 34 23
7 6 34 21
2 8 38 24
4 6 22 15
3 6 26 16
1 8 4 15
6 6 36 17
2 14 36 19
6 8 34 20
6 6 46 39
6 6 42 26
3 6 34 18
1 6 40 26
6 6 28 17
5 8 32 19
8 8 32 20
2 6 16 15
7 6 4 13
3 6 44 48
5 7 42 48
3 6 42 50
1 6 42 48
1 6 48 50
5 7 8 49
8 12 42 47
7 6 42 49
4 11 40 48
3 6 36 47
6 6 22 49
7 8 26 32
4 6 34 20
8 8 10 35
7 8 8 35
2 6 6 35
4 6 10 2
3 8 20 2
1 6 46 3
4 8 4 33
6 10 46 1
5 8 16 32
3 8 4 35
8 6 26 49
2 6 38 1
6 6 22 95
1 6 48 3
3 8 18 5
7 5 22 50
4 8 32 1
1 5 72 58
4 10 26 33
6 6 22 32
1 6 26 31
7 6 22 31
4 6 91 58
1 6 91 60
7 7 73 60
3 6 22 32
8 6 22 34
6 5 3 76
7 14 38 45
8 8 24 42
4 10 20 41
8 8 30 43
2 8 20 42
6 6 26 42
3 8 10 42
5 6 8 40
6 6 26 11
1 6 22 50
4 7 20 49
8 10 14 12
3 5 20 49
4 5 29 69
3 6 33 68
1 8 36 36
7 5 16 50
1 6 36 22
1 5 23 80
7 5 57 85
4 5 77 87
4 5 49 81
3 5 24 80
5 7 20 48
3 10 44 3
6 5 73 90
4 6 22 38
8 6 20 15
7 5 78 52
6 6 32 46
7 6 28 43
7 5 82 92
4 5 77 58
5 5 66 92
2 5 63 91
7 5 30 62
6 6 77 63
5 5 30 81
7 5 45 82
8 5 92 65
1 5 43 57
8 5 66 58
6 7 64 68
7 6 62 67
7 4 50 22
5 6 48 22
6 4 33 73
6 8 48 75
4 5 82 75
4 5 74 75
4 6 22 29
2 4 33 66
6 10 10 1
5 4 61 73
2 5 86 87
6 4 34 8
4 8 36 6
1 6 36 7
4 4 23 88
7 14 36 9
1 5 86 71
1 8 79 73
3 4 92 54
3 4 2 46
4 6 32 46
8 6 16 45
4 6 16 2
4 4 34 46
1 6 20 45
3 6 14 45
1 6 24 47
8 4 46 99
4 4 34 44
4 4 48 67
5 5 87 77
8 4 58 69
1 8 28 46
2 4 3 75
3 4 59 77
3 5 50 77
2 7 71 64
3 4 21 89
6 5 55 89
4 4 22 27
3 5 53 90
6 5 90 81
5 4 10 3
1 4 10 4
6 6 32 3
8 6 32 1
7 6 14 2
5 7 70 76
8 8 22 30
1 4 32 1
3 6 35 64
8 6 35 63
6 5 49 61
7 4 20 7
6 6 77 62
3 6 34 6
8 4 22 65
5 5 73 66
1 5 81 61
4 5 66 64
3 4 22 6
1 4 30 20
2 6 30 21
4 4 22 6
3 6 28 6
4 6 28 5
7 8 28 5
5 12 26 5
3 6 16 40
8 4 10 7
2 10 26 5
2 6 14 6
4 6 14 4
5 4 10 34
6 14 14 4
3 6 12 7
8 6 20 4
3 6 24 3
6 6 30 8
1 6 14 9
4 5 53 66
2 4 68 57
1 6 24 10
2 5 58 91
8 4 10 4
5 4 10 5
7 6 10 4
4 4 19 51
4 5 28 55
8 4 10 4
4 5 14 51
2 7 32 50
5 4 20 52
4 5 49 51
4 7 20 52
5 4 10 39
7 4 18 18
8 4 18 38
8 4 10 40
4 6 20 40
2 6 8 39
1 6 6 39
5 4 10 76
1 5 10 76
4 6 25 75
7 5 47 73
7 6 45 78
1 5 65 75
5 5 50 76
1 6 46 74
2 6 18 49
8 6 73 72
5 5 61 73
5 6 71 73
7 4 10 41
4 8 26 17
5 4 58 59
7 6 12 39
2 6 28 37
2 6 8 39
8 8 30 39
6 4 42 36
4 6 42 36
1 6 38 36
4 4 18 36
1 4 18 36
3 8 38 37
2 4 29 72
2 6 44 73
6 7 69 73
6 4 2 15
5 4 2 24
1 6 24 25
6 4 46 28
7 6 36 27
3 4 30 25
4 8 32 23
8 6 32 22
3 4 20 1
2 4 36 27
3 4 36 93
6 4 16 33
7 4 16 33
2 4 16 26
4 6 14 32
5 6 14 34
3 4 20 8
4 4 8 9
1 6 8 8
6 5 9 96
8 5 64 92
1 4 15 78
8 6 75 98
6 4 30 22
3 4 8 14
7 12 28 21
5 4 16 19
8 5 52 78
8 4 18 97
8 12 18 10
3 5 26 77
7 10 10 9
5 4 16 26
3 4 53 94
2 4 8 44
6 4 81 57
8 4 8 46
3 4 8 46
7 4 8 47
4 8 8 45
7 6 8 45
3 5 88 99
4 6 10 43
4 6 10 8
6 4 49 76
6 6 8 47
2 4 8 47
3 6 50 81
1 8 10 42
3 8 84 82
3 4 15 82
3 6 55 84
2 4 2 38
7 4 22 21
7 4 2 39
2 4 50 55
4 4 22 16
5 4 24 22
3 10 26 22
8 5 66 83
5 4 24 17
1 4 24 16
2 4 24 17
7 6 22 16
5 6 16 3
4 4 24 17
5 6 78 96
8 4 4 64
6 6 22 18
2 4 38 84
5 6 24 17
6 4 44 62
8 5 62 96
3 5 54 98
2 4 39 98
5 4 51 96
7 4 35 58
3 7 71 97
7 4 40 90
6 4 43 60
6 4 18 39
5 4 43 60
7 5 53 55
4 4 27 72
1 5 76 55
7 5 51 58
6 5 62 58
5 4 50 53
1 4 35 53
1 5 73 56
5 4 18 100
8 5 71 72
5 4 34 1
5 4 39 58
7 5 89 91
7 6 28 1
2 8 24 18
8 4 34 68
4 6 57 67
5 4 37 66
6 4 37 67
1 5 63 67
5 6 20 39
3 4 48 51
3 4 42 72
8 6 40 70
7 4 39 72
3 4 66 80
2 4 14 2
7 6 18 2
1 4 34 76
4 12 12 4
4 8 20 2
4 5 59 78
1 4 40 93
7 4 2 33
2 4 2 32
4 4 49 94
7 4 16 37
3 4 2 41
4 4 2 38
2 4 4 48
3 6 10 46
8 4 16 38
5 4 4 46
3 4 4 38
1 8 4 48
5 6 8 37
7 5 4 49
1 8 12 38
5 4 16 36
3 4 16 36
6 8 14 35
4 4 16 38
7 4 60 87
6 5 43 77
2 4 4 22
4 10 20 20
5 4 8 22
5 6 20 21
6 4 4 11
8 6 12 20
1 6 10 23
1 4 16 12
5 4 4 6
5 5 71 89
5 4 14 13
7 6 14 13
5 4 14 23
5 5 49 73
8 4 14 22
6 4 14 31
2 4 14 31
8 4 16 30
3 8 63 65
5 5 21 64
6 4 34 65
7 8 20 31
5 4 14 44
7 4 14 37
1 4 14 36
4 4 30 18
3 4 8 44
6 4 8 38
2 4 22 65
3 8 16 11
2 4 22 24
4 4 12 13
2 4 13 91
3 4 8 83
8 4 61 74
1 5 29 83
8 4 28 27
4 6 22 25
5 6 22 24
1 6 10 6
3 4 53 79
4 4 20 17
2 4 28 79
2 6 6 45
3 4 62 61
8 4 32 1
6 4 27 62
4 6 78 53
3 5 52 57
2 5 62 57
2 5 49 59
7 5 56 59
3 4 40 63
5 4 55 60
6 6 53 65
8 4 18 17
3 4 6 21
2 4 26 27
6 4 82 89
3 4 26 28
8 4 77 81
2 6 24 28
6 4 20 26
3 6 20 25
7 4 71 90
6 5 44 90
2 4 10 9
8 4 24 1
6 4 58 59
2 4 6 2
7 4 7 92
7 4 33 92
6 4 26 51
6 4 18 30
7 4 69 60
3 4 64 61
7 5 56 63
7 6 26 28
4 4 64 87
5 6 10 13
4 4 6 37
6 4 6 42
7 6 18 23
8 4 6 48
4 4 22 28
1 4 82 79
1 4 21 91
2 5 69 77
5 4 18 27
7 4 71 55
3 4 70 55
8 4 4 41
7 4 4 27
8 4 4 26
8 8 16 26
1 4 38 63
5 4 4 46
8 4 4 2
8 6 10 1
3 4 18 77
7 4 31 78
3 4 27 78
1 6 8 1
8 5 51 78
6 4 30 76
3 4 6 27
5 6 8 1
4 4 60 81
6 4 10 1
2 4 10 16
7 4 64 79
2 6 8 1
4 6 29 76
5 6 49 80
3 5 65 71
5 6 12 36
2 4 40 88
8 6 14 43
6 8 10 20
1 10 14 21
5 4 45 88
7 4 32 16
2 4 10 43
7 4 24 7
1 4 66 78
4 4 2 26
1 4 22 28
6 4 16 28
3 4 18 29
7 4 16 30
2 4 16 29
2 4 18 30
1 6 18 31
2 4 16 36
3 4 8 3
3 4 8 23
2 4 8 20
1 4 8 26
7 4 69 92
4 4 14 28
7 4 8 47
5 4 20 50
7 4 3 52
4 5 48 52
4 4 68 52
1 5 45 52
5 4 68 54
6 8 67 53
4 10 8 48
1 5 27 51
1 5 24 51
2 4 8 37
6 6 10 48
8 4 8 36
8 6 65 51
8 4 40 51
8 4 59 53
7 7 66 55
1 4 63 55
6 6 47 54
3 4 59 53
5 4 59 55
7 5 24 50
1 4 13 89
6 4 13 91
5 4 66 91
2 4 12 17
6 4 12 9
2 4 16 44
4 4 12 35
4 4 12 24
4 4 11 89
1 4 34 90
1 4 38 88
7 4 8 37
4 4 6 2
4 4 14 18
6 5 62 52
5 4 10 8
3 4 8 36
6 4 8 5
6 6 4 6
8 4 8 34
8 4 10 32
8 4 8 10
6 4 80 82
3 3 79 95
5 3 5 78
1 4 80 93
2 4 49 78
4 4 49 78
2 3 65 88
3 6 56 78
2 8 5 77
3 3 25 54
4 4 43 56
6 4 25 56
3 5 54 57
2 4 60 54
7 4 65 77
8 4 57 57
5 5 50 56
6 3 54 84
5 4 55 85
1 3 52 87
7 4 63 85
1 5 69 84
5 4 77 83
8 3 54 84
3 3 1 58
8 4 7 57
8 5 26 55
4 4 26 56
7 5 37 54
8 5 36 90
1 4 30 86
6 4 50 58
1 3 52 56
2 4 51 56
8 3 2 68
1 4 18 76
8 4 25 78
5 4 39 74
8 4 22 69
1 3 7 82
4 5 8 82
8 4 57 85
7 4 73 82
1 4 58 84
6 5 56 79
8 8 71 84
5 4 20 79
1 4 40 81
4 5 36 80
6 4 28 79
4 6 58 89
2 4 17 89
2 4 44 90
2 3 63 90
8 4 62 91
4 3 25 83
8 4 37 83
7 4 39 83
5 3 25 89
2 4 35 80
6 6 51 83
6 4 38 90
4 4 50 84
5 4 37 87
6 5 58 81
3 4 31 85
4 4 53 80
1 4 45 85
6 4 49 88
7 4 49 82
6 3 61 71
5 7 70 92
3 5 68 96
7 3 6 49
4 3 8 97
6 4 41 95
4 4 21 95
4 5 36 94
7 3 25 97
1 4 40 97
1 5 51 94
1 5 16 98
1 4 55 98
5 6 35 96
2 5 45 95
4 4 55 98
8 3 50 93
5 4 68 95
2 4 68 94
3 4 66 85
3 3 5 68
8 4 12 71
1 4 14 68
3 3 51 82
7 4 15 69
3 4 34 65
2 4 15 67
4 4 44 65
4 5 71 68
6 4 56 70
7 4 23 71
2 3 24 72
4 5 12 71
7 4 68 68
4 5 34 73
3 5 33 69
3 6 48 58
3 3 24 60
8 4 60 61
8 4 47 64
1 5 61 61
7 3 6 60
1 4 50 75
3 4 36 74
3 5 38 88
2 3 27 92
3 5 53 65
4 3 46 54
8 4 24 64
2 5 35 55
2 7 49 99
7 3 23 56
5 3 23 55
1 4 41 53
5 4 65 61
8 4 35 57
4 4 35 56
5 5 70 59
4 5 45 58
5 4 48 64
5 4 53 66
6 3 24 66
5 4 59 71
7 5 57 52
1 4 46 51
1 4 59 87
2 3 57 97
4 4 52 52
6 3 24 53
7 4 24 54
5 3 46 96
3 3 5 58
7 4 4 56
1 4 51 60
2 3 5 59
1 4 11 98
8 4 35 96
6 4 43 98
1 6 34 69
6 3 8 98
1 4 57 94
7 4 23 97
6 4 64 98
2 4 52 60
4 4 53 60
1 3 53 79
2 4 47 61
4 4 63 63
4 3 9 71
8 4 47 59
4 3 24 61
8 4 19 60
6 5 53 62
8 7 11 73
3 5 52 59
2 6 53 81
4 3 25 69
2 6 37 69
7 4 28 73
3 4 39 68
8 4 14 70
5 4 51 53
6 4 51 69
7 4 42 68
3 3 8 88
8 5 57 96
7 3 44 65
8 3 27 96
5 4 50 62
7 4 49 62
7 4 46 59
2 3 25 68
4 4 47 67
1 4 50 70
6 4 42 58
1 6 52 62
6 3 43 61
8 3 42 50
8 4 49 63
2 3 25 76
2 4 47 74
7 4 24 73
6 3 9 69
2 4 22 53
1 3 10 52
3 4 19 51
3 3 2 49
6 4 28 50
1 3 3 90
8 4 45 88
4 5 2 48
5 5 28 51
7 3 22 62
8 3 22 63
5 3 24 76
5 3 41 63
6 3 2 91
4 4 34 91
4 4 48 63
3 4 8 49
6 4 8 49
2 5 6 49
1 4 4 49
3 4 2 48
8 5 4 48
1 4 54 88
5 7 4 52
4 5 20 51
2 4 29 51
6 4 25 50
8 4 57 66
1 6 7 66
7 4 46 67
8 4 57 68
8 4 19 67
8 4 34 55
3 4 51 66
7 6 33 57
4 4 41 61
1 4 30 56
3 3 24 59
2 4 47 62
5 4 53 65
1 3 41 63
3 3 42 66
5 3 40 58
6 3 5 72
2 3 7 77
1 3 7 77
5 4 47 75
8 5 46 77
8 3 42 66
6 3 42 53
4 3 43 74
4 4 49 65
1 3 42 58
2 4 41 59
8 5 40 55
3 6 31 51
8 5 20 52
1 3 59 93
3 3 10 67
5 3 40 55
4 3 59 96
4 3 50 71
2 3 22 83
4 4 38 81
8 4 29 85
6 5 38 81
3 3 39 54
4 3 20 66
4 3 7 67
8 5 53 84
2 4 56 94
3 5 56 96
7 3 6 66
7 4 9 64
4 5 41 67
3 5 41 57
7 4 26 56
1 3 4 56
3 4 67 91
2 3 56 84
6 3 23 83
8 4 11 85
2 5 43 84
1 6 35 84
5 4 50 83
7 3 56 94
3 3 55 72
2 3 10 98
3 3 13 88
4 3 54 84
7 3 39 62
6 3 40 64
2 3 39 65
3 4 33 54
5 3 9 63
4 4 7 54
4 3 11 51
4 6 27 53
7 4 7 53
4 4 21 97
8 4 36 97
5 4 42 97
6 4 43 96
1 7 44 92
8 3 11 97
6 4 48 95
7 5 41 96
5 3 55 93
7 5 35 92
8 3 53 85
3 3 19 87
6 4 45 88
4 3 40 87
7 3 3 62
3 4 20 62
1 4 22 63
6 4 44 62
4 4 33 60
8 4 31 62
5 5 43 94
4 5 40 95
6 3 47 74
4 3 10 96
4 4 64 91
5 3 13 76
8 3 7 76
8 3 12 77
8 7 41 95
7 3 14 79
6 3 12 79
2 3 22 80
3 3 39 62
3 4 32 91
6 3 18 85
2 3 12 61
5 3 17 60
3 4 25 62
4 3 17 54
2 4 30 61
4 3 17 60
7 3 20 60
1 4 41 75
5 4 20 62
4 4 22 63
8 3 22 78
1 3 23 76
7 4 42 73
7 3 49 84
6 3 13 55
4 4 48 80
5 3 39 64
5 3 3 73
4 3 21 56
6 4 48 85
2 3 21 54
7 3 39 87
3 5 49 82
7 3 48 72
1 4 46 75
8 4 44 75
2 4 18 73
2 4 34 94
1 7 25 94
6 4 38 89
5 3 10 93
3 4 23 89
6 4 11 89
3 3 40 73
7 4 23 89
4 5 5 90
7 4 34 90
7 3 12 88
1 4 41 94
7 5 38 91
3 4 14 93
7 4 17 95
3 4 33 93
2 7 41 76
6 3 15 74
3 3 15 74
1 3 37 70
7 3 13 53
8 3 6 54
2 3 14 54
8 4 40 63
8 5 19 56
2 3 37 64
5 3 22 80
6 3 15 81
4 3 7 76
2 3 7 76
8 4 23 77
4 5 39 71
3 3 8 74
1 4 23 77
3 4 35 76
6 4 21 77
5 4 8 72
7 3 17 73
7 4 34 72
8 6 28 73
3 3 23 73
1 4 29 73
2 4 23 71
2 3 37 94
1 3 22 71
6 5 30 80
5 4 19 95
3 4 21 79
2 3 42 67
4 4 36 65
2 3 47 68
2 3 36 70
2 4 21 56
3 3 47 68
8 4 43 67
6 3 46 69
3 3 46 79
6 4 21 80
8 4 21 63
8 3 17 63
7 3 15 58
6 4 12 61
8 4 22 59
1 4 16 60
3 4 19 57
4 3 17 60
1 4 26 57
3 3 15 59
2 4 14 59
8 3 36 50
1 5 19 57
8 3 54 91
2 4 22 56
4 4 33 93
6 3 20 89
2 5 22 50
4 3 24 96
8 3 23 97
4 4 28 95
7 3 47 68
1 3 17 66
7 3 43 69
5 3 18 55
7 3 19 63
3 3 17 62
3 4 30 63
5 3 17 62
5 3 18 63
1 3 18 64
4 3 10 57
1 3 37 70
6 3 53 92
2 3 53 91
8 4 53 91
2 3 25 64
6 5 18 63
4 5 19 88
8 3 12 88
8 4 13 87
5 3 18 89
6 4 13 86
8 6 18 91
7 3 4 88
8 4 23 90
4 5 33 89
5 4 21 89
3 3 19 92
4 3 20 90
5 4 11 88
8 4 34 90
4 4 4 86
5 6 34 90
5 3 19 90
7 4 16 90
4 4 33 91
2 4 31 92
3 5 25 90
1 4 23 90
6 3 16 88
5 4 13 88
3 3 19 63
7 4 22 89
1 3 42 68
6 3 17 54
2 4 8 52
2 3 17 51
4 3 25 54
5 3 24 54
1 6 18 51
3 3 9 53
6 3 10 51
7 3 10 49
1 3 27 52
3 3 37 49
2 5 28 51
8 3 22 53
2 3 25 54
1 4 13 54
6 3 29 95
3 3 29 71
5 3 19 68
3 3 30 94
5 4 11 66
5 3 2 67
7 5 34 72
1 3 16 71
2 4 29 73
2 3 27 71
4 3 27 72
6 5 27 71
5 3 13 66
2 3 3 66
6 3 29 50
1 3 37 68
1 3 22 67
1 3 9 68
2 3 22 67
7 3 34 76
1 3 33 49
4 2 12 30
5 4 32 49
7 3 25 65
2 3 33 96
2 3 29 97
5 3 32 86
8 2 40 80
1 2 41 86
5 2 41 81
2 2 54 86
6 3 32 74
4 3 19 76
2 2 40 85
5 2 12 44
3 4 12 44
7 3 40 86
4 2 12 50
7 4 40 79
7 2 12 53
1 3 40 80
3 3 28 78
5 2 12 60
5 4 44 78
7 3 17 79
5 3 20 78
8 5 20 58
2 3 24 75
2 4 14 59
5 3 17 60
6 3 36 79
7 4 21 58
5 3 3 59
4 3 14 58
4 4 10 43
1 4 10 43
6 2 12 93
8 2 47 83
5 5 22 89
6 2 11 49
2 3 5 87
1 2 11 63
5 4 11 49
3 3 28 97
8 2 11 49
1 6 28 94
4 3 23 93
4 3 12 93
4 4 23 93
2 3 20 94
8 3 15 63
5 3 14 63
8 3 23 93
7 3 25 91
1 3 16 90
1 3 17 62
7 3 15 49
2 3 17 62
5 3 28 96
7 3 16 60
5 4 47 84
2 3 25 49
7 3 22 50
3 3 18 51
4 2 36 78
5 3 35 78
6 3 34 79
4 2 35 80
1 4 35 80
5 3 36 81
1 2 1 94
8 3 16 93
4 2 36 83
5 6 28 73
1 2 10 18
2 6 36 81
1 4 18 18
1 3 31 80
7 3 30 78
6 4 27 95
7 3 25 95
8 3 30 80
2 4 19 78
1 3 25 80
4 3 28 81
7 3 27 79
4 3 20 79
5 3 26 79
5 4 12 30
2 2 10 30
3 3 36 81
2 3 44 84
6 6 16 91
7 3 35 83
2 3 35 81
4 3 33 78
8 3 25 77
7 3 27 70
7 2 34 86
1 3 39 84
3 5 41 86
3 2 32 83
7 4 27 84
8 5 31 84
3 2 10 44
5 2 10 44
7 3 19 78
6 6 10 43
5 2 10 77
5 6 33 84
6 3 31 85
4 3 36 85
3 3 30 86
2 4 12 76
8 4 10 77
1 3 22 78
2 3 19 76
5 3 22 58
8 4 11 59
5 5 29 81
4 2 10 90
3 2 30 75
6 3 24 95
6 2 31 69
7 2 31 69
3 2 30 69
6 2 30 66
8 3 30 67
6 2 10 96
4 2 30 80
5 2 29 67
7 3 21 58
7 2 9 83
1 3 30 80
7 2 9 91
3 4 9 91
2 2 8 3
6 4 8 3
8 2 8 7
4 4 10 29
2 2 8 8
8 4 32 82
8 2 45 98
6 4 8 7
8 4 8 8
3 2 8 11
6 4 18 92
2 3 14 92
7 2 1 92
8 2 1 93
3 5 17 93
2 3 6 93
2 2 1 94
7 3 6 95
5 7 14 95
3 4 12 91
4 2 1 91
1 3 11 90
8 5 12 91
3 2 1 83
5 5 36 87
8 2 1 84
3 3 15 83
3 4 27 84
2 2 1 81
5 2 1 82
4 3 25 81
7 3 24 81
8 3 24 82
6 3 23 80
6 3 6 81
5 3 11 80
1 4 22 84
4 2 1 80
8 4 7 80
2 3 31 87
6 2 1 52
7 4 20 82
2 2 2 88
3 3 12 89
7 2 2 75
4 4 21 77
2 3 21 77
6 3 21 77
3 4 12 18
1 2 28 66
7 4 14 63
1 2 8 16
3 2 8 16
3 2 8 18
5 2 8 18
1 2 8 19
4 4 8 19
2 2 8 24
6 4 8 24
4 2 8 25
1 4 6 24
7 4 8 24
3 2 8 29
2 4 12 15
6 2 8 31
6 6 8 16
7 3 29 65
4 3 31 85
4 3 12 83
4 2 8 55
3 3 11 54
1 4 9 53
2 3 4 53
6 3 20 81
5 3 18 80
6 3 12 84
4 3 18 81
4 2 2 74
3 2 8 64
1 3 13 74
3 3 16 75
5 4 31 68
4 3 19 73
4 4 22 72
2 3 29 68
2 2 24 1
4 4 24 1
8 2 24 66
5 4 8 11
2 2 8 66
6 2 8 78
4 3 9 79
3 3 12 67
3 3 16 79
7 2 8 80
5 3 12 79
6 3 10 77
1 3 8 78
2 4 9 76
1 3 13 63
4 3 12 76
1 3 7 64
8 3 21 74
7 2 8 70
1 3 17 61
6 3 16 71
8 3 15 72
3 2 7 59
4 3 9 77
3 2 8 58
2 4 16 55
7 3 15 53
5 3 4 54
6 3 4 54
5 3 6 53
6 4 8 53
8 3 21 69
4 3 19 56
6 2 24 65
3 2 24 67
5 5 23 66
7 6 10 43
3 2 26 97
1 4 8 23
2 2 26 86
8 2 26 74
7 3 21 72
1 2 25 97
3 4 10 18
5 3 26 75
8 2 7 53
4 2 7 67
1 3 17 67
7 2 7 76
2 3 10 52
7 2 7 79
1 2 7 83
3 3 6 79
3 3 10 52
2 5 16 83
2 3 18 66
6 3 23 74
7 4 8 15
2 2 24 1
8 4 8 28
7 2 24 1
3 2 22 1
8 2 6 1
2 6 10 88
7 2 21 68
2 3 21 69
3 4 6 1
5 2 6 9
4 3 26 85
8 2 22 84
3 2 21 69
1 2 21 75
5 2 23 85
5 2 21 87
3 2 21 88
3 2 23 86
6 2 21 84
8 3 25 69
1 6 6 9
8 2 6 12
4 4 6 12
1 2 6 14
3 2 6 14
6 3 13 56
8 2 6 17
4 4 6 16
4 3 18 67
5 2 20 74
1 3 22 74
8 4 16 1
3 2 25 86
2 2 21 85
3 2 23 49
3 2 24 49
3 2 19 51
1 2 20 50
8 3 20 65
2 2 21 57
8 2 19 62
8 2 19 69
5 2 20 49
8 2 22 70
2 3 29 69
7 2 20 28
4 2 20 7
2 2 6 23
4 6 6 22
8 2 18 7
5 2 6 25
6 4 6 25
5 8 4 23
8 2 20 88
6 2 6 28
5 4 6 28
1 2 18 70
2 2 6 30
7 2 18 87
4 2 17 59
4 2 6 32
4 3 21 68
8 2 18 58
1 2 18 58
6 2 17 51
8 3 24 85
2 3 18 87
6 2 19 57
6 4 6 29
7 2 21 86
8 2 20 86
5 2 21 70
7 3 18 69
2 2 19 70
6 2 18 70
6 6 6 14
7 8 8 31
3 4 6 32
6 2 21 85
2 2 21 85
6 2 18 65
1 2 20 86
3 2 19 85
4 2 18 62
4 3 19 85
3 2 20 86
2 2 18 28
1 2 18 88
5 2 17 71
1 3 18 69
1 2 21 49
6 2 6 41
8 3 17 68
5 2 16 68
7 3 12 83
8 2 6 50
1 2 6 51
3 2 15 60
1 3 8 49
5 3 12 50
6 2 17 57
8 2 15 56
6 2 16 59
6 5 16 67
2 2 20 76
1 4 12 50
8 2 6 67
6 3 8 66
8 2 6 74
3 2 16 96
2 2 15 97
5 2 16 28
1 2 15 96
7 3 16 96
6 2 6 75
3 2 6 89
7 2 6 89
8 2 16 98
3 2 15 98
4 2 15 97
6 3 8 73
4 2 2 71
4 2 2 63
6 3 2 61
3 4 2 62
1 2 6 63
1 3 11 64
1 2 2 64
8 2 6 64
5 4 7 61
7 4 5 64
2 4 9 65
7 3 10 97
2 2 6 95
7 2 15 97
8 2 6 96
6 4 6 97
5 2 6 89
1 3 5 88
4 3 5 87
7 2 5 57
5 3 9 87
6 4 9 95
1 3 6 94
2 3 13 85
6 2 6 96
4 3 6 96
7 3 9 94
2 2 5 58
4 3 9 94
7 3 8 56
7 2 5 58
8 3 8 55
7 3 13 56
1 4 9 94
5 2 14 57
4 2 2 63
7 2 5 74
3 4 8 54
3 5 9 65
7 3 9 93
3 2 5 88
4 3 16 70
3 3 11 90
5 2 5 89
1 3 7 74
2 4 13 61
2 2 15 86
5 4 13 85
6 3 16 91
6 2 5 90
2 4 14 57
4 2 14 83
7 3 8 59
8 3 5 58
1 2 14 82
6 4 6 62
7 2 14 82
3 2 14 84
7 2 14 86
5 2 14 52
4 2 13 87
7 2 12 1
1 4 6 40
2 2 12 12
1 2 12 16
1 2 12 28
3 2 12 39
1 2 15 84
2 4 6 12
5 2 15 76
2 2 12 73
1 2 15 72
7 2 4 9
3 4 14 72
6 2 14 71
2 2 12 83
2 2 12 41
4 2 14 74
6 4 4 8
4 2 14 68
1 2 4 12
1 2 11 69
6 3 11 70
2 2 12 7
4 2 11 71
5 2 11 97
5 3 7 97
1 2 11 87
5 2 11 57
3 5 13 71
8 2 11 88
8 2 12 7
7 2 10 7
5 2 4 16
2 2 10 28
5 2 10 39
8 2 4 18
6 2 4 20
5 2 12 65
6 2 10 50
7 2 10 50
2 2 12 51
1 12 4 16
5 2 10 41
7 2 12 50
3 2 12 91
5 4 10 7
6 2 10 60
1 2 9 56
4 2 12 1
6 2 9 57
8 2 12 52
3 2 4 27
3 2 10 83
1 2 10 84
7 2 9 84
2 2 11 85
1 2 11 86
8 2 2 63
2 2 2 61
3 2 2 53
3 2 9 52
1 2 2 52
6 2 2 50
2 2 2 49
5 2 2 48
8 3 2 47
2 2 2 47
2 2 4 16
4 4 4 27
7 4 6 11
8 3 10 83
3 2 2 46
8 2 2 45
6 2 2 44
7 3 2 44
2 3 5 84
8 2 2 44
2 2 9 90
2 2 8 33
1 3 3 55
4 3 8 91
5 2 8 1
5 2 13 71
3 4 9 52
2 2 4 28
3 2 4 28
5 2 10 71
5 2 8 71
8 2 13 70
8 2 8 72
8 2 8 80
4 2 10 51
8 2 8 86
5 3 7 73
6 2 11 87
6 3 8 47
8 4 4 28
5 3 10 64
8 2 8 43
1 2 4 32
7 2 11 81
5 2 8 86
2 2 4 34
4 6 4 32
1 4 4 34
4 2 8 79
6 4 4 12
5 2 7 49
2 2 30 92
3 2 21 67
2 2 11 85
6 3 8 86
2 2 8 86
4 2 7 85
3 4 4 15
5 2 7 88
6 2 8 1
5 3 6 42
8 2 8 38
4 2 15 66
1 2 11 71
5 2 6 3
2 2 6 26
3 2 6 7
7 2 6 19
8 2 6 40
7 2 6 45
4 2 9 74
2 2 6 67
7 2 6 66
8 3 6 44
3 2 5 45
7 3 13 67
5 3 4 45
6 2 5 77
4 3 5 44
2 2 5 72
1 2 6 65
6 4 4 35
7 2 14 66
3 4 6 40
5 3 8 77
6 2 8 71
7 2 5 71
8 2 7 70
2 2 13 62
8 2 2 55
1 3 7 85
1 2 2 55
2 2 2 42
3 2 2 42
5 2 3 58
7 2 5 59
1 3 2 41
2 3 2 40
2 2 3 40
5 3 4 39
4 4 3 40
6 2 2 39
8 3 2 38
2 2 9 55
8 2 6 55
6 4 2 37
7 2 2 38
2 2 6 54
7 3 3 39
8 3 2 37
3 3 2 37
2 2 4 1
1 2 1 37
3 2 2 39
7 2 2 36
5 2 2 35
8 2 2 34
2 2 3 40
6 3 2 33
3 3 2 32
6 2 4 69
3 2 5 68
2 2 5 67
1 2 4 60
5 2 4 64
1 2 8 66
4 2 5 67
4 2 7 66
6 2 6 67
7 2 4 63
6 3 3 59
7 2 5 69
1 3 5 67
8 3 8 48
1 2 5 58
4 2 6 53
1 2 2 59
2 2 4 10
2 2 4 7
8 2 4 15
6 2 4 16
1 2 3 56
3 2 4 11
4 2 9 56
8 2 3 57
5 3 3 56
1 2 6 56
6 4 2 56
8 2 1 56
6 2 5 63
8 2 3 62
4 3 4 63
3 2 3 64
8 2 3 57
4 2 2 58
3 5 2 57
3 3 3 56
2 3 2 57
5 3 2 31
3 3 5 76
4 2 7 47
4 2 4 8
8 2 4 26
4 2 2 1
5 2 8 62
2 2 4 4
6 2 2 3
7 2 4 63
8 2 2 4
1 3 4 62
8 2 4 61
1 2 4 49
3 2 4 37
3 2 5 48
2 3 12 54
3 2 1 57
6 2 2 30
3 2 2 29
6 2 4 49
8 2 9 71
4 2 8 48
4 2 7 37
2 2 4 18
3 2 5 59
3 2 6 49
4 2 9 38
8 2 3 47
4 3 3 47
4 2 2 6
4 2 4 8
1 2 2 6
7 2 4 19
8 2 4 64
4 2 4 74
5 2 2 7
8 2 2 7
1 2 2 8
3 8 2 5
2 2 2 5
1 2 2 5
8 3 2 19
7 2 2 9
4 2 2 9
3 2 2 10
4 2 2 11
1 2 2 13
8 8 2 8
7 6 2 9
2 2 6 19
4 2 3 18
8 2 6 19
1 2 6 20
5 3 5 19
2 4 2 8
1 2 2 8
5 2 2 7
4 4 2 6
7 2 5 31
7 11 2 1
7 3 3 19
8 2 3 34
7 2 3 37
1 3 2 1
2 2 4 31
7 2 6 39
2 2 4 3
6 2 6 8
6 2 3 46
