29170
2372
2 14 28 35
2 14 62 39
4 12 28 12
7 12 50 9
4 12 74 33
8 12 20 27
5 10 16 8
8 10 26 19
5 10 8 43
3 10 36 18
6 10 90 46
7 10 4 28
7 10 86 40
7 10 8 34
2 10 58 28
7 10 46 24
2 10 20 38
3 10 42 47
1 10 82 45
4 10 52 5
7 14 56 6
7 8 58 37
2 10 68 38
7 8 20 23
7 8 34 1
7 8 38 2
3 8 60 38
4 8 72 43
6 8 8 3
1 8 6 34
6 8 46 17
2 8 30 14
7 10 32 16
5 8 40 9
8 8 58 40
2 12 74 41
3 8 40 16
5 8 56 29
2 8 78 28
1 10 78 28
3 8 78 20
8 10 88 18
1 8 70 6
5 8 82 5
2 8 68 8
3 10 70 6
3 8 16 47
4 10 50 47
2 8 30 24
3 10 56 23
2 8 4 17
1 10 66 19
5 8 82 15
6 8 76 29
1 8 4 15
7 8 28 27
8 8 74 25
6 8 20 30
6 10 64 31
7 8 62 32
4 8 6 33
6 8 70 47
1 8 32 29
5 12 70 29
4 10 40 27
4 8 22 39
4 8 38 19
4 8 68 48
4 8 70 15
3 8 62 19
7 8 72 15
2 10 76 15
6 8 30 32
4 8 54 18
6 8 38 7
5 8 66 47
2 8 64 33
2 7 17 51
7 8 14 50
2 8 48 50
6 7 37 85
2 7 81 54
8 7 66 56
2 11 68 57
4 7 25 66
6 7 22 64
8 7 61 68
1 7 50 50
7 6 44 17
4 6 14 28
5 6 54 14
4 6 44 39
6 6 6 42
4 6 74 30
2 6 28 40
3 6 36 93
6 7 74 95
4 8 82 97
8 6 10 35
2 6 4 47
4 8 16 46
6 8 16 46
6 6 6 25
4 10 68 25
5 8 8 25
3 8 30 23
7 8 32 26
7 8 48 27
3 8 32 24
1 8 38 27
7 6 4 85
7 6 68 23
6 6 54 36
5 6 58 11
5 6 50 11
8 10 68 10
6 6 12 37
3 6 20 4
2 10 20 5
7 8 42 1
5 8 58 5
1 8 30 4
6 8 38 3
5 12 38 2
2 8 62 5
4 6 80 1
2 6 30 45
2 6 20 48
5 7 66 48
7 6 8 36
8 8 40 37
5 6 20 30
4 8 28 31
2 6 64 48
2 6 38 15
4 8 48 15
8 6 18 38
8 6 76 11
2 6 32 9
8 8 42 9
2 10 42 9
3 6 8 32
3 10 26 33
5 8 48 33
7 6 4 13
5 8 26 15
4 10 62 14
1 6 48 12
7 6 22 14
4 8 46 13
6 6 36 32
6 10 50 34
1 6 12 40
6 6 58 24
1 6 66 19
5 6 62 38
7 6 86 22
4 6 44 8
7 6 70 24
1 6 48 6
5 6 32 48
6 8 38 46
3 10 54 47
1 8 52 48
6 6 8 30
1 6 52 6
1 6 62 38
7 6 30 35
5 6 40 1
6 6 68 12
2 6 72 21
4 8 72 22
5 8 76 22
5 6 52 15
4 6 20 4
8 6 80 44
4 8 86 42
1 6 62 45
5 6 34 25
6 6 22 95
8 6 40 13
2 8 54 11
3 8 54 13
6 6 46 7
4 6 28 15
7 6 42 37
7 6 10 42
8 8 52 42
7 6 60 19
8 6 66 25
3 6 24 1
7 6 74 42
5 6 6 3
7 8 22 2
4 8 32 2
3 6 34 68
3 6 62 16
2 6 66 30
7 6 24 12
8 6 8 32
5 10 6 31
1 8 30 34
5 6 30 14
3 6 10 42
3 6 38 39
1 6 14 45
6 6 40 42
8 6 68 21
7 6 28 33
8 6 60 20
2 6 42 26
1 6 36 19
2 8 38 19
1 8 52 21
8 8 56 21
3 6 24 32
7 6 50 25
4 8 52 25
4 6 40 28
7 6 8 27
1 8 10 29
1 6 38 40
1 6 14 36
1 6 64 21
6 6 32 25
6 6 28 49
1 6 32 13
6 8 56 13
7 6 10 15
7 6 22 10
4 6 22 29
1 6 40 10
8 6 28 26
8 6 14 43
2 6 60 45
4 6 10 2
6 10 10 1
8 6 20 10
8 6 54 13
5 6 46 42
7 6 64 43
7 6 48 50
5 6 18 31
3 6 48 11
8 6 30 6
3 6 28 49
7 8 58 49
8 6 70 7
2 6 16 45
5 8 16 44
2 6 22 15
4 6 14 2
2 6 46 2
3 6 48 28
6 10 50 28
6 6 50 22
4 6 8 34
8 8 26 34
5 6 54 20
5 6 12 3
7 8 48 1
3 8 10 3
5 6 50 11
4 8 50 12
2 6 22 33
5 6 18 47
5 6 48 1
4 6 36 3
8 6 8 41
3 6 18 3
3 6 28 14
3 6 38 41
2 6 62 18
7 6 26 13
6 6 28 13
7 6 60 31
4 6 22 32
1 6 56 42
2 6 48 34
1 6 48 45
2 6 20 32
4 6 20 31
7 8 20 31
6 6 36 1
1 6 34 11
8 6 32 31
3 8 30 32
2 6 24 30
2 6 46 29
4 6 38 33
2 6 30 33
5 6 52 44
5 5 8 50
4 7 24 49
5 6 52 48
7 5 16 50
1 5 43 57
3 5 17 87
6 6 35 86
8 7 61 86
6 5 73 90
7 5 74 60
4 5 29 69
6 7 64 68
7 6 62 67
7 5 69 83
6 5 3 76
6 6 48 74
7 5 50 74
3 5 29 80
2 5 63 91
8 5 42 86
4 5 28 55
8 5 66 58
1 5 23 80
1 5 54 49
7 5 57 87
7 5 30 62
6 6 77 62
8 6 35 63
4 5 14 51
3 5 24 80
3 6 53 79
4 5 77 87
7 5 18 50
1 6 20 50
1 6 41 52
6 5 9 96
5 5 29 81
4 6 47 81
8 6 50 79
7 6 45 83
4 5 34 49
4 5 21 96
2 6 40 96
4 6 36 94
8 6 56 93
2 5 86 87
8 4 72 23
3 4 36 35
2 4 4 35
7 8 34 35
4 4 18 49
3 4 2 46
8 6 50 47
3 4 14 45
2 8 42 45
4 6 42 46
2 8 48 44
6 8 48 43
3 6 42 43
7 6 44 45
6 6 36 44
4 4 62 36
7 6 70 37
6 4 50 38
8 4 24 14
3 4 50 94
2 4 60 11
1 4 2 47
4 6 4 48
4 7 30 48
6 6 30 48
4 6 36 48
7 5 4 49
4 5 4 49
3 6 30 47
6 5 8 50
3 5 14 49
8 6 22 49
6 4 44 62
4 6 68 64
7 4 18 38
6 6 36 39
8 6 46 39
4 6 34 39
7 6 44 39
5 6 44 40
2 6 34 37
7 4 20 7
3 6 48 6
1 4 16 78
3 5 50 76
7 4 3 53
4 5 14 52
3 4 18 40
5 6 30 41
5 4 48 18
4 6 72 18
6 6 52 19
7 6 54 19
4 4 26 7
5 4 28 23
1 4 46 11
7 6 46 11
8 6 44 10
3 4 14 5
2 4 33 66
3 5 35 65
6 5 61 66
7 4 37 74
3 4 44 26
8 4 12 32
2 4 2 48
6 4 56 6
7 4 50 27
8 4 30 39
6 4 30 17
8 6 40 18
4 4 42 46
5 4 8 37
3 6 28 36
8 6 32 35
7 6 40 35
5 6 38 35
1 4 16 23
2 6 14 23
3 4 60 37
2 4 24 34
7 8 24 34
1 6 26 32
2 4 58 43
1 4 8 8
7 6 6 8
7 6 40 8
1 6 14 10
8 6 20 9
3 6 22 11
6 6 46 7
1 6 30 9
7 4 30 18
5 6 40 19
4 6 52 20
8 4 6 11
7 6 16 12
5 4 32 24
4 4 66 4
5 4 57 76
4 4 34 40
4 4 16 43
2 6 36 44
6 6 52 41
8 4 88 64
3 4 36 7
1 4 40 22
2 4 13 91
2 4 18 37
1 4 24 19
4 4 47 67
5 4 10 5
7 4 10 37
7 4 4 27
3 6 30 28
2 6 30 27
3 4 89 100
7 4 34 21
4 4 23 88
7 4 7 92
6 4 27 62
1 5 80 63
1 4 6 9
4 6 24 10
6 4 35 77
4 6 34 75
5 5 84 77
1 5 34 74
5 7 66 77
8 5 80 72
1 5 80 74
4 4 27 72
2 5 50 73
5 5 77 73
1 4 24 31
5 6 26 31
6 6 26 33
4 6 24 31
8 6 22 30
7 4 62 7
7 4 30 40
1 6 36 40
6 6 34 39
2 4 26 10
8 4 47 98
8 6 60 97
3 5 52 98
8 5 68 97
3 4 8 27
8 6 46 25
2 4 2 38
3 6 14 39
1 4 8 36
7 4 22 21
3 6 44 22
6 6 32 19
4 4 6 12
5 8 20 11
7 6 22 12
5 4 22 32
1 4 4 39
2 6 4 39
3 6 4 41
5 6 22 41
5 6 4 39
5 6 22 39
4 4 34 21
2 6 32 19
6 4 46 17
5 4 16 19
7 6 18 18
4 6 20 19
5 8 20 21
3 6 32 18
4 6 38 17
1 6 16 20
6 6 14 20
2 6 16 19
1 4 22 23
3 4 28 12
1 6 26 12
3 4 90 54
6 4 40 41
3 4 42 16
4 4 8 37
8 6 8 37
2 4 48 96
2 4 8 44
7 6 30 43
2 6 14 43
1 4 34 1
8 4 24 34
5 4 6 42
1 6 14 43
8 4 20 38
2 6 20 39
5 4 10 22
8 6 12 20
5 6 44 23
8 4 16 20
2 4 8 24
2 4 33 85
5 4 22 44
4 4 2 26
5 8 12 24
4 8 12 23
8 6 2 26
2 6 36 23
3 6 36 24
4 6 36 25
8 4 34 68
4 5 60 67
5 5 72 66
6 4 34 5
4 4 30 20
6 4 44 91
1 4 90 59
1 4 28 29
6 4 2 15
5 4 16 48
1 4 46 74
8 4 16 41
4 4 38 14
2 4 26 72
3 4 10 46
6 4 26 21
7 4 26 22
8 6 26 23
6 4 4 37
3 6 38 36
5 4 59 92
8 4 65 84
8 4 10 7
4 4 26 18
1 4 21 90
8 4 22 65
7 4 10 5
6 6 24 5
8 6 14 4
6 10 14 5
8 6 30 5
8 8 32 2
3 6 32 4
4 6 16 4
5 6 18 3
8 8 18 4
2 6 12 2
6 4 2 5
4 6 6 3
3 6 12 6
6 4 12 27
3 4 42 72
8 7 41 72
6 5 60 71
3 4 15 82
7 8 49 84
5 4 32 8
3 4 20 28
6 4 6 8
5 6 42 7
3 4 18 79
1 6 71 77
3 5 28 79
2 5 27 79
4 4 26 23
4 4 62 77
3 4 18 41
6 6 20 41
6 4 18 22
5 4 12 34
4 4 22 35
6 6 26 34
1 4 22 47
7 4 35 58
3 4 8 14
5 4 14 36
5 6 22 35
1 6 22 36
4 6 22 36
1 4 20 43
2 6 22 42
4 4 18 16
1 6 22 16
3 4 51 87
6 4 32 73
6 4 32 36
4 4 12 32
8 4 22 37
3 4 22 6
7 8 22 6
7 4 26 26
2 4 20 14
8 4 20 11
6 4 4 11
6 6 20 12
2 4 10 16
7 4 10 47
6 4 6 24
4 6 20 24
1 4 8 42
3 6 20 41
7 4 2 39
8 4 2 40
5 4 4 46
4 4 32 29
1 4 77 77
7 6 79 78
2 4 6 12
6 4 46 8
7 4 10 9
2 4 26 8
3 4 22 9
1 4 8 4
6 6 18 3
1 6 18 2
5 4 50 90
1 4 14 36
8 6 12 36
3 10 12 35
4 6 12 37
1 8 20 36
4 6 18 35
5 4 16 20
4 4 28 6
1 4 16 21
4 6 16 21
7 6 14 21
4 4 18 41
2 4 20 17
3 6 20 17
8 4 14 21
6 4 16 1
2 4 3 75
4 4 45 58
7 4 38 14
5 4 28 16
2 4 18 9
4 6 18 10
5 4 16 78
7 4 20 43
8 4 16 14
4 4 10 27
8 6 22 26
1 4 12 36
5 4 10 76
4 6 25 74
1 5 10 76
1 5 43 73
2 4 40 50
3 4 18 22
8 4 8 35
4 4 12 44
2 4 4 39
4 6 4 39
6 6 8 36
6 6 6 39
7 6 6 41
4 4 26 30
3 4 8 83
1 5 29 83
2 4 20 28
1 4 18 31
7 4 37 78
1 4 17 77
1 6 52 76
7 4 12 45
3 4 8 11
8 8 8 10
5 6 18 9
1 4 40 16
3 4 34 7
5 4 37 66
6 4 43 60
8 4 14 27
1 6 18 25
4 4 58 81
4 4 8 45
5 4 20 5
2 4 12 21
6 4 73 62
4 4 51 66
5 4 56 86
6 5 60 83
1 4 20 4
4 4 20 8
3 4 10 32
2 6 18 32
6 8 18 32
3 4 18 25
8 4 18 97
2 4 50 55
6 4 4 28
4 8 12 27
5 4 18 100
4 4 20 44
8 6 20 44
3 4 2 11
5 6 4 11
1 8 4 12
6 4 16 29
2 4 6 2
2 4 22 46
1 4 13 90
3 4 6 5
5 4 47 81
7 4 10 4
4 6 10 5
6 4 15 77
5 5 35 73
6 4 72 72
4 4 12 13
8 4 4 2
2 4 16 44
1 4 24 1
8 4 43 91
3 5 45 89
1 6 45 87
6 5 46 90
7 5 66 90
5 4 2 24
4 4 65 89
2 4 28 1
8 6 28 1
4 4 32 8
5 4 12 25
2 8 12 24
2 4 30 7
3 4 36 70
7 4 16 14
6 4 52 98
1 4 28 16
5 4 71 89
8 5 77 85
4 4 20 17
7 8 26 16
2 6 26 16
3 4 16 6
6 4 4 41
2 4 4 22
4 4 4 9
6 4 37 67
6 4 2 12
1 4 8 26
1 4 71 60
8 4 28 7
6 4 16 8
3 4 4 9
1 4 2 8
4 6 24 8
4 6 6 9
7 4 20 47
8 6 20 46
7 4 8 37
7 4 8 9
3 4 6 21
2 4 12 17
4 4 12 12
3 4 2 46
6 6 18 45
2 4 48 90
6 5 51 89
1 4 24 16
3 4 8 44
8 8 8 43
8 4 8 37
4 4 14 18
5 6 14 17
5 4 39 58
6 4 12 27
4 4 8 45
1 8 8 45
5 4 8 4
1 4 70 85
2 4 14 31
4 4 22 17
3 4 51 56
5 4 56 73
4 5 65 74
6 4 13 92
7 5 73 93
5 6 75 89
2 5 76 92
3 4 30 75
5 4 79 86
2 4 10 5
1 4 20 6
3 4 4 42
3 4 14 3
6 4 71 90
8 4 22 28
7 4 20 46
5 4 22 17
8 4 2 45
3 4 35 68
3 4 75 87
1 4 25 96
4 4 47 74
1 4 70 88
6 4 18 17
6 4 14 19
8 4 81 85
2 4 6 6
8 4 4 64
5 5 21 64
6 6 44 62
3 5 36 64
8 4 42 100
1 5 56 98
1 4 73 56
1 5 76 54
7 4 6 41
3 4 51 87
8 5 56 84
3 4 58 64
3 4 12 31
7 6 12 30
2 4 4 10
1 4 20 18
5 4 22 19
8 4 18 8
3 4 65 61
8 4 20 19
3 4 20 18
4 4 56 98
1 4 22 29
2 4 20 4
2 4 10 6
8 4 56 68
2 4 22 65
5 4 20 66
5 4 10 22
7 4 20 20
3 4 10 23
3 4 22 43
3 4 61 96
2 4 33 68
8 4 22 43
6 4 20 43
7 4 14 29
3 4 67 88
2 4 20 23
4 4 11 90
7 5 31 91
1 5 38 91
4 5 44 92
6 5 44 91
5 4 12 22
7 4 20 30
6 4 18 23
8 4 49 65
5 5 51 65
6 4 67 65
8 4 12 23
6 6 12 23
2 4 43 93
2 4 12 23
8 4 71 94
7 4 10 23
7 4 16 24
4 4 10 23
4 3 16 59
5 4 42 60
6 4 77 58
4 4 78 58
6 4 63 60
4 3 10 83
5 3 29 90
2 4 39 91
5 5 38 92
3 4 29 91
7 4 49 91
7 4 42 94
5 4 42 91
4 3 59 53
2 3 35 53
7 4 72 55
7 4 69 53
2 3 64 78
2 3 50 64
6 4 62 63
7 3 32 89
2 3 40 81
4 6 39 81
6 4 38 82
1 4 39 84
2 3 77 96
6 3 68 55
8 3 24 61
7 4 67 62
8 3 12 72
4 5 12 72
8 4 11 73
4 4 54 75
2 4 54 73
4 4 58 76
7 4 60 69
5 3 48 64
2 3 33 74
1 4 52 75
2 3 35 78
8 4 43 78
8 4 63 76
1 4 44 79
1 3 10 53
3 4 70 56
5 4 26 51
5 6 47 52
6 4 35 53
8 4 76 52
6 4 45 56
2 4 52 57
7 4 69 56
3 3 50 61
7 3 27 98
3 3 15 96
5 7 67 95
8 4 39 95
7 4 18 97
7 3 56 88
7 3 31 80
1 3 16 99
4 4 26 99
2 4 50 97
1 4 46 97
8 4 33 98
6 4 41 97
3 5 67 98
5 4 45 97
1 4 62 95
2 3 13 63
7 3 23 55
2 4 71 52
4 3 5 93
3 3 1 59
8 4 7 58
5 3 67 52
4 3 42 83
3 3 27 64
3 4 39 63
2 3 23 73
7 6 31 73
5 4 58 70
5 3 3 75
3 3 8 89
8 4 11 87
2 4 59 89
3 4 18 89
2 4 16 90
3 4 32 89
4 4 39 92
8 4 39 92
1 5 44 92
8 4 47 93
6 3 71 51
1 3 32 88
3 3 56 80
6 4 61 79
6 3 33 77
4 3 42 65
7 4 43 64
5 3 4 54
8 3 8 73
5 4 39 73
6 4 57 72
6 4 40 76
5 4 48 75
3 3 45 65
1 4 51 65
3 4 51 66
4 4 53 64
3 6 53 65
3 4 61 68
1 3 57 67
3 3 19 89
5 3 52 77
1 3 37 92
7 5 37 95
5 4 42 93
7 3 38 55
4 4 64 53
5 4 64 56
6 6 66 54
8 3 37 75
1 3 3 91
7 3 41 74
1 4 51 73
3 4 56 71
6 3 11 70
7 3 7 55
2 5 8 54
4 5 8 55
6 4 37 51
8 4 71 56
4 4 37 53
1 4 37 54
8 4 12 50
6 4 12 50
3 4 10 50
5 4 17 51
4 5 17 52
8 4 18 49
6 5 22 50
6 3 9 83
2 3 39 87
8 3 15 71
1 4 14 71
4 3 36 83
7 4 53 81
6 3 69 99
2 3 37 66
6 3 5 74
4 4 24 74
6 3 37 73
5 3 33 97
3 4 52 97
4 3 10 57
7 4 44 57
5 3 4 68
2 3 9 80
3 3 35 76
8 3 48 76
5 3 56 70
4 3 26 62
8 3 8 52
2 4 14 50
1 4 16 49
3 4 38 51
5 4 14 50
8 3 18 56
1 4 18 54
3 4 55 51
4 4 31 55
1 4 55 52
5 3 54 59
4 3 56 53
7 4 56 53
8 4 55 54
7 3 38 61
8 4 38 61
4 5 38 62
2 4 49 63
8 4 50 64
4 4 74 59
1 4 42 65
3 3 52 58
1 3 16 69
8 4 24 69
7 3 16 68
2 4 16 68
4 4 19 67
2 3 41 70
2 4 51 67
4 4 65 70
1 3 11 66
4 3 50 53
6 3 16 58
6 4 19 58
6 4 51 58
8 3 37 53
8 3 21 56
5 3 49 59
1 3 9 70
1 4 31 70
4 4 47 69
5 3 22 79
5 4 35 81
7 3 55 59
7 3 20 57
3 3 38 80
2 4 38 81
3 3 14 67
2 4 58 69
1 3 47 76
1 3 18 72
8 5 17 71
7 5 38 74
6 4 18 73
8 4 42 73
1 3 13 54
8 3 48 52
3 3 48 51
6 3 34 79
7 3 46 63
4 3 34 97
1 4 62 96
1 4 34 99
4 4 40 98
8 4 55 97
8 3 35 58
3 4 50 60
5 3 3 61
7 3 19 71
4 4 24 72
5 4 20 69
6 3 12 90
7 5 27 89
8 3 9 76
1 3 31 97
7 3 3 64
2 5 43 62
4 5 44 64
6 4 12 63
8 5 19 65
5 3 49 54
3 5 49 53
3 3 21 64
2 3 15 54
3 4 18 54
4 3 56 85
4 3 21 85
3 3 15 92
1 3 25 53
1 3 21 72
1 3 31 58
3 4 47 58
6 4 56 58
4 3 7 92
5 3 37 96
6 3 18 87
3 3 2 50
1 3 38 86
4 3 26 85
3 5 30 84
7 3 12 70
4 3 49 79
6 4 54 78
7 3 32 98
6 4 33 98
6 3 45 52
3 3 53 99
4 4 54 98
1 3 49 80
6 3 15 83
6 3 7 92
3 3 36 74
3 6 39 71
2 4 39 74
5 3 10 95
8 3 39 90
3 3 28 60
8 3 25 63
6 3 35 82
1 3 13 51
2 3 23 96
5 4 52 97
3 3 26 61
8 4 26 60
3 3 58 79
5 3 5 79
2 8 5 78
2 4 17 78
6 4 26 81
8 4 17 78
6 3 14 72
8 3 18 91
4 4 37 92
3 4 53 93
6 3 2 92
1 5 22 91
3 4 29 93
3 3 5 69
8 4 52 68
1 3 33 72
6 4 37 72
6 3 49 97
3 3 46 78
2 3 11 67
6 4 27 65
3 4 10 67
3 4 26 69
7 4 10 68
5 4 9 64
4 4 14 62
5 5 21 63
2 4 29 64
8 3 2 69
8 4 41 70
2 3 44 77
7 3 18 75
6 4 41 76
2 4 21 77
4 3 54 79
4 3 29 67
5 4 39 67
6 3 10 53
5 3 32 71
7 4 37 68
6 3 42 61
7 3 14 81
8 4 24 79
7 3 4 57
5 3 37 56
3 3 32 79
3 4 35 77
7 5 39 76
1 3 29 66
4 3 34 95
8 3 14 90
2 3 34 59
1 4 47 57
2 3 53 82
5 3 45 99
7 3 9 58
7 3 19 52
3 3 46 51
5 3 36 77
1 3 37 95
1 3 30 69
4 3 19 90
6 3 24 90
2 3 26 55
1 3 35 96
5 3 35 89
4 3 8 50
2 5 10 49
3 4 10 50
3 3 5 58
3 3 20 92
5 3 39 56
2 4 44 57
3 3 25 75
2 4 32 74
3 3 58 83
4 3 10 92
1 3 23 69
2 3 43 99
7 3 10 59
2 3 23 85
2 3 40 58
7 3 18 81
7 3 33 61
7 3 53 86
2 3 39 61
4 3 8 98
1 4 11 99
1 3 25 86
1 3 58 94
5 3 20 97
7 4 23 100
6 3 28 79
1 4 28 78
7 3 16 63
8 4 39 62
4 4 45 59
4 3 37 55
5 4 42 56
2 3 26 73
5 3 26 73
3 3 17 60
7 4 26 61
7 4 23 58
6 3 48 81
2 3 14 60
2 4 44 59
3 3 30 97
3 3 19 97
7 4 42 99
8 4 20 95
6 5 20 95
5 3 36 74
8 3 25 63
2 3 42 88
1 3 31 63
7 3 25 71
6 3 32 94
5 3 19 96
5 3 28 56
5 3 46 79
3 3 46 85
1 4 50 85
4 3 23 57
3 3 19 76
2 3 37 69
6 4 38 69
1 4 38 70
4 4 38 69
7 4 38 71
3 3 49 84
1 3 30 75
8 3 32 72
8 3 36 55
4 3 36 77
2 3 23 90
3 5 34 89
7 3 39 58
7 3 30 58
8 3 10 79
5 3 33 81
8 3 32 64
3 3 63 86
4 3 30 70
8 4 48 70
3 3 6 58
8 4 6 56
4 4 31 57
6 4 16 54
2 3 4 68
8 4 7 69
8 4 26 70
7 4 6 69
1 4 9 67
4 3 23 94
2 3 23 81
5 3 38 60
8 3 36 77
2 3 6 50
1 3 18 76
7 3 12 66
1 4 21 66
7 3 11 55
4 3 36 66
7 3 4 90
4 4 4 88
1 3 29 58
1 3 21 55
8 4 22 56
1 3 24 63
3 3 37 93
8 4 41 92
2 3 17 69
7 4 25 66
7 3 24 79
1 4 42 80
5 3 14 87
1 3 15 80
4 4 17 78
7 3 6 92
4 3 10 52
3 3 29 92
1 3 6 58
7 3 16 92
7 3 28 92
6 3 15 79
5 3 29 62
4 4 33 60
6 3 33 59
1 3 7 83
2 3 5 89
8 3 54 82
2 3 14 87
1 4 38 88
1 3 38 79
3 3 12 71
2 3 19 94
8 3 44 93
4 3 40 68
5 3 24 95
5 3 38 94
4 3 6 70
7 4 38 68
7 3 25 85
1 3 9 70
1 4 28 70
8 3 20 72
6 3 25 75
1 3 4 68
1 3 40 52
2 3 26 72
5 3 22 80
5 3 5 67
5 4 35 67
3 3 20 56
6 3 8 99
1 3 14 59
7 4 31 60
2 4 24 61
8 3 10 88
2 3 37 71
8 3 9 82
8 3 13 100
6 4 14 97
4 3 9 71
4 3 22 79
6 3 27 81
8 3 25 57
7 3 14 60
1 4 19 60
1 4 30 60
1 3 27 60
7 3 48 56
5 3 26 81
5 3 30 59
7 3 17 85
3 3 13 61
2 4 23 60
7 3 34 60
2 3 10 100
2 3 33 60
4 3 10 98
6 3 24 70
3 3 25 90
8 3 22 79
1 3 11 84
3 3 41 55
7 3 23 96
6 3 28 89
6 3 27 55
8 3 22 86
7 3 31 88
2 3 34 87
2 3 37 97
5 3 29 72
5 3 35 92
1 3 12 98
2 4 22 97
1 3 27 96
1 3 43 87
5 3 28 91
6 3 31 71
5 3 40 61
6 3 44 89
1 3 17 98
4 3 21 98
5 2 12 34
8 4 12 34
3 4 12 34
6 4 12 33
5 4 12 34
1 2 14 27
5 6 14 26
5 2 2 36
2 4 6 36
1 4 4 36
7 4 4 37
8 2 16 43
8 2 30 1
6 2 11 80
2 3 16 79
5 3 11 80
6 2 6 7
5 6 10 6
7 4 12 6
1 4 6 6
6 6 14 7
3 2 39 52
7 2 26 30
5 2 16 31
7 2 10 48
8 4 10 47
2 6 10 46
6 4 16 45
4 4 10 46
6 4 8 46
3 6 8 45
5 4 8 45
8 2 18 33
5 2 11 91
3 3 35 92
4 3 35 92
7 3 37 93
8 2 12 30
2 2 4 55
4 3 15 56
3 3 25 57
2 3 18 55
1 3 27 55
1 3 29 53
3 2 6 29
4 4 12 28
2 4 10 29
5 4 10 28
3 4 14 30
2 4 12 27
7 4 12 30
1 4 12 31
4 2 12 20
6 2 38 55
5 2 19 97
6 3 21 97
1 2 10 27
7 2 19 96
8 2 12 17
4 2 11 94
7 3 19 93
7 2 8 30
6 4 8 30
2 4 8 30
7 2 19 80
1 3 22 78
3 3 25 80
8 3 24 80
4 3 25 76
4 2 10 35
8 2 10 32
3 2 4 9
5 2 6 30
8 4 8 29
7 2 22 4
8 2 9 69
8 3 27 70
4 3 9 69
5 4 9 69
3 3 26 68
6 2 35 93
6 2 10 48
4 2 22 7
5 2 2 83
7 2 6 97
7 3 10 98
7 3 15 97
1 2 14 17
7 4 14 16
6 6 14 15
3 4 12 16
7 4 18 16
4 2 18 43
1 2 4 21
4 2 10 80
7 3 17 78
8 4 18 78
2 3 24 77
5 3 18 76
3 3 16 77
4 3 18 75
4 3 29 73
7 2 39 92
5 2 25 63
5 2 14 43
3 2 2 37
5 4 4 36
2 4 4 35
2 2 8 28
2 2 2 44
5 2 8 47
3 2 16 42
5 2 12 60
7 3 19 60
8 3 11 59
5 3 29 62
2 3 15 57
4 3 30 62
7 3 24 56
1 3 15 56
2 3 13 57
8 4 14 59
5 3 31 60
3 2 4 27
3 2 17 83
3 2 2 22
4 4 4 22
6 2 14 64
6 4 25 64
4 2 10 19
6 2 5 96
3 3 12 96
5 2 8 24
3 4 10 24
8 2 16 56
6 2 10 87
2 2 8 37
6 2 3 88
6 3 24 88
4 3 24 90
7 2 2 5
8 4 8 4
7 4 6 4
1 4 6 4
6 4 8 3
4 4 8 4
7 2 16 69
4 3 20 69
1 3 25 70
1 2 4 2
7 6 4 2
7 4 14 1
4 2 10 25
7 2 4 46
5 2 10 40
8 2 30 63
5 2 37 64
1 2 4 74
7 4 16 73
3 3 29 72
4 2 41 49
7 2 10 33
1 2 19 75
5 2 6 4
4 2 20 51
6 2 4 22
8 4 4 21
2 2 52 86
2 2 8 14
1 4 22 13
6 2 22 43
3 2 6 33
1 2 4 19
1 6 6 18
8 4 14 17
3 4 6 18
6 4 8 17
2 4 6 19
6 4 6 20
4 4 6 19
2 2 18 83
8 3 27 82
8 3 44 81
2 2 6 12
8 4 8 12
2 2 11 95
5 2 11 57
4 3 18 56
3 3 23 57
1 2 4 37
2 2 5 95
6 4 7 96
8 4 5 96
7 3 26 93
4 3 4 96
6 3 4 96
3 3 3 97
5 3 5 95
8 3 11 95
2 3 8 96
1 2 47 80
5 3 46 80
2 4 48 81
4 2 20 93
6 3 20 94
8 3 22 92
8 3 26 90
2 3 26 92
6 2 10 16
4 2 4 13
1 4 6 13
5 4 10 13
3 4 8 13
8 4 8 13
2 2 2 12
5 4 2 12
2 4 4 13
6 4 6 14
4 4 6 15
2 4 10 16
4 4 10 17
3 2 4 47
3 2 3 53
3 3 20 53
8 3 17 52
3 2 23 62
3 3 27 61
7 2 22 53
2 3 37 54
4 2 8 8
3 4 8 7
1 4 8 8
7 2 12 14
2 4 12 14
8 4 12 15
7 2 6 38
3 4 6 38
5 2 2 9
4 2 12 2
6 2 32 84
7 3 35 83
1 2 16 86
7 2 2 22
7 2 2 32
4 6 8 31
2 4 2 31
1 2 36 83
7 3 43 82
5 2 25 66
7 2 4 42
4 4 10 41
6 4 4 42
2 4 6 41
7 4 12 41
1 2 6 36
4 4 6 36
6 2 3 75
8 2 10 27
3 4 10 27
3 2 33 90
6 3 33 90
2 2 8 92
4 3 22 92
7 2 20 51
2 2 4 4
3 4 4 3
8 2 48 82
4 2 8 38
7 2 6 24
6 4 6 23
4 2 2 62
6 3 2 60
3 4 2 61
7 3 20 62
8 3 14 61
4 3 15 62
1 3 4 60
1 3 2 62
7 3 3 58
5 3 14 61
6 3 25 56
8 3 8 63
7 3 30 58
5 2 4 14
8 2 12 77
4 4 13 76
2 2 18 51
1 3 29 50
2 3 29 50
2 3 28 52
7 2 22 77
6 2 4 95
5 2 4 7
6 6 4 6
1 2 21 53
5 3 30 51
1 2 6 16
6 2 6 82
7 4 7 82
5 3 36 81
2 4 36 80
6 3 44 80
4 2 10 36
3 2 6 16
8 2 4 89
8 2 4 25
2 2 2 41
4 2 36 82
7 3 42 81
5 3 42 83
1 2 20 50
3 2 4 36
3 2 10 60
5 2 4 54
5 3 5 52
5 3 11 53
4 3 11 53
4 3 18 52
1 3 16 52
3 2 4 6
3 2 26 50
4 3 28 48
1 3 29 48
5 2 29 84
7 2 19 49
8 2 17 81
5 3 31 80
3 2 4 63
5 3 25 63
8 3 14 62
1 3 12 62
3 2 15 53
8 2 42 1
7 2 16 54
2 2 18 96
4 2 7 70
1 3 6 70
3 4 16 68
7 3 7 69
1 3 12 68
6 3 14 70
7 3 26 71
4 3 13 68
4 3 25 71
7 3 15 69
2 3 13 68
8 2 22 1
5 2 10 50
5 3 18 49
6 3 18 49
5 3 21 48
5 2 2 49
7 3 21 50
4 2 22 25
7 2 3 85
8 3 14 85
4 3 36 84
6 3 35 83
6 3 39 81
5 2 27 54
2 2 20 1
2 2 6 38
2 4 8 38
1 2 2 32
3 4 2 32
7 4 2 32
8 2 12 68
2 3 12 69
6 2 24 83
8 3 29 84
5 5 34 82
1 3 25 83
4 3 28 81
7 3 26 84
4 4 36 83
1 3 30 83
6 2 12 39
4 2 2 21
6 2 18 24
2 2 2 58
1 3 16 57
3 3 25 56
1 3 24 55
8 3 25 57
1 3 26 58
7 2 6 32
7 2 21 46
8 2 14 64
2 2 22 65
5 2 6 88
1 2 24 78
7 3 24 77
4 2 6 27
4 2 7 76
4 3 34 77
4 2 3 54
4 2 22 75
3 2 14 94
5 2 18 89
2 3 21 87
8 2 12 28
3 2 8 80
4 3 24 78
8 3 30 79
7 3 33 78
3 3 19 81
5 3 16 80
6 3 13 79
6 3 25 82
1 3 14 79
2 3 17 79
3 3 30 80
6 3 23 77
2 3 22 79
3 2 19 57
3 2 30 83
4 2 10 34
1 2 8 43
3 2 6 28
5 2 4 7
3 2 6 23
2 2 4 34
6 4 4 34
2 2 6 7
3 2 4 22
4 2 2 68
5 2 4 27
5 2 2 30
6 4 2 30
5 2 4 41
6 2 2 40
2 4 4 39
7 4 4 38
4 2 7 80
5 3 9 81
2 3 11 81
8 4 23 80
2 3 24 79
5 3 16 80
4 3 23 80
1 2 8 83
8 3 9 82
1 2 29 61
2 2 30 1
1 2 2 32
2 4 2 32
6 2 23 85
6 2 21 43
6 3 26 42
8 2 4 33
2 2 23 79
3 2 6 7
3 2 19 45
8 2 15 42
6 2 2 10
6 4 4 10
5 2 17 72
8 2 10 1
1 2 2 24
3 2 8 18
3 2 2 29
7 4 4 28
7 2 9 73
8 2 8 7
1 2 12 46
8 3 19 45
1 2 7 45
3 2 6 36
5 4 6 35
4 4 6 34
6 4 6 34
8 4 4 34
5 4 4 33
5 2 8 16
1 4 8 15
7 2 2 16
7 2 2 25
4 2 12 51
6 3 15 50
5 2 6 26
4 2 26 1
2 2 12 57
8 3 23 57
6 3 13 57
7 2 10 68
6 3 10 67
3 4 10 67
6 2 20 1
7 4 20 1
8 2 9 50
4 2 2 12
3 2 11 71
3 2 19 64
4 2 8 2
4 2 13 56
7 4 12 56
8 2 20 41
7 2 22 45
3 2 18 74
3 2 4 1
1 4 6 1
8 2 2 85
2 2 7 60
1 2 2 36
1 4 4 35
8 4 2 36
4 2 20 44
4 2 13 77
6 3 17 75
7 3 17 74
1 3 16 75
4 3 25 74
4 2 8 1
8 2 12 1
3 4 12 1
2 4 10 1
7 2 4 11
2 2 5 46
5 2 8 25
2 4 8 25
1 2 4 16
8 4 4 16
2 2 2 26
7 2 4 7
2 2 14 54
5 2 16 39
2 3 16 39
4 2 2 29
8 2 6 14
8 2 17 66
3 2 5 83
8 2 12 54
1 2 4 22
6 2 1 41
2 2 4 3
6 4 4 3
8 4 2 2
4 4 2 1
8 2 4 7
2 2 15 61
4 2 18 44
8 5 18 44
5 2 4 48
6 3 13 47
4 2 23 80
5 2 10 8
2 2 2 47
7 3 17 47
2 3 17 48
5 2 2 3
8 4 4 2
5 4 4 1
3 2 4 40
6 2 3 53
6 3 14 52
2 3 23 53
7 3 17 54
6 2 2 32
3 2 14 54
7 2 16 58
1 2 22 76
8 2 20 68
7 2 22 76
6 2 6 4
8 2 9 55
6 3 10 53
1 3 13 53
3 3 10 54
5 3 10 56
4 3 10 52
1 3 10 52
6 2 20 64
8 2 4 33
1 2 6 17
6 2 15 36
7 2 4 32
5 2 2 4
4 4 2 4
3 2 2 10
1 4 2 10
7 2 6 12
8 2 4 28
7 2 2 9
5 2 2 25
1 4 2 24
1 2 2 7
1 2 4 61
7 2 2 31
4 2 17 60
3 2 1 66
6 2 4 70
5 3 20 71
8 2 4 14
4 2 14 73
7 2 2 58
2 4 10 57
4 3 18 56
4 3 10 60
3 3 14 58
5 3 14 59
1 2 2 35
2 2 7 48
4 3 8 47
8 3 11 48
5 3 10 49
8 2 4 16
1 4 4 15
6 2 15 66
1 2 7 59
2 3 7 59
6 3 7 60
2 3 24 59
3 2 10 50
7 3 10 49
2 3 11 51
5 2 14 38
6 2 10 18
3 2 4 8
5 2 2 12
7 2 10 18
5 2 41 81
5 2 2 30
1 4 2 29
7 2 4 57
8 4 9 57
6 2 4 44
4 2 2 16
4 2 13 61
8 2 2 21
1 2 9 52
5 4 9 52
2 3 17 51
1 2 26 58
6 2 6 17
2 2 2 18
1 2 2 20
8 2 19 28
2 3 19 28
8 2 20 68
2 2 2 72
1 3 2 73
7 3 1 70
1 3 4 71
2 3 27 70
3 3 5 69
2 4 5 68
8 3 11 68
2 3 21 69
7 3 25 71
1 3 21 71
5 3 21 72
8 2 14 53
7 2 8 6
7 2 13 61
4 2 2 71
4 3 6 71
5 3 6 73
2 3 5 73
5 2 8 38
3 2 4 38
3 2 15 62
5 2 15 59
5 2 2 17
4 2 2 25
3 2 7 28
2 2 7 35
8 2 21 69
8 2 35 57
6 2 5 31
3 2 37 57
7 2 6 30
8 3 12 31
6 3 12 33
4 2 6 48
7 2 7 56
3 3 8 56
5 3 7 55
6 3 6 54
2 3 6 54
3 2 9 37
1 2 4 17
1 2 30 57
6 2 2 22
4 4 2 21
2 2 3 30
2 2 2 5
4 2 6 33
4 3 11 32
5 2 7 41
3 2 2 8
5 4 2 7
6 2 9 29
6 2 3 65
6 2 7 52
4 2 1 62
3 2 12 68
2 2 18 46
3 2 5 59
7 4 5 58
8 2 2 12
7 4 2 11
8 4 2 10
5 2 5 42
5 2 2 10
2 2 8 28
3 2 4 49
8 2 8 22
2 3 8 23
6 2 2 7
4 2 2 10
1 4 2 9
5 2 4 11
2 2 18 26
4 2 6 1
1 2 9 55
7 3 8 55
2 2 9 19
4 2 30 45
6 2 16 22
3 2 8 23
5 3 13 22
2 2 5 23
3 2 12 40
6 2 9 54
5 4 9 54
1 3 9 51
8 3 15 53
1 2 2 3
4 2 15 26
8 2 2 5
7 4 4 4
2 2 4 4
2 2 11 24
8 2 2 1
2 2 6 15
6 3 5 15
5 2 7 45
7 2 9 50
1 3 14 51
6 2 15 44
7 2 2 7
4 4 2 6
3 2 17 42
7 2 7 56
7 2 8 43
8 4 9 43
3 2 4 51
5 3 5 50
2 3 11 48
7 2 9 15
8 2 8 27
4 3 8 25
4 2 34 41
3 2 4 8
7 2 4 32
2 2 2 2
5 2 21 51
2 2 2 9
1 2 9 36
4 2 11 44
2 2 10 12
2 2 14 17
5 3 15 18
6 2 10 52
5 2 10 46
1 2 3 37
7 2 20 51
6 2 6 22
7 2 2 1
4 2 8 40
1 2 8 22
2 2 1 40
8 2 8 44
4 3 12 44
3 2 14 18
6 2 13 33
4 2 2 2
5 2 8 21
5 2 4 7
7 3 7 7
7 2 9 18
8 2 5 11
2 2 16 43
3 2 9 41
3 2 17 51
1 2 2 5
5 2 18 41
1 2 6 20
8 2 7 6
4 2 16 46
7 2 10 30
4 3 10 29
5 3 10 30
8 2 2 3
7 2 17 6
3 2 10 5
5 3 15 6
6 2 9 36
5 3 10 37
5 2 7 32
6 2 11 51
2 2 14 36
7 2 19 41
1 2 11 49
3 4 11 48
5 2 11 36
7 2 6 20
2 3 9 21
1 3 9 20
7 4 8 21
8 2 4 21
4 3 4 22
6 4 6 21
4 2 7 8
2 2 6 37
8 2 12 47
8 2 4 36
4 2 9 8
5 3 10 7
8 2 1 5
8 2 7 17
2 2 2 3
3 2 11 21
4 2 2 29
6 2 5 4
4 3 6 4
1 2 6 37
8 3 12 38
1 2 2 2
3 2 9 11
8 3 9 12
8 2 1 38
1 2 12 29
5 2 12 41
1 2 17 45
8 2 5 31
1 2 6 26
2 3 6 26
8 2 15 38
5 2 8 22
7 2 8 4
6 2 9 7
3 2 2 2
5 2 10 45
4 2 6 36
8 2 13 25
5 2 15 28
2 2 10 45
6 2 14 45
5 2 8 47
3 2 5 3
1 4 9 3
6 3 9 5
1 3 6 4
2 3 7 3
4 2 1 33
3 2 6 4
8 2 13 45
3 2 4 8
3 2 5 34
6 2 11 22
7 2 15 39
2 2 12 40
4 2 6 20
8 2 2 47
8 2 8 19
4 2 9 44
5 2 2 1
6 2 3 6
3 2 8 6
1 2 6 20
4 2 6 8
5 2 13 45
1 2 6 9
4 2 6 2
8 2 9 40
7 2 7 2
1 2 6 32
5 2 4 45
6 2 3 20
2 3 3 19
8 3 3 19
1 3 3 21
4 2 7 18
5 2 5 17
3 3 5 16
2 2 2 40
5 2 1 39
2 2 13 32
7 2 2 47
5 2 13 37
6 2 11 9
5 2 4 8
7 3 4 9
2 2 5 46
1 2 5 18
6 4 4 17
6 2 13 36
6 2 8 13
5 2 6 36
1 2 8 45
6 2 2 21
7 2 3 19
3 2 10 38
4 2 5 48
3 2 1 21
8 2 13 49
8 2 5 49
5 2 3 49
6 2 11 50
1 2 11 49
6 2 10 37
1 2 13 32
2 2 2 18
4 2 4 50
4 2 16 49
4 2 3 22
8 2 12 32
3 2 3 21
4 2 3 21
6 2 2 21
