42838
2062
2 14 25 33
7 12 49 9
4 12 23 12
8 12 15 26
4 12 73 33
2 8 33 44
2 14 57 39
4 10 45 5
1 6 35 4
7 22 49 2
5 10 13 8
3 10 31 17
8 10 25 19
3 10 43 23
7 10 43 24
7 10 1 26
2 12 57 27
7 10 5 34
2 10 13 37
7 10 79 40
6 16 83 45
2 6 71 17
8 14 85 17
2 4 3 2
6 14 7 1
4 4 39 17
5 10 77 4
6 14 37 15
5 4 35 48
5 10 3 43
1 10 75 45
6 6 21 46
3 16 39 46
1 10 59 48
6 2 61 48
7 5 59 50
5 4 3 46
6 2 65 49
2 2 65 50
7 8 33 1
4 8 75 3
7 8 79 2
1 8 63 6
6 8 37 7
5 10 39 8
2 8 29 14
7 10 31 16
3 8 33 15
5 8 51 14
5 8 75 14
7 8 45 16
2 8 1 17
1 8 1 15
7 8 67 15
4 8 37 19
1 8 53 21
3 8 51 21
7 8 15 22
3 8 55 21
2 8 25 23
7 8 25 26
5 8 53 28
7 8 53 28
5 8 65 29
6 8 17 30
1 8 31 29
4 10 35 27
7 8 33 26
4 8 79 24
6 8 67 30
6 8 25 32
1 8 5 34
4 8 5 33
7 8 55 37
2 10 67 38
3 8 57 38
4 8 17 39
2 8 65 38
5 8 67 38
8 8 53 40
4 25 59 46
8 6 51 34
1 4 23 36
2 2 55 34
6 18 51 34
6 6 47 45
4 12 49 46
2 8 63 33
7 2 55 45
6 2 51 45
5 4 15 44
6 2 51 44
2 22 49 42
8 7 65 56
2 8 19 43
4 10 63 42
8 8 65 43
3 4 9 46
2 14 61 44
1 8 15 44
4 8 9 45
3 8 11 45
5 8 19 46
8 6 68 58
7 3 20 59
2 7 13 50
7 8 9 49
5 8 51 47
2 8 19 48
1 8 31 46
6 8 31 44
1 8 61 42
6 8 39 47
2 7 79 53
3 4 46 54
2 15 64 53
1 4 11 4
6 10 39 3
2 12 65 3
5 3 4 68
6 3 9 70
2 2 3 68
3 6 26 68
4 20 24 65
5 4 43 65
6 13 61 65
8 2 51 50
5 12 51 48
1 2 5 87
3 3 15 82
7 3 14 81
6 7 21 64
7 2 2 88
4 2 1 88
5 6 31 1
2 6 57 1
7 6 25 2
5 8 37 1
5 6 1 3
1 6 61 2
8 6 31 5
2 6 57 5
6 6 63 6
3 6 63 7
2 6 49 8
2 6 29 9
8 8 39 9
2 8 55 8
2 8 35 10
4 6 39 8
1 6 47 7
5 6 65 6
7 6 19 10
8 6 25 9
1 8 33 9
4 6 25 8
8 6 17 10
3 6 21 10
4 6 57 11
8 6 69 11
3 10 75 12
2 6 77 11
8 6 81 12
7 6 3 13
5 8 23 13
4 10 61 14
7 6 23 11
4 6 41 12
5 6 41 11
6 6 63 12
1 8 61 12
4 6 63 11
8 6 33 13
1 6 41 13
2 8 67 14
2 6 51 13
6 6 55 12
7 6 7 14
7 10 15 13
4 8 33 14
1 6 19 11
8 6 33 10
5 6 51 14
7 6 57 14
3 6 41 16
3 6 55 16
4 6 63 17
4 6 69 18
1 6 31 19
2 8 35 19
8 6 37 18
4 8 41 17
1 6 57 18
1 6 47 19
3 10 55 18
3 8 61 20
2 6 69 21
8 6 51 22
2 6 11 23
6 10 45 22
4 6 45 21
8 6 57 20
7 6 57 19
5 6 45 22
7 12 59 20
5 10 55 21
4 8 59 23
1 6 59 20
8 6 67 23
6 6 3 24
5 8 5 24
6 8 33 23
6 8 59 26
2 8 67 29
5 6 33 24
8 8 37 23
6 6 45 23
7 6 41 25
4 6 39 24
2 6 19 26
7 6 7 27
1 8 5 29
4 10 21 27
4 10 27 29
4 8 9 27
8 6 23 26
8 6 61 25
5 6 49 26
1 6 21 29
4 8 41 28
5 6 13 30
3 6 31 30
2 8 35 30
3 6 41 28
6 6 49 31
7 6 51 31
5 6 1 32
5 8 49 31
2 6 67 31
3 6 3 32
3 8 23 31
7 8 31 33
6 8 61 32
1 8 29 33
8 6 41 30
6 6 29 32
3 6 39 32
4 8 47 31
7 6 53 31
4 6 7 33
5 10 51 33
8 8 21 34
1 6 45 31
8 6 9 35
7 8 49 36
7 6 7 36
4 8 43 38
6 6 7 37
8 8 39 38
1 6 11 36
1 6 55 37
8 6 17 38
3 6 33 39
6 8 35 39
5 8 43 41
1 6 9 40
2 6 25 40
8 6 3 41
3 8 17 40
6 8 43 41
7 6 11 41
2 8 47 40
6 8 57 41
6 6 3 42
3 6 29 41
6 8 45 39
3 6 43 41
8 6 29 42
5 6 31 41
4 6 43 41
4 6 17 43
8 8 15 43
5 8 15 44
7 8 53 43
7 6 41 41
2 6 7 44
7 8 13 45
7 8 37 44
2 6 1 47
7 10 25 45
3 8 33 47
8 8 29 47
3 6 1 46
6 6 25 49
4 6 27 48
2 6 45 51
1 6 88 58
6 19 34 80
7 2 15 5
2 8 19 5
6 4 1 5
5 2 1 6
6 2 1 6
3 18 9 4
6 10 11 5
8 6 29 4
5 10 27 4
5 4 11 3
3 10 33 1
6 2 1 3
3 8 15 2
7 8 15 1
4 10 3 2
2 2 23 1
7 2 25 1
6 6 13 1
6 4 5 3
4 16 17 1
1 2 5 35
1 2 25 35
2 2 27 35
5 4 27 34
3 4 25 36
6 2 25 37
7 20 23 33
7 2 1 37
2 8 25 33
7 2 1 40
4 14 21 35
5 8 9 39
2 8 19 38
4 8 29 39
2 4 1 38
8 10 37 36
3 2 21 37
2 2 25 37
6 2 1 37
7 6 21 4
6 6 19 4
8 6 19 4
8 6 21 4
4 6 9 6
1 6 19 5
3 6 23 8
4 6 27 6
4 6 23 32
4 8 41 31
2 6 49 30
8 6 35 31
7 6 39 30
3 8 37 30
2 6 37 28
5 6 37 30
2 6 1 35
8 16 17 36
5 6 1 36
7 4 3 37
4 10 1 35
2 2 21 50
4 2 9 50
1 7 49 50
3 6 9 40
7 11 15 50
3 6 34 93
6 7 70 94
2 6 43 50
4 6 14 51
7 6 2 84
4 8 79 94
7 4 3 9
8 4 7 7
7 8 9 7
3 8 13 6
1 10 7 7
1 2 9 6
2 10 7 6
6 6 5 7
1 8 11 8
3 6 37 7
5 8 17 9
8 2 17 7
6 6 19 7
1 2 15 6
4 2 17 6
3 2 1 6
3 18 11 6
2 4 47 22
4 6 15 10
3 2 13 11
8 10 11 11
7 6 33 11
3 6 33 13
7 2 35 12
1 12 35 11
5 6 35 9
4 8 47 21
1 4 29 9
8 4 31 12
2 2 31 9
7 2 33 9
3 2 1 12
6 16 29 9
2 6 27 10
6 4 1 15
3 6 23 11
8 6 25 10
5 12 29 11
3 4 7 14
4 8 27 12
4 4 15 15
5 2 1 18
2 8 13 15
2 6 9 16
1 12 19 16
4 2 5 19
1 10 3 17
7 6 19 14
4 6 37 13
8 6 17 14
2 6 19 15
1 6 23 16
6 8 45 18
6 4 11 16
5 2 15 17
4 10 13 15
8 4 1 18
7 6 21 13
6 8 25 16
6 4 17 17
7 8 35 16
6 2 39 20
8 2 41 20
5 12 35 19
7 4 2 52
8 6 35 19
4 6 39 20
7 2 41 21
1 10 39 21
7 6 39 20
7 8 73 51
5 5 5 50
7 7 5 49
4 6 3 48
1 4 1 47
8 9 9 48
6 7 5 50
4 2 1 17
2 4 13 17
3 10 9 16
7 8 7 18
6 2 19 18
4 4 5 16
6 2 21 20
4 14 19 17
1 4 5 16
7 8 15 14
2 2 13 17
1 6 23 13
5 10 15 16
5 4 3 16
7 2 13 16
1 10 11 15
5 6 5 18
7 2 19 21
2 4 19 19
8 2 1 23
3 2 21 23
3 2 7 24
5 20 17 19
1 2 3 18
3 8 1 18
1 6 15 19
1 2 11 26
4 4 13 24
2 2 13 26
3 4 7 27
6 2 13 28
8 6 33 22
5 18 11 24
1 6 9 23
7 6 23 21
1 2 19 23
4 12 21 22
4 4 1 26
5 8 27 23
8 6 9 28
7 4 9 30
3 6 29 24
6 10 27 26
8 2 39 27
6 4 33 28
1 12 35 26
4 6 9 27
6 4 7 31
3 2 11 28
6 2 11 31
2 16 9 28
8 4 5 26
8 10 29 25
5 6 9 31
3 6 25 24
2 6 21 24
3 2 23 24
4 6 25 25
1 2 25 24
4 4 3 23
1 2 25 27
3 4 23 28
5 2 27 27
7 24 19 22
2 6 25 27
5 6 23 27
3 8 19 31
4 4 11 22
2 2 1 23
3 10 7 22
8 4 11 21
6 10 11 21
8 4 9 22
1 2 1 23
7 6 11 21
2 6 19 19
2 10 3 22
1 4 3 26
5 6 1 23
4 2 17 28
8 4 19 27
2 2 1 29
2 16 15 25
4 2 13 27
7 8 7 29
3 2 15 29
8 2 17 29
1 18 15 25
6 6 1 24
1 6 11 31
6 2 3 32
8 8 3 31
1 2 3 42
1 8 31 40
2 4 3 40
3 10 1 41
6 4 5 41
7 6 21 39
7 8 3 41
2 4 23 38
1 6 23 37
5 8 21 39
7 4 29 37
6 2 31 38
3 10 29 36
6 6 19 39
6 2 1 42
8 4 7 45
8 10 17 41
3 6 7 44
2 2 3 45
4 2 3 45
1 2 19 45
2 14 15 43
1 2 3 45
4 6 7 44
8 4 1 45
6 10 13 45
1 6 3 45
4 8 13 46
1 6 11 46
3 6 7 49
5 6 13 48
4 2 1 49
3 8 17 47
1 2 6 83
3 8 6 81
2 4 41 80
6 4 12 81
4 10 38 80
5 4 6 75
6 3 33 77
6 10 47 74
3 9 52 75
6 2 4 74
2 2 5 80
4 13 73 73
4 6 33 75
8 2 41 72
3 13 40 72
5 7 68 76
2 7 31 77
2 6 6 78
7 8 42 78
3 6 30 77
4 4 8 72
8 7 9 72
5 4 11 75
7 7 43 71
1 9 10 73
4 3 6 73
2 7 40 72
7 8 31 72
8 4 61 73
1 7 68 73
5 5 49 72
8 4 55 68
1 4 62 75
5 12 61 69
1 5 44 54
7 5 28 61
2 3 17 60
8 8 34 60
6 2 38 60
5 9 37 59
1 2 65 59
7 8 64 57
7 2 26 58
6 2 1 54
4 11 80 54
6 6 79 61
1 5 73 54
4 5 46 56
4 5 47 67
7 3 39 62
1 8 82 62
7 5 56 66
6 5 2 76
1 2 5 80
3 9 18 76
5 5 46 75
8 5 30 79
1 5 17 80
7 6 57 81
7 3 17 85
8 8 65 83
7 2 9 85
7 6 39 83
3 8 16 84
1 5 27 82
5 5 31 80
3 5 49 85
3 5 85 85
6 6 20 94
7 3 6 60
8 3 18 65
5 8 53 59
8 3 24 68
7 3 11 68
8 7 45 68
8 4 3 63
5 3 27 70
4 3 9 72
1 2 5 63
4 2 28 71
4 2 2 73
8 14 26 63
7 3 2 63
4 4 16 62
5 8 16 62
5 3 9 64
3 6 37 63
8 3 1 69
7 5 46 59
6 8 29 64
8 5 42 64
6 4 10 62
1 4 17 60
5 8 70 62
8 3 18 61
3 8 16 60
8 3 7 87
3 6 21 87
6 7 14 84
6 5 16 62
3 5 22 60
6 5 33 61
4 5 49 65
2 5 10 67
8 6 49 67
2 5 29 66
8 5 15 71
8 5 34 69
1 5 31 74
3 6 28 84
5 2 41 57
7 3 4 57
1 8 41 56
1 2 28 66
3 7 29 64
4 5 62 64
8 6 68 63
4 2 60 66
8 4 28 63
2 3 61 66
6 2 61 65
6 2 62 65
8 2 61 68
3 12 60 65
1 3 31 64
4 7 47 64
2 2 5 89
5 7 34 87
5 5 77 89
2 6 77 87
2 6 62 90
6 4 27 1
8 2 23 1
7 2 5 2
1 10 21 1
4 4 11 3
6 8 31 1
7 6 15 1
4 6 5 2
1 6 7 1
4 6 13 2
7 2 21 1
5 10 19 1
7 4 15 1
7 2 19 1
8 14 15 1
4 2 1 1
8 8 3 1
2 4 7 1
2 6 9 1
4 6 7 1
5 10 3 1
3 6 1 1
3 4 3 3
6 6 9 3
7 4 3 6
7 6 9 6
4 4 29 8
3 2 1 9
8 8 29 7
1 2 1 8
7 8 15 7
5 4 17 11
8 2 5 11
4 2 1 9
2 2 17 12
6 12 13 9
4 4 17 12
8 2 19 12
5 10 15 12
4 2 11 10
2 8 11 8
6 4 1 11
4 6 5 10
7 8 9 11
4 6 9 13
2 4 15 14
2 2 11 15
8 10 13 13
6 2 11 13
3 8 9 12
5 6 7 13
8 4 1 17
4 6 7 17
8 2 5 17
2 14 3 16
6 6 5 18
7 4 1 23
3 6 9 24
4 4 7 33
2 2 9 34
3 8 5 34
7 8 3 33
7 4 15 34
5 10 15 32
5 4 5 33
5 2 7 33
8 8 5 33
1 4 9 39
4 2 7 38
2 8 5 38
5 4 7 41
2 6 9 41
6 6 7 39
4 2 13 42
1 8 7 42
3 4 11 38
7 6 13 37
6 2 11 37
5 8 11 36
3 2 9 35
3 2 11 35
5 2 5 35
1 12 3 35
4 4 5 35
7 2 1 38
2 8 11 35
3 4 1 35
3 4 3 37
1 2 9 37
6 2 11 37
1 2 13 37
4 16 7 34
1 4 1 38
6 6 7 33
8 8 3 37
1 4 3 39
3 2 5 40
2 2 1 42
4 10 3 39
5 4 7 47
4 6 5 48
1 4 3 49
2 7 7 47
4 3 10 50
1 7 11 50
6 2 3 49
3 7 1 49
2 2 33 55
5 7 44 52
8 4 5 55
6 4 43 59
5 3 2 60
2 5 48 52
5 8 56 55
3 2 1 54
2 3 37 52
6 2 19 50
4 9 45 50
3 4 5 57
7 2 15 58
4 6 6 53
4 5 23 53
4 9 13 58
7 4 6 90
5 6 86 88
6 2 61 90
4 3 4 92
5 8 60 89
1 6 37 91
6 5 8 94
2 5 84 89
4 9 35 92
8 3 29 90
5 3 9 94
1 2 59 94
8 12 56 89
7 2 9 96
6 5 43 89
7 2 21 95
2 4 1 1
8 4 9 4
4 4 11 4
4 4 7 5
5 4 5 5
8 4 5 4
2 6 5 3
4 4 15 3
3 4 13 4
5 4 5 5
7 4 29 7
1 4 5 11
8 4 5 10
2 4 5 12
3 4 3 15
4 4 1 18
7 4 1 18
1 4 3 19
8 4 5 19
5 4 11 19
2 4 5 20
5 4 5 21
6 4 11 24
3 4 5 28
6 4 5 28
4 4 5 27
8 4 11 29
4 4 19 31
2 4 27 32
2 4 3 34
1 4 1 35
8 4 5 36
7 4 3 36
6 4 1 37
2 4 1 36
7 4 3 41
3 4 7 40
4 4 13 41
3 4 17 41
7 4 7 42
8 6 9 41
8 4 17 41
8 4 5 44
3 4 7 45
2 4 1 46
5 4 9 46
7 4 13 45
1 4 7 46
8 8 5 46
4 4 5 45
5 4 1 47
7 4 15 47
2 4 8 50
5 2 40 51
6 9 40 49
4 4 15 50
5 5 18 49
1 4 29 50
5 5 34 50
8 5 66 49
6 4 62 51
4 4 32 54
2 4 61 54
8 4 17 57
4 4 34 56
3 4 35 58
4 4 32 59
6 4 34 65
7 4 24 68
5 4 57 67
5 4 58 64
2 4 56 67
1 4 24 68
7 4 55 72
8 4 60 72
6 4 60 70
2 4 1 73
4 6 58 72
4 4 30 71
4 4 22 72
1 4 25 74
6 4 41 73
5 4 58 73
1 4 36 75
1 4 12 76
1 4 17 74
3 4 51 78
1 4 53 76
2 4 42 79
6 4 7 81
7 5 40 80
4 5 7 81
8 5 31 82
8 5 74 82
4 4 55 80
6 4 40 88
4 4 72 87
2 4 51 88
6 4 60 87
7 4 36 89
8 3 64 88
7 9 67 87
5 4 45 87
3 4 35 89
5 5 65 91
1 5 67 94
1 4 43 87
4 7 64 87
6 5 45 88
7 4 55 88
6 4 58 88
4 4 47 89
3 4 56 89
1 4 53 90
4 4 43 91
5 4 55 89
2 4 42 90
2 4 48 89
6 4 47 89
3 4 61 91
7 4 34 92
3 4 41 92
4 4 47 90
5 4 31 93
8 5 31 90
3 4 49 92
4 8 18 94
3 4 14 93
8 2 2 93
1 5 36 93
5 9 35 91
1 4 11 96
8 6 42 96
3 7 86 96
8 6 55 95
6 3 13 55
8 3 24 53
6 7 60 54
8 3 26 55
8 3 13 59
2 3 9 61
3 4 60 52
8 4 17 53
7 11 24 56
7 4 16 53
3 7 44 53
2 2 2 59
7 3 14 60
8 4 39 52
1 4 53 52
7 8 46 56
2 3 16 52
6 2 10 51
2 2 16 49
6 2 17 52
1 11 15 49
7 4 26 52
3 6 54 51
4 3 19 60
5 4 13 50
7 4 50 52
6 4 15 55
5 4 45 53
1 6 58 61
8 2 1 4
8 2 1 2
7 8 1 1
8 2 5 6
3 2 1 8
1 4 7 5
5 8 3 6
7 4 3 8
7 2 5 8
4 10 1 6
5 2 7 7
2 4 5 5
6 2 3 7
6 4 3 5
8 8 5 6
4 2 1 19
1 4 7 18
6 8 5 18
5 2 3 18
8 6 3 17
7 2 3 20
3 6 1 19
1 2 1 19
4 6 1 18
7 2 1 22
8 6 1 21
3 2 3 22
6 6 3 21
7 4 5 20
4 6 3 20
4 2 13 25
6 4 3 20
7 4 1 22
7 6 11 24
1 2 7 27
3 6 7 26
6 2 1 37
8 4 5 26
4 4 9 25
6 4 3 36
4 2 1 38
8 2 1 34
5 12 5 34
6 2 1 26
7 6 7 25
7 2 1 34
5 4 3 25
1 4 5 25
2 4 3 26
6 6 5 34
3 2 5 36
7 6 3 36
8 2 1 37
3 6 1 37
7 2 1 42
6 6 3 41
2 2 15 56
1 3 2 61
3 2 2 62
7 8 37 55
3 3 18 57
2 6 31 56
2 2 32 90
4 2 4 92
5 4 33 56
2 4 34 54
8 4 49 56
4 5 47 57
3 4 38 57
1 4 18 58
8 4 20 58
6 4 33 59
7 4 13 62
4 5 53 59
4 4 36 59
3 4 26 62
8 8 33 88
1 4 39 91
4 3 6 91
4 3 24 87
1 3 54 93
3 8 58 88
6 2 1 85
7 6 28 84
8 2 8 91
1 5 35 84
6 6 5 91
1 3 10 90
6 6 28 90
2 5 23 88
7 7 15 90
5 5 16 90
4 4 18 92
5 4 34 89
3 2 34 92
1 3 33 88
2 11 31 89
1 2 1 89
4 6 25 88
1 3 13 63
1 2 13 66
2 6 19 64
1 3 22 79
8 3 33 79
2 2 15 80
1 7 31 79
8 3 20 80
3 2 1 78
1 5 60 78
5 2 9 78
6 2 53 81
7 8 51 77
2 2 1 83
7 2 23 85
7 2 1 83
5 4 67 77
3 9 40 80
1 3 26 85
5 3 31 84
5 4 38 79
7 6 36 84
8 4 30 85
7 2 37 85
5 2 38 84
3 4 42 82
2 4 42 81
8 8 36 84
1 3 4 78
2 5 57 75
8 3 21 77
2 2 1 76
6 2 38 78
5 4 24 74
6 4 53 73
5 4 43 75
7 4 46 74
7 7 37 77
3 3 32 74
8 4 34 73
6 4 33 72
1 5 47 73
7 3 23 73
8 2 13 73
5 6 31 73
4 5 48 72
1 4 15 83
6 3 18 84
3 5 21 81
1 3 32 85
8 4 45 81
7 4 50 78
5 5 32 84
1 4 34 81
3 4 26 86
1 3 15 88
7 4 31 84
2 4 31 83
3 4 32 81
7 4 52 90
4 4 41 91
7 3 18 91
2 2 8 93
5 7 44 89
4 2 5 62
3 4 28 62
1 5 8 62
8 3 10 62
1 7 27 61
3 3 5 61
2 5 12 61
4 2 32 62
7 6 30 60
3 2 11 60
5 3 8 61
1 6 10 58
3 2 7 59
2 4 14 58
5 6 14 56
7 2 11 59
2 6 31 57
6 2 2 56
4 6 16 57
6 2 18 66
2 2 36 66
1 7 35 64
6 5 23 65
8 2 5 66
1 8 20 64
2 2 23 66
1 4 40 64
6 5 45 63
1 4 49 63
3 4 46 64
5 10 27 65
5 2 12 71
2 4 30 65
4 4 52 63
4 6 25 67
7 2 7 72
4 4 29 67
3 6 35 70
1 2 36 75
8 2 36 78
4 3 7 78
6 2 36 78
4 11 36 74
2 4 8 76
2 4 29 70
2 2 22 71
8 8 32 68
4 4 39 68
5 4 22 70
3 4 24 68
2 4 50 71
6 6 31 75
4 3 9 78
8 3 30 77
1 6 28 77
3 3 6 77
3 5 40 75
2 4 26 78
6 2 14 70
8 5 20 70
3 3 37 70
1 2 42 67
2 7 41 68
4 2 1 83
2 5 11 83
6 3 23 80
7 5 26 81
2 6 28 78
4 3 51 80
3 5 50 79
6 4 30 79
8 2 17 88
6 5 16 87
5 4 15 89
2 2 8 90
6 3 25 90
3 6 23 89
2 3 3 43
8 2 3 44
5 6 1 45
4 2 7 47
2 6 25 45
7 3 4 47
5 2 4 46
4 6 22 45
8 2 16 47
6 5 34 48
8 3 20 47
8 7 36 45
4 4 8 44
1 4 19 46
4 3 32 44
8 3 39 44
5 3 40 44
3 3 44 44
5 3 30 46
6 2 2 45
3 5 31 46
1 4 30 45
4 4 31 46
3 4 30 46
1 2 4 46
1 2 15 45
7 6 14 45
6 5 15 44
2 5 3 47
3 3 1 52
6 2 28 48
8 6 49 49
1 2 1 47
3 5 3 46
4 2 3 52
3 5 35 50
1 2 33 53
5 5 33 52
2 2 24 52
7 5 32 52
7 3 22 45
3 3 34 44
4 3 20 46
3 3 10 47
1 3 13 47
2 4 18 46
8 4 44 49
6 3 17 49
6 4 36 51
2 4 36 50
5 3 39 49
2 2 42 49
7 5 42 49
5 3 12 51
6 3 23 51
4 6 38 51
3 2 6 51
2 2 9 54
3 6 37 52
6 5 18 50
1 2 9 52
1 7 34 50
6 3 33 52
5 2 3 50
1 2 33 49
1 2 34 50
2 8 32 50
7 3 32 53
5 3 37 57
6 6 37 53
3 2 4 57
3 4 36 54
8 6 35 55
7 4 14 57
5 2 22 58
3 2 7 54
1 7 30 54
3 3 36 49
4 3 30 50
3 3 10 51
2 2 13 54
1 5 22 52
5 2 10 55
3 5 20 53
4 4 25 55
4 3 18 50
2 3 20 51
7 3 6 52
8 3 17 51
6 3 15 55
2 3 16 54
2 3 7 60
7 3 17 58
1 3 17 58
2 3 27 58
3 3 28 61
3 3 32 61
2 4 53 63
4 3 27 63
2 2 24 62
5 5 23 63
7 4 30 61
7 3 40 64
8 2 22 64
1 2 25 67
4 4 38 62
8 7 40 63
1 3 37 63
2 3 37 63
7 3 22 64
5 2 18 66
6 5 34 64
2 3 22 63
8 4 25 64
8 3 34 61
4 3 31 62
6 3 41 64
7 3 24 65
1 3 37 63
7 3 30 64
6 3 23 66
6 3 28 67
2 3 32 69
5 3 32 69
1 7 33 68
3 4 35 67
5 2 11 69
3 2 18 66
7 6 33 67
1 4 30 68
7 4 29 67
6 3 32 64
7 3 34 62
3 3 31 63
5 3 33 64
3 3 26 67
7 3 19 68
7 2 2 70
2 5 27 67
8 3 28 69
5 3 26 71
3 2 49 72
1 5 52 72
7 3 25 71
8 3 27 71
5 3 4 72
1 6 24 72
2 4 3 72
6 4 20 73
5 2 30 79
8 5 30 76
4 4 46 79
8 4 45 79
5 3 15 71
5 3 39 72
3 3 13 73
2 4 25 73
1 4 13 74
4 5 22 72
4 3 6 74
3 5 20 73
7 4 28 73
6 2 6 73
1 2 28 73
4 4 29 72
8 2 28 72
6 9 28 72
5 4 27 73
7 2 11 74
8 2 3 78
2 6 15 74
6 3 25 70
2 3 14 71
7 2 12 74
8 5 13 72
1 3 27 71
8 3 30 70
6 3 26 74
5 3 16 75
4 3 28 75
2 3 29 75
1 3 28 75
6 2 31 78
7 2 32 75
8 6 31 75
8 3 39 76
3 3 39 76
1 3 14 77
5 3 40 79
5 2 50 81
4 3 37 80
2 6 47 81
1 3 38 80
5 2 13 81
3 5 36 81
2 3 39 80
6 3 36 82
4 3 11 83
3 2 10 82
8 2 17 81
4 6 15 80
2 3 19 82
7 3 20 80
1 3 1 84
8 2 1 79
4 8 20 80
5 4 20 83
6 3 14 78
2 3 12 79
5 4 11 80
1 3 12 83
3 2 3 84
8 6 12 81
7 3 24 79
6 3 10 85
7 2 9 86
3 5 9 85
4 2 3 85
7 2 1 87
3 6 13 83
2 3 4 85
7 3 8 83
2 3 6 88
8 2 7 91
7 6 21 88
6 3 3 91
6 4 29 91
5 3 40 89
2 7 40 88
8 2 9 93
8 6 27 89
3 3 32 86
2 3 4 90
8 2 54 92
6 5 51 92
8 3 10 89
2 3 24 89
1 3 32 89
8 2 1 1
4 2 1 1
6 2 1 1
5 2 1 1
3 4 1 1
5 2 1 4
1 8 1 1
6 4 5 3
2 4 5 3
4 4 3 4
6 4 1 4
5 2 1 3
5 6 5 2
3 2 1 1
8 2 1 1
4 2 1 1
6 2 1 1
7 2 1 1
3 2 1 1
8 2 1 1
4 2 1 1
1 2 1 1
7 2 1 1
5 2 1 1
2 2 1 1
3 4 1 1
8 2 1 1
1 2 1 1
5 2 1 1
4 2 1 1
8 2 1 1
1 2 1 1
6 2 1 1
8 2 1 1
3 2 1 1
2 2 1 1
1 4 1 1
2 2 1 1
7 2 1 1
7 2 1 3
6 6 1 1
3 2 1 1
1 2 1 1
4 2 1 1
2 2 1 1
3 2 1 1
8 2 1 1
2 2 1 1
5 2 1 1
8 2 1 1
1 2 1 1
2 2 1 1
5 2 1 1
8 2 1 1
8 2 1 3
3 6 1 1
7 4 3 1
8 2 1 1
4 2 1 1
1 2 1 1
6 2 1 1
5 2 1 1
1 2 1 1
7 2 1 1
8 2 1 1
6 2 1 1
3 4 1 1
6 2 1 1
7 2 1 4
4 8 1 1
8 2 1 1
6 2 1 1
2 2 1 1
7 2 1 1
5 2 1 1
6 4 3 1
8 4 5 1
4 2 1 1
7 2 1 1
3 2 1 1
1 2 1 1
2 2 1 1
3 2 1 1
6 2 1 1
8 2 1 1
6 2 1 1
1 2 1 1
5 2 1 1
4 2 1 1
1 2 1 1
7 2 1 1
2 2 1 1
3 2 1 1
6 2 1 1
7 2 1 1
5 2 1 1
3 2 1 1
2 2 1 1
1 2 1 1
8 2 1 1
5 2 1 1
2 2 1 1
4 4 1 1
6 2 1 1
7 2 1 1
5 2 1 1
3 2 1 1
4 2 1 1
3 2 1 1
5 2 1 1
6 2 1 1
1 2 1 1
2 2 1 1
6 2 1 1
8 2 1 1
7 2 1 1
3 2 1 1
2 2 1 1
6 2 1 1
1 4 1 1
3 2 1 1
8 2 1 1
1 4 1 1
8 2 1 1
4 2 1 1
5 2 1 1
3 4 1 1
6 2 1 1
1 2 1 1
4 2 2 1
7 3 3 2
1 3 27 1
7 3 21 2
7 2 12 1
6 2 22 1
1 2 27 1
4 2 36 1
3 2 7 2
7 2 9 1
6 3 16 2
5 3 15 4
2 2 16 2
1 2 17 2
7 3 18 1
8 2 17 1
5 3 16 1
3 2 17 1
8 2 16 1
2 2 18 2
4 3 16 3
6 2 18 2
3 2 11 3
8 2 13 2
1 2 13 3
2 3 13 3
6 3 13 4
6 2 15 2
2 2 2 4
8 2 11 3
2 2 7 4
6 3 7 4
5 2 7 3
4 2 7 2
8 2 8 1
5 2 2 5
8 4 3 5
7 2 6 5
7 2 8 5
7 3 14 5
1 3 13 5
6 2 2 6
4 3 1 7
2 3 3 7
1 3 6 8
2 3 18 7
8 3 17 7
5 2 7 6
6 2 11 5
3 3 10 6
7 4 15 6
1 2 18 5
7 2 19 5
3 2 7 6
8 3 10 7
4 4 9 7
6 3 16 5
1 3 12 6
4 4 14 5
6 2 11 7
5 5 12 5
6 3 22 9
5 3 31 10
4 2 8 5
1 2 7 5
8 2 8 5
5 3 7 6
2 2 8 5
3 2 7 6
2 3 6 7
1 2 7 8
8 2 6 11
2 7 7 7
8 3 6 7
3 3 18 9
3 2 6 7
8 2 4 8
4 2 5 7
7 2 6 6
2 2 10 9
4 2 11 9
6 2 10 9
3 2 10 9
5 2 9 9
6 3 9 9
7 2 9 10
2 4 20 10
1 2 10 10
8 2 9 11
7 2 10 10
6 2 28 12
3 2 27 12
6 3 29 12
6 2 19 13
7 2 27 12
5 2 26 12
1 2 20 13
3 2 20 12
7 2 23 11
7 2 21 12
6 2 6 14
8 3 18 13
3 3 12 14
2 2 18 12
4 2 20 11
2 2 20 10
8 2 17 12
3 3 19 11
4 2 20 13
2 2 22 13
7 2 22 13
5 2 12 14
1 2 20 13
3 2 24 13
5 4 24 13
6 3 23 15
2 2 24 13
1 2 17 14
2 2 21 13
8 2 17 14
4 2 2 15
5 3 13 14
8 2 6 17
8 2 11 14
6 7 12 14
5 4 23 17
7 3 6 16
3 4 16 17
4 3 24 17
1 3 13 18
2 2 12 15
3 3 12 14
7 3 11 15
6 3 21 16
2 3 28 17
8 2 14 13
8 2 9 16
4 2 10 15
1 2 9 15
3 2 9 16
7 2 9 15
1 3 9 16
8 2 6 20
4 5 14 17
8 5 13 20
3 3 11 18
6 2 12 18
5 6 10 17
8 4 10 17
7 3 9 19
2 5 8 17
8 4 29 20
6 3 16 17
1 3 10 18
4 4 22 20
6 2 20 20
6 2 9 22
3 7 19 20
7 2 16 25
2 5 16 23
2 2 6 25
2 6 18 23
8 3 17 18
6 3 22 21
4 3 16 23
7 3 29 25
7 3 30 24
3 3 28 25
3 2 10 17
2 3 13 18
7 3 14 16
1 3 12 18
4 2 11 16
7 2 2 18
2 2 2 19
1 2 1 19
5 4 10 18
7 3 3 18
6 3 4 17
5 3 3 17
4 2 12 20
6 3 12 21
8 3 18 20
3 3 14 21
5 3 18 22
6 3 13 23
4 4 20 23
2 2 15 20
5 2 14 20
7 3 15 20
3 2 10 21
1 3 10 20
4 2 9 20
6 2 10 21
7 2 13 22
1 2 15 22
2 2 11 23
8 2 13 23
5 2 12 23
3 2 12 23
5 3 17 24
4 3 19 26
7 3 19 25
1 3 24 26
7 3 35 28
4 2 11 24
1 3 11 23
8 2 10 23
3 2 22 24
5 2 5 25
6 4 4 25
8 4 18 24
8 3 9 24
5 3 24 27
7 2 5 25
1 2 14 26
3 5 13 24
2 4 13 24
5 3 7 24
2 2 7 24
7 5 7 23
3 2 5 24
4 2 2 26
6 3 17 26
1 2 2 26
3 2 3 25
6 2 4 25
3 2 4 26
1 2 3 26
6 2 5 26
2 2 26 28
8 2 32 28
6 2 14 29
7 3 13 30
8 2 14 29
2 3 19 28
5 2 18 28
5 2 14 30
3 3 20 31
7 2 15 30
6 3 16 31
3 2 15 29
4 2 1 32
5 3 10 31
5 3 11 30
3 3 10 31
8 2 3 32
4 3 22 32
4 2 8 31
8 3 13 30
6 2 12 30
1 2 3 32
6 3 2 33
7 3 5 31
4 3 30 32
5 3 1 34
4 3 22 35
6 3 27 33
8 2 6 30
5 2 5 30
8 2 7 29
4 3 7 28
2 2 9 27
4 2 10 26
2 2 17 28
6 2 18 28
3 2 19 28
8 2 3 32
7 2 14 32
5 3 18 33
1 2 16 32
5 3 21 32
2 3 16 33
7 4 26 33
8 3 14 34
8 2 16 32
4 2 19 32
5 2 20 32
8 2 22 32
7 2 12 33
4 3 11 34
1 3 12 32
8 2 11 32
3 3 11 32
4 2 10 33
5 3 9 33
2 3 12 33
3 5 14 32
6 4 11 32
1 2 10 32
5 2 10 31
4 2 13 32
5 2 18 34
1 2 1 35
7 3 15 35
8 2 10 34
6 2 12 33
4 2 12 35
7 2 14 34
4 2 13 35
1 2 15 36
1 3 21 36
1 3 22 37
8 3 22 37
7 3 20 38
3 2 26 36
2 2 13 37
5 3 13 37
6 2 20 36
1 2 23 37
8 2 5 38
4 3 20 37
4 2 5 37
8 3 19 38
4 2 11 36
3 3 16 36
2 4 15 36
2 2 7 37
8 2 6 37
4 2 9 37
6 2 8 37
1 5 8 36
2 2 12 35
5 2 12 34
7 2 10 36
3 2 10 36
3 2 7 37
6 2 7 36
5 2 7 37
3 2 5 39
6 3 30 39
1 3 28 39
7 2 9 39
6 3 9 39
1 3 10 40
7 2 12 38
8 2 10 39
6 3 11 40
8 2 22 39
6 2 26 39
6 2 1 40
4 2 4 39
2 3 8 40
3 2 12 38
6 2 4 39
5 2 9 38
1 2 8 39
1 2 4 40
8 2 6 39
7 2 5 39
1 3 7 38
6 2 6 38
4 2 8 39
8 2 10 39
5 2 4 40
4 3 4 39
2 3 4 39
5 3 4 38
4 2 6 37
1 2 3 38
1 2 3 40
6 2 3 40
5 2 2 40
4 2 7 42
5 2 8 42
5 3 12 43
4 2 8 42
4 2 1 43
6 3 20 43
5 5 24 43
6 3 30 47
2 4 29 48
8 2 3 42
6 2 3 42
2 3 12 43
6 2 4 42
5 3 38 43
7 5 36 43
4 3 28 43
7 2 5 41
8 2 6 43
4 3 20 44
8 3 26 43
1 3 19 46
6 3 19 47
3 3 25 47
1 3 26 45
8 4 23 47
8 2 8 43
2 3 23 43
8 3 20 44
4 2 9 43
2 2 13 44
2 2 22 43
6 3 20 44
8 2 20 43
1 3 29 44
3 2 20 43
6 2 23 43
8 3 29 44
7 2 16 44
8 4 22 43
3 2 21 43
2 2 21 43
8 2 20 44
4 2 5 45
7 3 24 44
5 2 5 44
4 3 7 44
2 2 1 46
6 5 6 45
5 4 49 49
1 2 16 48
1 4 29 47
3 2 7 43
7 3 7 43
1 2 7 42
1 3 15 43
6 3 14 44
6 2 6 43
6 2 9 45
2 3 19 46
7 2 9 45
4 2 4 48
5 4 17 46
5 2 2 47
7 4 16 46
7 2 12 47
3 3 15 46
4 4 11 47
6 3 11 49
4 4 12 47
8 4 18 48
1 2 12 47
1 2 11 50
4 2 14 46
4 5 17 47
2 2 13 49
5 2 11 48
5 2 6 49
1 2 8 48
1 2 13 48
3 3 27 49
7 4 13 48
6 2 12 47
2 2 11 47
3 2 7 48
3 2 10 49
3 2 13 49
2 2 28 49
